0 18 22
0 27 6
0 30 12
0 31 26
0 35 18
0 36 20
0 53 30
0 55 18
0 61 6
0 80 38
0 145 1
0 147 27
0 162 43
0 176 15
0 213 20
0 247 34
0 262 24
0 268 36
1 120 18
1 149 2
1 158 2
1 165 2
1 252 4
1 257 2
1 268 35
1 272 30
2 13 1
2 17 20
2 85 4
2 104 19
2 123 21
2 128 12
2 130 5
2 133 13
2 153 7
2 161 15
2 168 25
2 175 7
2 209 20
2 211 21
2 256 35
3 16 3
3 19 25
3 164 11
3 185 21
3 197 12
3 231 23
3 242 16
3 261 39
3 262 5
3 277 7
4 10 2
4 91 26
4 101 22
4 141 3
4 164 30
4 193 5
4 197 3
4 201 7
4 206 15
4 214 4
4 232 2
4 276 21
4 279 16
5 3 8
5 9 5
5 81 1
5 102 7
5 108 1
5 112 3
5 161 17
5 169 1
5 210 18
5 226 9
6 28 29
6 36 6
6 39 9
6 48 7
6 50 2
6 56 21
6 93 4
6 104 17
6 132 17
6 144 6
6 145 12
6 148 4
6 160 21
6 176 2
6 177 21
6 191 22
6 257 4
6 268 27
7 0 1
7 21 7
7 29 12
7 88 27
7 166 12
7 172 14
7 190 29
7 191 33
7 214 7
7 219 14
7 226 16
7 229 21
7 241 20
7 247 6
7 255 45
8 17 12
8 32 13
8 81 5
8 98 5
8 123 24
8 137 26
8 157 5
8 170 8
8 173 10
8 186 27
8 213 44
9 2 1
9 5 26
9 80 15
9 102 8
9 108 9
9 112 47
9 115 5
9 138 8
9 161 7
9 210 18
9 257 1
9 262 13
9 280 32
10 16 4
10 45 4
10 82 1
10 125 3
10 183 9
10 221 10
10 222 17
10 258 9
11 14 3
11 29 8
11 36 9
11 51 2
11 73 32
11 78 2
11 110 12
11 145 19
11 160 17
11 163 25
11 186 19
11 189 4
11 202 15
11 207 32
11 257 19
11 266 18
11 270 45
11 278 20
12 0 7
12 6 4
12 21 7
12 39 8
12 40 5
12 47 25
12 65 7
12 79 2
12 89 15
12 96 1
12 111 4
12 135 12
12 149 23
12 150 17
12 212 15
12 245 8
12 268 17
13 2 4
13 17 16
13 104 11
13 128 35
13 133 12
13 161 8
13 186 29
13 209 27
13 211 7
13 236 48
13 241 8
14 11 16
14 31 10
14 63 3
14 73 42
14 85 4
14 110 35
14 115 19
14 145 14
14 148 5
14 163 11
14 189 8
14 202 8
14 203 14
14 204 7
14 241 7
14 269 14
15 12 2
15 23 10
15 40 15
15 66 42
15 79 9
15 92 3
15 94 1
15 105 22
15 131 32
15 141 32
15 205 1
15 224 40
16 3 3
16 19 16
16 112 10
16 185 5
16 221 13
16 231 6
16 267 5
17 19 27
17 32 28
17 37 4
17 98 5
17 104 15
17 128 17
17 161 6
17 209 9
18 12 2
18 20 21
18 29 8
18 46 9
18 49 7
18 64 22
18 84 2
18 167 23
18 192 1
18 198 3
18 246 2
19 185 2
19 193 3
19 231 14
19 261 12
19 274 5
20 7 10
20 10 13
20 16 23
20 18 15
20 21 5
20 47 2
20 50 4
20 65 5
20 126 23
20 155 13
20 172 10
20 198 9
20 203 10
20 206 20
20 244 8
20 246 21
20 251 5
20 264 15
21 13 19
21 52 17
21 58 22
21 59 27
21 81 25
21 90 13
21 96 6
21 98 23
21 145 11
21 155 17
21 168 10
21 187 1
21 194 12
21 200 17
21 247 5
21 251 29
21 261 14
22 16 3
22 19 16
22 59 1
22 77 2
22 114 1
22 183 7
22 188 11
22 197 3
22 242 5
22 267 9
23 40 21
23 54 9
23 65 14
23 66 16
23 78 15
23 79 21
23 131 16
23 150 13
23 192 10
23 203 51
23 211 14
23 224 18
24 12 1
24 42 14
24 49 15
24 103 20
24 105 25
24 216 32
24 217 18
24 235 1
24 243 39
24 255 6
24 264 25
24 280 41
25 14 20
25 33 2
25 45 10
25 50 18
25 51 12
25 57 21
25 69 18
25 71 19
25 115 13
25 116 16
25 117 5
25 133 7
25 225 38
25 229 10
25 232 30
25 245 18
25 265 31
25 273 53
26 32 13
26 58 10
26 97 13
26 98 2
26 112 5
26 137 1
26 153 6
26 155 6
26 174 18
26 186 2
26 213 5
27 0 4
27 3 3
27 14 19
27 24 29
27 26 22
27 30 14
27 31 5
27 35 14
27 41 10
27 53 40
27 64 10
27 147 33
27 162 12
27 181 29
27 234 43
27 237 14
27 247 19
27 250 49
28 56 9
28 58 38
28 79 9
28 124 13
28 148 1
28 155 1
28 160 5
28 168 7
28 176 15
28 177 6
28 270 22
28 280 41
29 21 4
29 33 6
29 38 5
29 46 5
29 64 29
29 78 7
29 84 17
29 111 12
29 147 11
29 167 1
29 192 12
29 201 13
30 0 8
30 27 2
30 35 3
30 53 28
30 86 16
30 108 16
30 114 12
30 144 14
30 146 21
30 147 17
30 162 9
30 176 18
30 188 12
30 244 9
30 247 28
30 275 32
31 0 2
31 2 9
31 27 8
31 30 14
31 32 14
31 53 10
31 104 4
31 155 8
31 183 1
31 247 26
31 259 4
31 261 2
32 58 45
32 87 13
32 137 9
32 153 18
32 157 3
32 186 25
32 213 5
33 11 4
33 25 8
33 45 8
33 51 9
33 57 22
33 71 2
33 106 12
33 117 22
33 132 36
33 192 6
33 193 37
33 201 18
33 225 47
33 248 23
33 273 39
33 278 40
34 48 1
34 86 8
34 118 17
34 121 5
34 136 10
34 139 13
34 166 7
34 182 26
34 187 31
34 195 21
34 198 21
34 201 10
34 246 6
35 0 8
35 14 1
35 30 11
35 31 15
35 53 11
35 66 6
35 116 22
35 147 11
35 151 18
35 162 22
35 167 5
35 176 11
35 183 7
35 203 24
35 247 23
36 6 11
36 7 33
36 25 7
36 28 25
36 29 18
36 56 49
36 100 6
36 148 37
36 152 12
36 154 47
36 160 32
36 176 51
36 177 12
36 181 27
36 207 36
36 234 46
37 8 4
37 26 3
37 58 2
37 153 7
37 173 1
37 215 12
37 218 2
37 230 17
37 256 1
38 8 22
38 13 8
38 18 15
38 26 21
38 37 15
38 97 6
38 98 6
38 153 58
38 177 19
38 186 16
38 255 15
38 269 12
39 1 5
39 12 12
39 47 13
39 65 5
39 84 9
39 145 16
39 203 17
39 226 3
39 245 38
39 257 19
39 271 36
39 280 52
40 15 12
40 46 11
40 54 12
40 61 4
40 78 16
40 79 15
40 84 16
40 131 28
40 151 19
40 213 6
40 224 7
40 235 13
40 238 2
40 245 10
40 246 24
40 274 37
41 11 6
41 14 21
41 55 3
41 56 1
41 70 8
41 73 40
41 80 10
41 110 7
41 130 4
41 145 11
41 163 25
41 189 8
41 202 17
41 204 27
41 270 26
42 24 2
42 105 16
42 216 19
42 243 2
42 245 1
42 265 26
42 278 29
43 70 14
43 80 11
43 87 21
43 138 5
43 173 10
43 213 9
43 215 26
43 230 3
43 248 15
43 256 5
43 281 39
44 10 14
44 59 17
44 62 15
44 67 3
44 74 19
44 99 12
44 109 3
44 125 17
44 138 30
44 183 19
44 184 8
44 197 5
44 232 15
44 263 13
44 274 24
45 14 2
45 25 7
45 29 9
45 46 8
45 71 2
45 91 12
45 117 3
45 144 9
45 200 12
45 208 11
45 218 4
45 235 5
45 263 10
46 18 13
46 29 20
46 49 10
46 64 52
46 84 20
46 96 26
46 148 27
46 167 9
46 192 26
46 205 2
46 225 25
46 228 33
46 268 43
46 273 45
46 280 32
47 39 3
47 65 6
47 66 23
47 68 30
47 96 6
47 122 10
47 150 11
47 201 16
47 219 17
47 234 31
47 245 35
47 246 7
47 265 36
48 60 5
48 85 2
48 104 5
48 174 34
48 178 43
48 190 13
48 193 31
48 194 47
48 251 1
48 258 47
49 42 20
49 96 12
49 103 3
49 105 2
49 111 1
49 208 4
49 212 10
49 216 6
49 243 25
50 5 8
50 27 2
50 33 3
50 35 3
50 40 23
50 44 3
50 45 18
50 52 12
50 54 3
50 71 5
50 91 14
50 96 12
50 117 10
50 140 11
50 205 9
50 221 24
50 264 53
50 273 39
51 33 16
51 45 13
51 48 11
51 50 7
51 57 10
51 66 14
51 71 16
51 75 16
51 89 21
51 92 5
51 117 34
51 143 22
51 150 6
51 192 9
51 211 19
51 222 14
51 237 17
51 241 22
52 10 7
52 13 1
52 20 12
52 59 13
52 75 11
52 91 1
52 133 7
52 138 9
52 147 11
52 154 11
52 155 7
52 201 40
52 218 17
52 221 35
52 226 25
52 229 6
52 247 18
52 249 31
53 9 9
53 19 20
53 27 1
53 31 4
53 35 14
53 139 11
53 187 12
53 202 2
53 209 2
53 247 9
53 280 15
54 15 7
54 23 15
54 40 21
54 45 6
54 70 16
54 72 19
54 78 2
54 79 11
54 92 12
54 131 27
54 135 20
54 195 1
54 212 24
54 217 25
54 224 19
54 226 18
54 238 34
55 48 11
55 134 2
55 149 9
55 165 11
55 206 20
55 207 12
55 222 12
55 223 11
55 236 37
55 242 9
55 259 23
56 28 11
56 70 9
56 148 2
56 160 5
56 176 9
56 177 3
56 193 14
56 230 7
57 12 14
57 25 5
57 45 18
57 50 21
57 51 16
57 52 12
57 66 43
57 109 13
57 113 34
57 117 34
57 130 2
57 133 12
57 171 32
57 185 29
57 218 17
57 229 33
57 243 24
57 247 21
58 26 3
58 32 8
58 55 1
58 142 4
58 213 25
58 229 6
58 236 28
59 19 29
59 22 6
59 75 4
59 109 5
59 114 22
59 138 1
59 154 12
59 159 5
59 188 13
59 193 2
59 221 3
59 232 18
59 263 3
60 87 5
60 100 26
60 121 8
60 129 42
60 152 8
60 168 13
60 169 13
60 179 92
60 182 17
60 204 10
60 253 9
60 270 41
61 0 12
61 6 19
61 20 9
61 27 6
61 30 13
61 31 53
61 35 10
61 53 33
61 72 30
61 86 24
61 106 16
61 118 11
61 147 2
61 162 27
61 191 14
61 233 3
61 238 6
61 247 45
62 10 24
62 44 23
62 74 9
62 125 14
62 151 14
62 164 38
62 167 15
62 183 7
62 201 16
62 205 19
62 260 16
63 55 13
63 100 3
63 129 25
63 158 9
63 169 3
63 181 3
63 207 17
63 223 5
63 227 11
63 257 14
63 266 31
64 18 19
64 29 5
64 84 18
64 89 12
64 93 2
64 117 5
64 167 8
64 192 15
64 193 12
64 203 43
64 250 24
64 264 11
64 265 25
65 19 36
65 47 5
65 72 7
65 75 9
65 105 8
65 111 2
65 150 3
65 172 11
65 188 5
65 192 2
65 206 14
65 214 1
65 245 33
65 252 28
65 271 43
66 16 3
66 94 8
66 143 2
66 168 7
66 197 2
66 203 7
66 212 10
66 226 16
66 252 10
66 271 17
67 59 11
67 71 10
67 81 5
67 82 24
67 106 21
67 109 33
67 126 33
67 144 9
67 156 28
67 184 13
67 200 22
67 205 17
67 210 6
67 260 9
67 263 13
68 120 15
68 135 1
68 149 1
68 234 18
68 252 1
68 265 25
69 72 10
69 84 5
69 116 5
69 117 1
69 122 10
69 134 37
69 135 38
69 199 2
69 203 15
69 234 12
69 246 5
70 5 36
70 8 9
70 9 12
70 87 6
70 108 2
70 112 7
70 138 1
70 153 4
70 210 1
70 246 7
71 4 14
71 25 14
71 33 27
71 42 20
71 45 3
71 79 2
71 113 2
71 117 22
71 143 15
71 171 17
71 218 14
71 228 22
71 243 26
72 1 26
72 39 1
72 69 1
72 122 9
72 124 13
72 134 20
72 135 16
72 140 7
72 199 2
72 206 13
72 234 11
72 246 35
73 11 4
73 145 4
73 163 28
73 176 15
73 272 22
73 278 20
74 10 39
74 16 20
74 30 4
74 44 1
74 71 6
74 82 20
74 95 7
74 99 1
74 125 21
74 183 1
74 189 17
74 193 17
74 221 22
74 267 23
75 22 5
75 59 7
75 83 14
75 114 9
75 125 4
75 154 20
75 188 30
75 193 7
75 214 11
75 221 11
75 239 20
75 262 1
75 276 17
75 281 12
76 1 35
76 105 9
76 107 6
76 122 8
76 175 13
76 181 7
76 250 91
76 254 24
76 265 27
76 266 26
76 278 12
77 22 47
77 59 46
77 75 10
77 114 4
77 154 22
77 171 13
77 183 1
77 188 10
77 191 5
77 197 8
77 213 5
77 217 13
77 221 22
77 226 6
77 232 3
77 239 8
77 260 14
77 276 12
78 6 3
78 15 7
78 18 11
78 23 8
78 33 16
78 40 25
78 54 3
78 79 1
78 92 10
78 131 23
78 166 9
78 212 15
78 224 27
79 15 17
79 40 16
79 54 6
79 78 13
79 84 18
79 92 14
79 131 1
79 149 31
79 224 17
79 238 1
80 9 3
80 173 7
80 180 3
80 215 15
80 216 6
80 230 2
80 281 6
81 26 15
81 37 21
81 38 8
81 48 2
81 56 26
81 73 3
81 75 5
81 97 13
81 98 5
81 123 17
81 129 17
81 153 24
81 236 19
81 248 2
81 281 17
82 16 4
82 106 2
82 193 5
82 240 4
82 260 9
82 267 8
83 114 17
83 141 25
83 159 9
83 193 16
83 196 4
83 222 2
83 237 11
83 240 32
83 242 15
83 244 8
83 267 26
83 274 28
83 276 7
83 277 43
84 29 9
84 64 11
84 192 14
84 223 18
84 253 1
85 36 15
85 48 13
85 72 18
85 90 10
85 160 13
85 174 24
85 178 8
85 184 24
85 190 21
85 194 19
85 233 13
85 241 14
85 243 23
85 251 19
85 258 25
86 21 1
86 34 5
86 118 3
86 136 9
86 139 17
86 166 8
86 187 22
86 249 33
87 8 17
87 32 13
87 38 28
87 43 7
87 58 57
87 80 6
87 123 12
87 138 8
87 157 25
87 169 9
87 186 32
87 213 33
87 236 39
88 52 1
88 136 13
88 172 10
88 191 3
88 194 1
88 219 14
88 229 5
88 241 2
88 249 21
88 255 26
88 275 20
89 113 13
89 115 26
89 116 8
89 121 5
89 132 9
89 143 15
89 208 19
89 212 12
89 218 3
89 250 21
90 10 6
90 48 12
90 55 13
90 85 1
90 95 8
90 97 19
90 146 31
90 174 31
90 178 15
90 190 10
90 191 3
90 194 13
90 202 8
90 251 28
90 258 16
90 259 3
90 269 10
91 4 6
91 101 1
91 164 3
91 184 21
91 197 7
91 201 22
91 214 7
91 221 14
91 264 10
91 276 44
92 7 6
92 15 23
92 23 20
92 40 15
92 42 23
92 43 32
92 54 2
92 78 6
92 79 15
92 110 8
92 131 10
92 224 25
92 226 14
92 238 5
92 241 3
93 13 16
93 18 33
93 29 17
93 46 19
93 64 24
93 68 33
93 77 14
93 79 9
93 84 47
93 111 8
93 122 13
93 130 16
93 167 15
93 192 7
93 195 17
93 224 5
93 253 17
94 66 18
94 69 5
94 76 22
94 107 12
94 128 14
94 175 17
94 181 17
94 250 30
94 252 11
94 254 15
94 265 46
94 266 39
94 271 15
95 22 25
95 35 2
95 83 33
95 159 3
95 181 7
95 193 16
95 237 24
95 240 64
95 244 8
95 267 8
95 274 45
95 277 16
96 12 2
96 20 9
96 39 32
96 47 8
96 49 8
96 65 14
96 106 2
96 109 24
96 150 2
96 171 19
96 208 6
96 245 42
97 8 5
97 26 15
97 37 6
97 38 3
97 123 1
97 129 11
97 153 8
97 215 6
97 248 16
97 254 5
97 256 2
98 26 14
98 37 11
98 59 10
98 81 5
98 97 20
98 128 5
98 153 10
98 236 52
98 258 3
99 3 12
99 10 14
99 44 13
99 52 3
99 60 10
99 62 13
99 74 7
99 92 12
99 125 42
99 126 12
99 155 18
99 191 14
99 220 2
99 240 19
99 242 21
99 244 4
99 260 15
100 63 1
100 84 14
100 165 12
100 169 1
100 207 43
100 223 7
100 236 68
100 253 20
100 266 2
100 270 19
101 91 4
101 154 10
101 164 9
101 201 17
101 214 2
101 232 4
101 276 8
102 5 11
102 9 9
102 32 7
102 56 6
102 70 11
102 98 1
102 108 6
102 112 11
102 179 12
102 180 4
102 210 15
102 236 69
103 4 9
103 22 13
103 42 42
103 49 14
103 91 9
103 114 1
103 141 34
103 151 3
103 171 41
103 184 17
103 216 36
103 235 38
103 243 50
103 275 6
103 278 21
104 2 3
104 17 17
104 56 19
104 80 4
104 119 3
104 128 14
104 133 4
104 157 1
104 209 4
104 211 9
104 218 5
105 115 3
105 132 4
105 252 1
105 265 18
105 271 24
105 273 74
105 278 34
105 280 13
106 82 6
106 101 6
106 109 9
106 126 13
106 144 7
106 156 9
106 200 34
106 216 19
106 228 4
106 232 22
106 260 45
106 261 13
107 5 10
107 94 7
107 121 4
107 158 17
107 181 6
107 227 12
107 250 33
107 252 25
107 254 22
107 266 44
107 271 14
108 5 4
108 9 33
108 70 9
108 97 4
108 102 3
108 110 6
108 112 25
108 138 25
108 169 13
108 180 19
108 210 12
108 223 6
108 230 9
108 236 38
108 248 15
108 280 60
108 281 19
109 22 17
109 66 2
109 67 4
109 82 21
109 83 13
109 106 14
109 126 35
109 144 40
109 156 12
109 200 43
109 260 41
109 263 2
110 41 5
110 73 6
110 94 1
110 114 12
110 130 1
110 145 3
110 163 13
110 202 2
110 207 35
110 281 24
111 12 14
111 15 19
111 20 10
111 24 9
111 39 9
111 46 4
111 47 37
111 49 13
111 65 7
111 96 36
111 116 16
111 150 47
111 205 12
111 235 25
111 243 11
111 245 54
112 5 4
112 138 3
112 186 11
112 210 3
112 236 29
113 89 1
113 116 16
113 132 11
113 143 16
113 212 13
113 218 3
113 225 5
113 245 9
114 19 6
114 22 1
114 75 4
114 77 3
114 139 12
114 154 9
114 159 2
114 164 6
114 188 7
114 201 8
114 221 3
114 231 16
115 203 2
115 206 6
115 232 2
115 242 3
115 265 21
115 268 1
115 271 20
115 273 17
115 278 8
116 89 9
116 113 5
116 121 8
116 122 2
116 132 15
116 135 10
116 141 18
116 143 36
116 208 34
116 212 22
116 218 21
116 252 16
117 25 9
117 39 10
117 45 20
117 50 7
117 51 2
117 64 17
117 71 15
117 113 7
117 122 6
117 131 7
117 143 2
117 156 14
117 265 27
117 278 35
117 279 31
118 55 9
118 72 4
118 86 3
118 121 1
118 134 15
118 136 2
118 139 14
118 140 4
118 166 11
118 182 4
118 187 25
118 195 5
119 43 19
119 80 19
119 121 5
119 170 11
119 173 14
119 199 2
119 215 22
119 226 18
119 230 18
119 248 17
119 256 9
119 259 15
119 281 18
120 1 1
120 68 10
120 149 7
120 252 14
120 257 2
120 272 13
121 76 1
121 89 21
121 113 30
121 132 24
121 143 35
121 208 7
121 212 27
121 218 20
121 226 20
121 234 6
121 279 28
122 68 26
122 69 2
122 72 3
122 134 8
122 135 17
122 199 9
122 234 28
122 246 2
123 9 8
123 32 14
123 58 28
123 87 7
123 137 6
123 146 9
123 150 1
123 157 4
123 186 19
123 213 3
124 146 1
124 168 2
124 249 17
124 259 11
124 268 3
124 269 5
124 275 9
125 16 7
125 68 9
125 163 3
125 183 5
125 188 1
125 193 26
125 225 5
126 82 39
126 106 6
126 112 15
126 144 4
126 159 23
126 200 20
126 244 23
126 260 5
126 276 14
127 10 64
127 13 19
127 21 13
127 33 10
127 44 22
127 62 52
127 74 9
127 75 1
127 96 11
127 99 7
127 106 16
127 125 27
127 126 1
127 151 46
127 183 39
127 218 26
127 220 1
127 262 19
128 2 4
128 59 11
128 114 15
128 130 27
128 153 8
128 215 13
129 120 17
129 179 12
129 207 25
129 272 3
130 2 1
130 13 3
130 17 29
130 70 13
130 84 1
130 89 33
130 104 7
130 133 11
130 161 2
130 181 8
130 209 13
130 210 10
130 211 35
130 237 13
131 40 3
131 73 3
131 79 10
131 122 12
131 224 2
131 231 15
131 238 1
131 246 14
131 261 21
131 262 14
131 274 18
132 42 1
132 113 9
132 143 5
132 208 7
132 212 42
132 218 11
132 265 36
132 278 21
133 2 2
133 5 18
133 8 12
133 13 6
133 17 21
133 41 2
133 60 5
133 98 20
133 104 26
133 119 8
133 128 29
133 130 16
133 136 11
133 137 26
133 148 13
133 161 15
133 209 30
133 211 25
134 122 16
134 135 14
134 199 3
134 203 1
134 234 11
134 246 2
134 273 14
134 275 7
135 68 11
135 72 2
135 134 2
135 234 11
136 86 20
136 118 2
136 139 15
136 142 1
136 166 2
136 182 15
136 187 18
136 195 6
136 198 11
136 228 22
136 250 57
136 259 18
137 55 20
137 58 16
137 87 5
137 123 17
137 157 13
137 186 10
137 210 2
137 213 15
137 236 51
138 5 16
138 13 8
138 70 1
138 102 9
138 112 17
138 133 9
138 180 2
138 210 13
138 215 9
138 231 15
138 239 10
138 269 20
139 86 1
139 124 1
139 136 3
139 166 11
139 187 10
139 195 12
140 124 18
140 134 20
140 142 19
140 146 18
140 195 1
140 200 30
140 242 8
140 247 12
140 249 49
140 259 39
140 269 6
140 275 9
141 91 5
141 151 2
141 196 3
141 216 8
141 228 15
141 239 12
141 261 3
141 262 3
141 264 21
142 55 4
142 124 28
142 146 29
142 168 2
142 194 1
142 203 18
142 219 5
142 249 27
142 259 20
142 269 15
142 275 7
143 49 1
143 132 5
143 208 5
143 212 25
144 82 18
144 106 19
144 126 15
144 156 10
144 196 27
144 200 4
144 205 4
144 216 24
144 260 56
144 264 3
144 280 48
145 11 3
145 14 5
145 37 25
145 41 9
145 73 10
145 92 8
145 98 3
145 110 14
145 129 12
145 163 9
145 189 10
145 278 9
146 34 8
146 124 4
146 140 3
146 149 20
146 153 1
146 214 4
146 223 13
146 249 35
146 259 6
146 263 5
146 269 4
147 23 17
147 28 12
147 31 34
147 34 17
147 47 23
147 53 26
147 61 25
147 78 13
147 109 37
147 148 2
147 198 5
147 247 46
148 3 22
148 6 18
148 27 4
148 28 4
148 56 31
148 84 1
148 102 36
148 124 8
148 160 21
148 174 1
148 176 7
148 177 11
148 251 9
148 280 47
149 1 1
149 68 16
149 120 19
149 165 18
149 227 1
149 257 3
149 272 6
150 39 9
150 47 4
150 96 1
150 159 12
150 203 15
150 224 24
150 245 39
150 252 16
150 262 20
150 271 20
151 141 5
151 154 1
151 184 13
151 185 4
151 196 4
151 217 3
151 239 23
151 261 2
151 264 17
151 276 25
151 277 7
152 1 23
152 29 9
152 47 5
152 60 9
152 100 17
152 121 6
152 136 14
152 163 12
152 169 27
152 179 36
152 207 57
152 223 20
152 253 40
152 255 28
152 266 34
152 270 36
153 37 4
153 56 9
153 97 2
153 98 19
153 173 4
153 230 10
153 236 19
154 16 10
154 22 29
154 125 3
154 188 10
154 196 3
154 221 9
154 276 5
155 7 7
155 10 6
155 20 6
155 21 4
155 56 15
155 86 21
155 169 8
155 172 27
155 187 9
155 196 29
155 221 7
155 235 8
155 236 47
155 242 2
155 247 9
155 249 42
155 259 18
156 19 6
156 82 15
156 95 1
156 106 11
156 109 9
156 126 19
156 144 8
156 200 1
156 260 9
156 267 4
157 8 11
157 32 16
157 58 20
157 87 8
157 95 1
157 112 25
157 123 7
157 137 26
157 153 16
157 173 1
157 186 27
157 213 9
157 230 15
157 250 12
158 1 14
158 63 13
158 107 13
158 120 72
158 149 30
158 165 6
158 272 69
159 83 8
159 95 5
159 127 3
159 184 6
159 193 3
159 237 1
159 240 12
159 263 6
159 267 26
159 274 23
159 277 46
160 28 4
160 56 18
160 97 10
160 164 8
160 175 1
160 177 2
160 179 12
160 226 21
160 241 21
160 253 29
161 2 4
161 13 10
161 17 25
161 26 16
161 28 1
161 37 15
161 38 2
161 104 7
161 119 16
161 128 15
161 130 2
161 133 7
161 137 15
161 176 2
161 209 36
161 211 11
161 263 22
162 0 20
162 27 6
162 30 1
162 31 21
162 53 19
162 64 22
162 78 10
162 79 31
162 147 19
162 178 9
162 180 10
162 219 25
162 247 20
163 14 3
163 52 3
163 60 7
163 63 3
163 167 3
163 189 2
163 221 2
164 91 2
164 101 18
164 196 9
164 214 2
164 217 3
164 260 6
164 276 12
165 1 17
165 55 13
165 100 17
165 120 60
165 158 12
165 180 9
165 207 36
165 233 29
165 257 30
165 258 4
165 266 21
165 272 17
166 34 7
166 86 6
166 136 11
166 139 1
166 182 17
166 186 7
166 187 11
166 195 14
166 198 9
166 211 13
166 233 12
166 261 16
167 18 5
167 29 12
167 63 11
167 64 6
167 84 5
167 160 7
167 169 11
167 190 9
167 192 3
167 206 32
167 226 3
167 227 1
167 252 33
168 66 10
168 124 24
168 129 34
168 175 1
168 204 9
168 253 4
168 270 10
169 60 4
169 66 29
169 69 2
169 84 11
169 119 7
169 168 37
169 184 19
169 203 33
169 214 46
169 226 45
169 228 31
170 8 9
170 28 9
170 43 20
170 50 2
170 80 35
170 102 10
170 119 12
170 169 29
170 173 41
170 215 67
170 223 11
170 230 12
170 248 27
170 253 7
170 256 30
170 281 37
171 24 2
171 42 19
171 45 1
171 49 26
171 141 11
171 151 1
171 184 16
171 216 28
171 243 23
171 267 8
172 7 5
172 18 3
172 62 3
172 118 1
172 144 8
172 159 17
172 191 13
172 198 3
172 203 27
172 219 20
172 229 19
172 241 6
172 255 18
173 43 1
173 80 31
173 81 6
173 98 1
173 102 2
173 119 3
173 215 42
173 230 30
173 248 8
173 256 5
173 281 20
174 167 2
174 178 5
174 194 2
174 196 22
174 229 3
174 251 49
174 258 9
174 259 7
174 270 4
175 76 6
175 94 1
175 107 33
175 168 11
175 181 5
175 227 3
175 250 34
175 254 22
175 266 41
175 272 21
176 2 3
176 6 7
176 28 25
176 40 9
176 51 5
176 56 8
176 69 20
176 124 14
176 129 34
176 135 9
176 148 3
176 160 5
176 177 19
176 234 15
177 28 12
177 32 21
177 41 5
177 53 2
177 56 18
177 102 10
177 148 17
177 160 18
177 176 8
177 210 14
177 230 6
177 251 5
178 55 5
178 90 13
178 103 3
178 158 16
178 174 24
178 194 12
178 203 11
178 229 9
178 251 13
178 258 9
178 269 4
179 100 4
179 107 4
179 129 15
179 204 1
179 250 6
179 254 10
179 270 19
180 5 21
180 9 16
180 60 7
180 70 23
180 71 15
180 80 21
180 102 34
180 108 6
180 112 22
180 115 19
180 138 11
180 178 2
180 210 18
180 211 11
180 275 34
181 63 9
181 76 2
181 94 7
181 107 26
181 175 10
181 207 23
181 250 22
181 254 18
181 266 31
181 272 43
182 86 30
182 118 4
182 134 11
182 139 10
182 187 11
182 234 6
182 237 4
182 240 2
182 261 1
183 10 14
183 62 2
183 74 6
183 82 30
183 99 4
183 125 5
183 156 12
183 221 13
183 231 18
183 236 25
183 267 24
183 279 6
184 141 20
184 196 1
184 207 10
184 217 2
184 228 1
184 239 12
184 243 7
184 264 20
185 3 13
185 16 6
185 19 15
185 154 5
185 196 3
185 221 1
185 231 4
185 261 10
185 262 3
185 263 2
185 267 6
185 274 21
186 58 6
186 97 12
186 209 21
186 213 26
187 22 8
187 24 1
187 86 3
187 118 7
187 136 15
187 139 7
187 166 7
187 182 19
187 198 2
188 22 1
188 59 1
188 114 5
188 154 10
188 184 18
188 193 6
188 197 1
188 221 31
188 222 2
188 232 10
188 242 16
188 279 2
188 280 35
189 11 8
189 14 6
189 41 1
189 73 27
189 108 2
189 110 10
189 145 5
189 159 10
189 255 11
189 270 18
189 278 16
190 67 1
190 85 5
190 90 13
190 143 12
190 166 2
190 174 25
190 178 14
190 187 19
190 195 12
190 233 7
190 251 11
190 258 22
191 20 1
191 31 10
191 88 5
191 93 5
191 118 5
191 139 22
191 166 10
191 172 4
191 182 4
191 219 23
191 229 12
191 241 4
191 255 20
192 18 36
192 46 4
192 62 7
192 64 12
192 84 12
192 143 22
192 150 17
192 167 23
193 3 4
193 156 4
193 204 2
193 206 1
193 240 7
193 242 3
194 31 8
194 85 6
194 88 26
194 90 5
194 131 11
194 136 5
194 174 3
194 190 5
194 258 16
195 22 16
195 34 10
195 86 23
195 118 12
195 134 4
195 136 11
195 139 3
195 140 10
195 142 5
195 182 18
195 187 10
195 198 11
196 22 4
196 101 9
196 141 1
196 151 3
196 184 3
196 228 17
196 239 27
197 4 8
197 91 17
197 101 42
197 164 12
197 201 18
197 214 9
197 228 5
197 232 18
197 237 6
197 276 31
197 279 5
198 20 5
198 34 1
198 86 44
198 118 11
198 136 25
198 139 42
198 162 5
198 166 1
198 182 16
198 187 26
198 195 6
198 211 16
199 37 22
199 47 2
199 68 37
199 69 9
199 72 4
199 122 4
199 134 13
199 135 21
199 178 6
199 219 8
199 226 5
199 234 40
199 263 12
200 82 19
200 103 3
200 144 3
200 156 6
201 91 3
201 101 9
201 164 8
201 264 4
201 276 23
201 279 9
202 41 3
202 73 28
202 110 5
202 145 6
202 155 8
202 163 29
202 168 21
202 174 17
202 189 14
202 215 17
202 241 1
202 249 10
203 16 1
203 66 6
203 115 4
203 227 1
203 252 12
203 273 12
203 275 3
203 278 10
204 73 10
204 120 22
204 129 24
204 163 15
204 168 1
204 173 8
204 179 19
204 189 2
204 226 6
204 254 10
204 258 6
204 270 28
204 272 16
205 67 4
205 82 26
205 106 16
205 109 5
205 121 12
205 126 10
205 144 10
205 156 23
205 164 5
205 200 23
205 260 34
206 101 2
206 193 19
206 232 19
206 236 21
206 240 15
206 242 3
206 273 26
206 277 6
206 279 21
207 266 10
208 105 2
208 113 13
208 121 4
208 132 3
208 143 9
208 171 2
208 212 7
208 218 6
208 235 1
209 13 8
209 17 19
209 26 6
209 123 2
209 128 22
209 157 1
209 177 5
209 211 8
209 248 11
209 256 2
210 5 5
210 56 4
210 70 17
210 73 2
210 102 1
210 104 2
210 112 2
210 138 12
210 180 3
210 254 7
210 281 24
211 17 8
211 48 7
211 104 1
211 123 6
211 128 31
211 161 1
211 172 4
211 196 17
211 209 4
212 89 4
212 105 5
212 208 1
212 218 1
212 224 6
212 250 11
212 265 15
212 279 3
213 32 8
213 87 2
213 101 24
213 123 35
213 137 5
213 186 3
213 236 72
214 4 2
214 91 8
214 101 23
214 142 1
214 164 22
214 197 4
214 201 18
214 276 6
215 32 3
215 43 12
215 80 2
215 255 13
215 256 9
215 281 9
216 142 1
216 171 2
216 232 3
216 243 26
216 262 14
216 264 16
217 101 5
217 141 10
217 151 2
217 184 10
217 196 23
217 206 17
217 208 3
217 228 43
217 239 15
217 264 18
218 64 15
218 89 10
218 113 2
218 143 15
218 208 8
218 212 11
218 245 6
219 139 16
219 172 6
219 177 7
219 181 7
219 194 2
219 222 12
219 226 5
219 229 2
219 241 4
219 255 2
220 9 8
220 10 55
220 14 17
220 21 20
220 44 9
220 62 36
220 68 13
220 74 12
220 99 36
220 125 37
220 127 28
220 170 36
220 183 65
220 216 22
220 225 5
220 280 27
221 22 10
221 59 3
221 75 4
221 77 17
221 114 2
221 154 10
221 188 12
222 4 13
222 24 8
222 124 10
222 243 2
222 264 7
222 268 1
222 271 29
222 273 26
222 279 41
222 280 31
223 48 4
223 60 15
223 63 18
223 100 9
223 169 5
223 179 27
223 253 16
223 270 48
224 23 2
224 40 1
224 79 3
224 92 3
224 107 14
224 131 5
224 189 2
224 226 4
225 42 4
225 68 15
225 113 26
225 222 18
225 268 2
225 271 63
225 273 15
225 279 4
225 280 65
226 1 15
226 24 20
226 39 9
226 66 9
226 121 4
226 136 10
226 168 21
226 200 2
226 204 2
227 120 18
227 129 57
227 149 4
227 165 9
227 203 5
227 207 33
227 226 5
227 257 9
227 272 7
228 105 16
228 141 1
228 151 11
228 179 7
228 184 2
228 196 31
228 239 5
228 264 12
228 276 5
229 88 17
229 172 10
229 191 1
229 219 4
229 236 28
229 254 2
229 255 42
229 269 3
229 275 18
230 5 5
230 18 18
230 43 10
230 80 3
230 81 1
230 215 10
230 248 8
230 256 1
230 281 23
231 3 14
231 16 1
231 19 5
231 154 3
231 185 1
231 221 4
231 261 2
231 262 3
231 263 2
231 267 2
231 274 14
232 201 2
232 206 1
232 214 10
232 228 4
232 239 2
232 276 2
232 279 16
232 280 16
233 1 30
233 120 40
233 146 14
233 149 39
233 158 27
233 165 3
233 252 34
233 257 8
233 268 17
233 270 20
233 272 31
234 68 2
234 69 9
234 72 2
235 24 14
235 42 39
235 49 34
235 91 32
235 105 29
235 171 16
235 184 33
235 216 41
235 239 15
235 243 16
235 278 16
236 281 1
237 156 1
237 159 28
237 184 3
237 193 24
237 240 28
237 244 8
237 267 30
237 274 30
237 277 27
238 15 19
238 23 35
238 25 1
238 40 6
238 44 7
238 54 4
238 78 10
238 79 5
238 92 1
238 115 37
238 131 7
238 164 37
238 224 58
238 231 40
238 250 36
239 38 13
239 101 4
239 141 31
239 151 12
239 154 9
239 184 14
239 197 9
239 217 20
239 245 7
239 264 2
240 24 10
240 206 1
240 242 3
240 244 1
240 249 2
240 267 6
240 276 20
240 277 23
241 28 15
241 66 17
241 88 12
241 110 11
241 172 3
241 190 10
241 191 10
241 219 20
241 229 26
241 255 24
242 4 2
242 55 6
242 146 21
242 164 28
242 197 12
242 217 2
242 232 1
242 244 8
242 249 17
242 274 13
242 277 8
243 42 17
243 237 13
243 270 5
243 278 2
244 3 17
244 83 9
244 95 2
244 159 26
244 193 24
244 201 9
244 237 22
244 240 19
244 260 3
244 267 51
244 274 63
244 277 50
245 47 1
245 143 6
245 186 18
245 193 10
246 72 13
246 122 2
246 134 6
246 135 36
246 143 9
246 199 8
246 234 16
246 265 23
247 27 20
247 31 5
247 88 3
247 187 5
248 32 3
248 80 17
248 153 10
248 173 16
248 215 16
248 230 3
248 281 27
249 259 17
249 269 5
249 270 16
249 275 6
250 265 4
251 5 2
251 48 8
251 52 2
251 90 10
251 155 12
251 165 5
251 174 2
251 178 6
251 190 3
251 194 36
251 258 31
252 1 7
252 68 9
252 94 13
252 105 8
252 120 9
252 265 5
252 271 36
253 60 2
253 68 3
253 100 5
253 149 25
253 179 13
253 181 13
253 270 23
254 94 3
254 107 4
254 129 13
254 175 13
254 250 14
254 266 9
255 135 29
255 154 1
255 219 2
256 34 5
256 38 7
256 43 43
256 70 2
256 80 22
256 119 4
256 173 5
256 215 30
256 230 22
256 248 22
256 281 6
257 1 7
257 63 11
257 120 22
257 129 39
257 149 6
257 158 11
257 180 1
257 272 18
258 37 21
258 85 8
258 90 2
258 95 7
258 174 2
258 178 7
258 204 2
259 26 1
259 124 14
260 67 11
260 82 3
260 126 3
260 156 6
260 182 9
260 200 21
260 205 4
261 16 22
261 19 16
261 185 7
261 196 8
261 231 4
261 245 2
261 262 5
261 263 2
262 3 7
262 16 7
262 19 21
262 154 13
262 156 12
262 185 4
262 196 6
262 231 10
262 261 14
262 263 5
263 3 4
263 16 19
263 19 46
263 185 2
263 193 2
263 216 15
263 218 1
263 231 6
263 261 10
263 262 20
264 196 5
264 217 3
264 228 1
264 239 8
265 42 2
265 115 6
265 132 5
265 250 16
265 252 4
265 278 20
266 207 4
266 250 29
267 19 3
267 95 2
267 221 1
267 274 6
267 277 19
268 1 5
268 115 12
268 222 1
268 225 2
268 273 32
268 279 12
268 280 40
269 124 8
269 140 15
269 142 7
269 146 38
269 179 27
269 219 10
269 249 3
269 253 13
269 259 32
269 275 6
270 168 3
270 179 6
270 204 1
270 254 2
271 203 1
271 268 2
271 273 15
271 280 2
272 120 7
272 129 1
272 149 12
272 158 9
272 257 6
273 271 6
273 280 9
274 232 3
274 240 26
274 267 5
274 277 7
275 124 15
275 140 7
275 142 8
275 146 22
275 249 20
275 259 6
275 269 18
276 4 13
276 101 1
276 164 4
277 19 8
278 115 6
278 243 2
279 206 9
279 225 1
279 268 6
279 271 16
279 273 52
279 280 17
280 236 10
280 273 9
281 80 2
281 256 4
