0 1 12
0 7 6
0 11 22
0 15 9
0 20 1
0 40 18
0 50 25
0 57 8
0 59 19
0 63 32
0 68 12
0 85 4
0 103 47
0 138 37
0 146 1
0 153 26
0 154 21
0 159 10
0 160 20
0 170 17
0 200 23
0 214 42
0 229 21
0 246 17
1 33 16
1 51 12
1 96 26
1 99 3
1 107 29
1 124 19
1 155 7
1 158 2
1 162 26
1 184 6
1 195 10
1 217 16
1 233 34
1 236 28
1 244 9
1 245 40
1 248 8
1 256 19
2 18 4
2 22 16
2 26 2
2 86 2
2 103 14
2 110 12
2 129 27
2 130 10
2 143 11
2 153 14
2 172 12
2 182 12
2 194 22
2 200 4
2 218 2
2 219 11
2 232 14
2 244 40
2 255 38
3 128 8
3 157 23
3 173 10
3 207 12
3 259 21
3 265 43
4 10 16
4 21 21
4 49 25
4 79 20
4 87 4
4 136 40
4 144 18
4 159 31
4 160 33
4 163 8
4 185 3
4 217 26
4 224 17
4 231 3
5 17 3
5 19 7
5 95 38
5 139 11
5 142 2
5 212 30
5 230 28
5 239 2
5 266 8
5 277 16
6 39 4
6 73 3
6 114 3
6 263 3
7 8 15
7 9 7
7 13 38
7 15 15
7 27 5
7 54 11
7 61 9
7 68 15
7 83 22
7 87 29
7 90 6
7 106 16
7 110 25
7 116 22
7 130 41
7 162 24
7 169 23
7 220 52
7 227 39
7 253 22
8 4 10
8 6 33
8 9 5
8 10 16
8 21 19
8 33 30
8 63 34
8 79 28
8 90 32
8 101 38
8 140 5
8 144 38
8 159 17
8 163 37
8 184 10
8 209 19
8 224 47
9 22 6
9 33 37
9 45 10
9 51 3
9 74 45
9 84 12
9 92 19
9 107 4
9 117 10
9 120 19
9 133 19
9 140 2
9 162 11
9 167 31
9 180 14
9 193 43
9 197 16
9 206 17
9 211 13
9 237 32
10 4 12
10 21 25
10 27 9
10 36 16
10 71 7
10 79 17
10 85 17
10 144 12
10 147 18
10 149 21
10 159 23
10 177 25
10 181 8
10 184 2
10 224 18
11 4 3
11 37 7
11 47 5
11 55 9
11 115 4
11 128 11
11 136 10
11 193 8
11 204 8
11 213 9
11 223 22
11 249 18
11 272 23
11 277 4
12 1 8
12 21 35
12 29 50
12 56 20
12 74 1
12 82 2
12 88 27
12 92 5
12 121 20
12 129 17
12 140 37
12 166 20
12 170 5
12 175 36
12 200 59
12 220 12
12 254 14
12 267 21
12 270 31
13 15 13
13 18 35
13 26 19
13 42 4
13 52 7
13 59 5
13 83 9
13 87 1
13 111 14
13 130 24
13 203 15
13 220 19
13 227 4
13 232 27
13 242 12
13 273 32
13 278 33
14 6 37
14 19 15
14 25 13
14 30 10
14 38 12
14 60 13
14 118 10
14 127 14
14 212 2
14 216 14
14 237 2
14 243 18
14 260 37
14 263 3
14 276 16
15 13 7
15 33 3
15 68 3
15 76 32
15 82 2
15 83 13
15 87 27
15 106 23
15 129 25
15 130 52
15 145 18
15 148 15
15 149 37
15 220 11
15 221 11
15 227 22
15 244 21
15 251 22
16 6 15
16 39 4
16 49 1
16 66 23
16 114 12
16 118 14
16 135 11
16 148 18
16 176 6
16 188 6
16 230 4
16 266 6
17 31 2
17 66 8
17 95 14
17 114 14
17 139 1
17 142 21
17 230 6
17 243 1
17 266 15
18 110 9
18 129 2
18 153 2
18 194 3
18 244 12
19 5 24
19 17 45
19 39 7
19 46 21
19 67 15
19 90 5
19 95 41
19 112 14
19 177 14
19 230 40
19 257 9
19 260 14
19 263 17
19 266 13
20 9 7
20 26 34
20 28 7
20 45 8
20 78 21
20 80 9
20 102 30
20 104 4
20 120 4
20 125 12
20 131 22
20 178 43
20 179 29
20 186 7
20 189 47
20 199 9
20 210 32
20 234 22
20 242 16
20 250 14
20 274 40
21 4 1
21 10 11
21 13 13
21 48 25
21 82 3
21 99 24
21 144 18
21 149 21
21 184 1
21 224 8
21 268 34
22 2 16
22 18 38
22 67 19
22 110 11
22 113 3
22 130 11
22 147 32
22 172 22
22 194 29
22 218 3
22 219 6
22 227 9
22 244 17
22 248 10
22 255 26
23 1 1
23 16 24
23 26 12
23 39 25
23 40 1
23 49 14
23 97 18
23 107 18
23 113 1
23 114 30
23 117 1
23 118 46
23 135 50
23 148 22
23 188 33
23 211 19
23 215 17
23 257 49
23 263 20
24 54 14
24 60 13
24 71 22
24 113 1
24 119 15
24 120 15
24 123 9
24 128 10
24 196 10
24 243 6
24 255 5
25 6 37
25 14 1
25 49 5
25 60 21
25 65 17
25 108 4
25 113 8
25 114 14
25 130 20
25 212 23
25 216 3
25 237 2
25 259 31
25 263 5
25 266 5
26 6 15
26 40 2
26 78 15
26 84 4
26 89 4
26 102 23
26 104 4
26 125 21
26 179 25
26 186 2
26 189 19
26 192 15
26 250 16
26 264 40
26 274 33
26 278 11
27 22 4
27 24 22
27 31 19
27 52 18
27 97 10
27 108 29
27 119 11
27 120 25
27 123 16
27 216 6
27 230 21
27 243 11
27 257 4
28 35 16
28 47 14
28 69 55
28 98 5
28 104 11
28 134 13
28 184 17
28 202 17
28 222 36
28 229 27
28 242 21
28 251 25
29 11 22
29 52 6
29 56 6
29 86 1
29 107 3
29 175 6
29 200 7
29 258 9
30 3 6
30 94 17
30 137 13
30 173 1
30 273 1
30 280 11
31 34 12
31 44 6
31 53 3
31 66 7
31 100 7
31 139 6
31 177 3
31 257 18
31 260 24
32 43 27
32 115 12
32 134 18
32 150 24
32 152 8
32 165 18
32 178 19
32 185 6
32 208 11
32 211 13
32 262 26
32 264 4
32 282 10
33 9 2
33 74 3
33 96 4
33 107 18
33 167 3
33 180 14
33 193 6
33 194 3
33 218 5
34 5 4
34 31 6
34 44 12
34 53 3
34 66 22
34 139 26
34 148 1
34 177 6
34 212 1
34 232 15
34 260 34
34 263 2
34 277 15
35 47 12
35 48 17
35 63 1
35 76 22
35 93 4
35 127 17
35 157 16
35 160 36
35 201 11
35 213 28
35 234 32
35 274 12
36 46 14
36 55 13
36 81 2
36 100 4
36 136 10
36 174 35
36 191 5
36 241 7
36 252 6
36 275 4
36 278 15
37 47 12
37 80 13
37 102 8
37 126 8
37 127 2
37 132 13
37 141 24
37 151 17
37 192 1
37 195 5
37 211 2
37 249 12
37 272 15
38 62 10
38 122 6
38 152 33
38 182 4
38 215 5
38 222 10
38 261 21
38 267 3
39 16 23
39 49 6
39 127 20
39 188 1
39 232 2
39 251 2
40 28 1
40 35 1
40 47 33
40 50 15
40 57 15
40 59 9
40 68 1
40 97 2
40 103 33
40 160 29
40 163 2
40 208 12
40 210 23
40 223 47
41 12 27
41 14 15
41 29 15
41 32 29
41 56 10
41 82 11
41 88 10
41 121 20
41 140 3
41 169 26
41 175 10
41 200 62
41 222 48
41 232 35
41 262 31
41 267 43
41 270 25
42 28 2
42 30 31
42 76 4
42 107 17
42 122 8
42 156 5
42 167 42
42 175 13
42 198 51
42 226 17
42 254 14
42 259 13
43 32 2
43 126 3
43 138 3
43 161 3
43 171 12
43 222 3
43 262 12
43 264 1
43 271 8
43 282 5
44 31 36
44 34 4
44 53 30
44 60 7
44 66 13
44 85 22
44 119 5
44 123 10
44 139 26
44 176 11
44 177 5
44 212 7
44 257 9
45 20 4
45 24 34
45 26 28
45 55 41
45 64 23
45 78 30
45 84 25
45 104 15
45 109 47
45 125 64
45 179 23
45 185 34
45 186 1
45 189 44
45 199 22
45 242 19
46 207 7
46 260 6
46 273 6
46 278 7
46 280 22
47 37 4
47 127 27
47 132 6
47 152 23
47 160 10
47 234 4
47 272 11
48 47 22
48 63 43
48 75 19
48 77 2
48 160 17
48 201 32
48 213 18
48 234 28
48 245 36
49 16 1
49 25 3
49 39 24
49 114 12
49 118 10
49 135 12
49 188 13
49 216 14
49 226 1
50 13 2
50 40 21
50 47 13
50 57 13
50 59 15
50 68 11
50 89 29
50 101 43
50 103 23
50 115 19
50 143 1
50 158 4
50 160 20
50 206 15
50 236 7
50 240 19
51 1 9
51 18 10
51 33 11
51 42 12
51 96 43
51 158 2
51 162 18
51 184 13
51 198 7
51 218 2
51 226 22
51 233 21
51 248 5
51 252 33
51 259 11
52 5 3
52 24 9
52 34 9
52 97 3
52 103 3
52 113 2
52 119 5
52 123 8
52 135 3
52 139 21
52 189 7
52 203 3
52 216 4
53 25 1
53 31 9
53 34 4
53 49 39
53 139 35
53 176 15
53 177 5
53 237 5
53 257 33
53 259 17
53 266 3
54 18 14
54 30 18
54 72 7
54 77 5
54 88 9
54 105 9
54 147 3
54 181 1
54 225 1
54 252 21
54 263 12
55 182 1
55 205 4
55 223 7
55 245 17
55 260 7
56 5 20
56 29 53
56 41 11
56 82 5
56 88 11
56 92 13
56 140 10
56 165 5
56 175 13
56 191 9
56 195 21
56 200 64
56 219 12
56 268 20
57 0 3
57 13 21
57 23 5
57 40 4
57 50 6
57 59 33
57 68 11
57 69 43
57 80 24
57 86 2
57 92 11
57 97 34
57 103 53
57 120 37
57 126 52
57 146 12
57 170 9
57 187 42
57 193 45
57 204 53
57 211 43
57 248 4
57 249 84
58 33 4
58 62 22
58 70 21
58 86 14
58 104 10
58 134 3
58 143 14
58 147 14
58 149 16
58 153 29
58 154 7
58 168 18
58 179 12
58 218 15
58 255 3
58 279 46
59 2 5
59 3 44
59 40 10
59 72 1
59 96 10
59 103 30
59 107 7
59 128 26
59 136 40
59 189 7
59 223 26
59 256 25
59 265 27
59 268 18
59 272 38
59 276 43
60 6 31
60 14 7
60 212 14
60 247 21
60 263 3
60 277 10
61 58 13
61 62 4
61 83 10
61 143 3
61 147 5
61 168 28
61 267 3
61 279 26
62 61 10
62 121 8
62 182 32
62 254 10
62 258 9
62 261 23
63 35 8
63 160 7
63 213 10
63 234 3
63 245 18
64 11 9
64 43 2
64 70 5
64 75 18
64 80 9
64 84 6
64 109 11
64 126 2
64 171 19
64 195 3
64 211 15
64 249 64
64 250 4
64 271 13
65 36 12
65 174 16
65 177 2
65 191 2
65 207 20
65 252 9
65 273 9
66 17 4
66 31 23
66 44 6
66 53 5
66 139 8
66 176 7
66 177 3
66 237 8
66 257 7
66 259 13
66 270 1
67 27 4
67 65 12
67 73 23
67 85 5
67 100 18
67 116 14
67 124 28
67 144 9
67 190 4
67 209 16
67 241 25
68 8 3
68 9 12
68 23 7
68 40 12
68 50 2
68 55 51
68 57 11
68 59 7
68 103 14
68 201 35
68 235 18
68 253 23
68 268 38
68 274 53
69 131 12
69 196 8
69 202 3
69 210 8
69 222 19
69 240 15
69 274 4
70 75 13
70 80 14
70 84 6
70 109 13
70 171 29
70 189 1
70 210 15
70 211 4
70 218 10
70 249 54
70 250 2
70 274 1
70 276 9
71 54 8
71 72 3
71 77 30
71 96 5
71 99 11
71 105 17
71 106 1
71 128 26
71 147 16
71 155 2
71 206 44
72 54 2
72 71 1
72 77 22
72 99 4
72 105 1
72 106 18
72 119 1
72 155 14
72 176 7
72 206 2
72 214 15
72 269 4
73 67 11
73 85 25
73 100 34
73 116 17
73 124 19
73 149 17
73 209 27
73 241 43
73 247 26
73 275 35
74 24 9
74 28 7
74 33 12
74 50 18
74 51 14
74 93 4
74 101 15
74 107 16
74 117 4
74 158 28
74 180 16
74 193 21
74 213 28
74 234 17
74 235 4
74 236 14
74 238 27
75 70 1
75 84 2
75 211 3
75 228 1
75 249 25
75 264 17
75 271 3
76 42 6
76 105 7
76 156 12
76 167 13
76 168 1
76 191 8
76 198 9
76 226 5
76 252 15
76 254 8
77 54 1
77 66 15
77 105 17
77 147 9
77 268 4
77 278 1
78 64 2
78 70 13
78 104 4
78 125 11
78 152 23
78 161 4
78 165 13
78 175 1
78 189 12
78 202 13
78 222 8
79 4 1
79 10 9
79 11 39
79 21 10
79 96 14
79 144 27
79 154 3
79 157 29
79 159 31
79 163 12
79 184 3
79 193 19
79 224 9
80 70 18
80 75 20
80 84 16
80 97 3
80 115 4
80 131 1
80 154 10
80 171 4
80 240 6
80 249 65
80 274 9
81 36 2
81 65 29
81 136 18
81 164 21
81 167 16
81 174 2
81 254 2
81 256 3
81 275 12
82 12 4
82 13 12
82 29 27
82 49 51
82 83 2
82 88 6
82 92 21
82 143 31
82 167 23
82 170 2
82 175 28
82 200 49
82 206 10
82 239 26
82 277 50
83 7 3
83 13 8
83 15 3
83 41 2
83 56 13
83 87 25
83 105 34
83 112 23
83 130 72
83 159 1
83 172 3
83 220 14
83 227 15
84 70 8
84 75 12
84 80 12
84 91 10
84 171 39
84 178 17
84 211 12
84 229 3
84 249 53
84 261 40
84 262 33
84 274 3
85 26 19
85 27 18
85 67 9
85 99 9
85 100 24
85 124 9
85 149 21
85 190 15
85 209 14
85 231 9
85 241 15
85 252 4
85 278 24
86 11 22
86 39 12
86 115 11
86 121 4
86 130 20
86 133 5
86 143 2
86 154 5
86 171 40
86 175 11
86 195 14
86 218 13
86 231 16
86 255 14
86 277 20
86 280 34
86 281 13
87 13 9
87 15 2
87 18 35
87 52 7
87 83 17
87 88 3
87 123 13
87 130 24
87 168 7
87 177 17
87 220 4
87 227 34
87 237 11
87 255 19
88 29 19
88 40 12
88 41 11
88 55 26
88 56 7
88 79 7
88 92 7
88 122 18
88 166 4
88 175 13
88 200 25
88 218 7
89 24 9
89 84 6
89 91 31
89 115 4
89 126 6
89 131 15
89 132 3
89 138 13
89 141 11
89 161 21
89 185 6
89 261 6
89 271 6
90 5 35
90 17 24
90 19 1
90 52 8
90 95 33
90 106 7
90 112 8
90 114 3
90 142 20
90 168 1
90 183 9
90 216 10
90 228 25
90 230 62
90 232 18
90 257 31
90 260 35
90 266 9
91 29 5
91 69 7
91 126 1
91 131 3
91 138 51
91 141 13
91 185 3
91 195 2
91 261 7
91 271 25
92 18 19
92 29 29
92 41 11
92 56 3
92 61 20
92 85 11
92 88 6
92 113 7
92 133 15
92 140 17
92 154 36
92 175 8
92 182 16
92 198 10
92 200 36
92 266 28
93 35 3
93 48 27
93 50 12
93 63 27
93 97 4
93 101 8
93 103 23
93 158 7
93 160 47
93 179 6
93 196 14
93 199 6
93 201 22
93 213 23
93 230 12
93 234 23
94 128 5
94 164 12
94 223 19
94 239 5
94 265 2
94 276 8
94 280 2
95 5 3
95 230 3
95 257 9
96 19 1
96 58 5
96 70 11
96 157 16
96 158 14
96 159 1
96 162 7
96 197 13
96 213 11
96 233 14
96 265 26
97 24 23
97 52 17
97 113 6
97 119 4
97 120 6
97 123 7
97 138 16
97 161 21
97 169 15
97 243 4
98 26 8
98 28 6
98 69 27
98 84 23
98 89 42
98 103 5
98 110 2
98 134 18
98 156 6
98 169 48
98 192 13
98 202 29
98 222 42
98 242 22
98 251 55
99 54 47
99 71 9
99 72 14
99 77 18
99 105 21
99 106 12
99 147 6
99 155 4
99 180 20
99 190 7
99 206 7
99 269 13
99 280 28
100 36 3
100 46 10
100 67 2
100 95 9
100 241 3
100 275 5
100 278 29
101 201 10
101 204 9
101 214 7
101 234 3
101 246 6
101 268 7
102 55 2
102 151 11
102 152 25
102 196 2
102 210 4
102 228 18
102 240 27
102 249 5
102 250 8
102 274 10
103 6 7
103 63 5
103 81 3
103 154 8
103 223 24
103 233 1
103 246 4
104 26 14
104 78 28
104 99 17
104 125 2
104 134 19
104 141 31
104 152 35
104 179 1
104 186 4
104 189 15
104 193 13
104 228 32
104 231 25
105 72 2
105 173 1
105 176 3
105 206 3
105 209 5
106 54 15
106 63 9
106 71 7
106 72 4
106 77 17
106 99 2
106 105 22
106 172 10
106 206 7
106 209 18
106 227 7
106 241 15
106 267 23
106 276 35
106 280 27
107 33 7
107 59 1
107 136 38
107 143 5
107 157 6
107 164 30
107 193 8
107 202 45
107 204 10
107 223 36
107 246 14
107 259 16
108 6 14
108 14 15
108 25 10
108 60 19
108 88 1
108 118 10
108 163 12
108 186 14
108 190 14
108 212 38
108 214 6
108 216 5
108 237 15
108 243 15
108 263 29
108 269 31
108 273 24
108 275 6
108 276 19
109 55 4
109 178 10
109 185 10
109 205 9
109 223 13
109 238 8
109 260 5
109 272 1
110 17 20
110 22 3
110 123 15
110 144 7
110 145 16
110 172 4
110 194 1
110 219 16
110 231 12
110 243 3
110 244 7
110 255 7
111 3 36
111 30 19
111 55 20
111 137 22
111 173 5
111 181 6
111 207 18
111 259 8
111 269 8
111 273 10
111 280 51
112 94 22
112 277 8
112 280 24
112 281 22
113 11 7
113 14 15
113 24 9
113 27 34
113 44 9
113 52 1
113 91 13
113 97 8
113 119 23
113 120 37
113 123 9
113 125 10
113 203 16
113 243 3
113 263 6
113 278 13
114 19 12
114 39 22
114 72 13
114 135 9
114 142 25
114 148 4
114 183 30
114 188 4
114 260 23
115 32 5
115 43 23
115 150 6
115 171 4
115 178 10
115 231 10
115 262 21
115 264 2
115 282 40
116 73 3
116 85 29
116 100 17
116 123 1
116 209 26
116 211 30
116 221 1
116 231 8
116 241 21
116 263 2
116 269 9
116 275 4
117 7 3
117 9 2
117 13 11
117 33 37
117 38 14
117 42 10
117 72 25
117 74 22
117 94 46
117 107 62
117 124 23
117 135 35
117 145 15
117 180 11
117 193 28
117 224 17
117 226 23
117 233 24
117 259 46
118 14 9
118 16 29
118 39 34
118 49 3
118 114 9
118 135 2
118 148 21
118 162 1
118 183 35
119 16 22
119 24 13
119 69 19
119 97 14
119 120 15
119 123 24
119 156 31
119 203 10
119 216 3
119 237 22
119 243 13
120 11 45
120 24 10
120 27 5
120 39 20
120 52 8
120 97 21
120 98 16
120 119 6
120 123 11
120 133 2
120 142 6
120 203 13
120 230 29
120 243 11
121 38 9
121 132 11
121 182 10
121 215 3
121 258 6
121 261 12
121 267 11
121 281 13
122 42 7
122 48 9
122 61 2
122 76 22
122 156 29
122 157 11
122 167 8
122 198 13
122 223 28
122 226 19
122 254 2
122 261 5
122 276 23
123 24 8
123 52 2
123 80 3
123 97 2
123 113 7
123 119 18
123 120 1
123 155 3
123 188 6
123 203 2
123 243 15
124 56 4
124 67 13
124 73 12
124 100 12
124 116 5
124 180 9
124 201 8
124 241 15
124 252 29
124 259 25
125 20 2
125 29 2
125 43 23
125 78 1
125 88 13
125 103 2
125 104 3
125 109 27
125 171 27
125 189 11
125 202 18
125 262 13
126 11 1
126 89 4
126 91 11
126 131 8
126 138 31
126 161 3
126 185 2
126 202 2
126 213 5
126 249 30
126 271 33
127 37 6
127 47 15
127 63 7
127 91 14
127 132 10
127 141 1
127 151 5
127 192 1
127 195 4
127 238 25
127 272 18
128 3 24
128 94 9
128 111 3
128 157 12
128 164 12
128 201 25
128 204 30
128 205 12
128 245 29
128 265 11
128 268 4
129 31 4
129 55 27
129 62 12
129 95 16
129 109 50
129 172 10
129 173 7
129 181 2
129 238 16
129 247 16
129 260 28
129 270 16
129 277 22
129 279 2
130 60 13
130 61 13
130 72 8
130 230 10
130 237 3
130 266 30
131 37 21
131 89 5
131 91 9
131 138 30
131 141 11
131 185 9
131 189 4
131 249 34
131 271 8
132 47 4
132 91 2
132 195 17
132 196 7
132 267 4
132 272 4
132 282 20
133 1 9
133 20 9
133 71 1
133 86 8
133 90 13
133 112 43
133 121 11
133 143 35
133 151 45
133 168 32
133 172 7
133 194 4
133 200 3
133 206 6
133 218 14
133 258 2
134 69 16
134 152 29
134 169 2
134 202 20
134 211 25
134 222 9
134 228 15
134 242 15
134 251 11
135 16 1
135 34 12
135 39 14
135 49 6
135 100 4
135 110 10
135 114 7
135 116 1
135 118 5
135 148 2
135 183 5
135 263 12
136 36 1
136 65 10
136 164 3
136 185 2
136 252 1
136 256 4
137 3 7
137 30 1
137 46 27
137 173 6
137 278 15
137 280 18
138 89 9
138 141 10
138 264 2
138 271 8
139 5 1
139 31 3
139 66 7
139 95 5
139 176 6
139 177 5
139 212 3
139 260 22
140 29 20
140 38 16
140 41 18
140 56 7
140 72 15
140 82 3
140 83 21
140 88 12
140 116 21
140 139 30
140 144 1
140 146 15
140 175 40
140 200 62
140 220 7
141 37 6
141 47 30
141 127 19
141 132 34
141 195 2
141 239 9
141 249 12
141 272 17
141 282 9
142 5 12
142 16 3
142 17 13
142 19 10
142 65 8
142 95 29
142 148 6
142 183 22
142 230 30
142 260 44
142 266 1
143 33 2
143 61 21
143 68 2
143 147 16
143 153 9
143 168 13
143 171 16
143 182 16
143 270 3
143 279 24
144 21 8
144 159 12
144 173 15
144 184 2
144 188 10
144 224 5
145 11 17
145 115 11
145 143 11
145 154 30
145 168 23
145 180 12
145 183 12
145 190 2
145 193 21
145 226 36
145 278 46
146 11 53
146 25 30
146 37 24
146 40 7
146 45 4
146 80 23
146 84 14
146 86 10
146 119 9
146 120 10
146 133 27
146 143 13
146 145 8
146 179 6
146 213 11
146 218 14
146 249 55
146 255 26
146 279 31
146 281 44
147 30 32
147 61 11
147 143 5
147 168 16
147 183 6
147 263 12
147 273 28
147 279 41
148 39 3
148 49 15
148 52 3
148 114 13
148 135 16
148 177 10
148 188 3
148 260 8
149 3 15
149 46 27
149 73 1
149 105 5
149 191 9
149 207 13
149 275 7
150 43 21
150 109 1
150 115 17
150 127 18
150 151 8
150 165 9
150 178 18
150 185 15
150 195 14
150 208 6
150 229 16
150 262 13
150 264 27
150 275 1
150 282 17
151 102 3
151 240 11
151 249 4
151 250 1
151 272 16
151 274 2
152 75 4
152 102 1
152 151 9
152 196 10
152 228 4
152 240 1
152 274 5
153 46 58
153 61 14
153 143 9
153 147 34
153 168 13
153 194 4
153 254 35
153 279 3
154 47 1
154 55 7
154 157 34
154 174 3
154 265 25
154 271 26
154 272 8
154 278 4
155 39 35
155 54 11
155 60 29
155 71 1
155 72 8
155 77 36
155 99 17
155 105 42
155 106 31
155 206 4
155 215 17
155 216 13
155 219 15
156 17 14
156 76 2
156 157 15
156 167 4
156 174 11
156 198 12
156 226 25
156 231 5
156 254 15
157 81 1
157 239 3
157 245 12
157 265 16
158 1 6
158 35 9
158 48 1
158 51 4
158 86 5
158 160 16
158 162 9
158 233 34
158 234 22
158 248 1
159 4 6
159 21 5
159 76 7
159 77 24
159 79 1
159 89 13
159 91 4
159 144 12
159 224 14
159 246 9
159 256 3
160 48 9
160 60 22
160 101 7
160 141 15
160 192 5
160 213 13
160 234 3
161 64 2
161 75 3
161 91 19
161 126 3
161 131 5
161 138 21
161 171 9
161 249 27
161 264 9
162 1 2
162 30 9
162 55 33
162 67 5
162 71 1
162 96 3
162 157 8
162 158 1
162 233 1
162 248 4
162 254 6
162 273 25
163 4 21
163 10 25
163 21 29
163 25 16
163 79 3
163 87 17
163 144 39
163 159 14
163 174 43
163 184 4
163 193 11
163 209 5
163 224 22
163 226 34
163 272 28
164 81 2
164 111 11
164 128 8
164 136 2
164 174 2
164 201 13
164 245 12
164 253 15
165 32 23
165 35 2
165 43 25
165 115 12
165 119 11
165 150 29
165 178 28
165 192 15
165 222 6
165 250 18
165 262 6
165 264 26
165 282 28
166 38 45
166 62 49
166 109 31
166 112 34
166 122 12
166 133 15
166 223 25
166 225 27
166 232 19
166 247 35
166 254 32
166 270 78
166 277 56
166 281 47
167 122 20
167 156 9
167 198 33
167 226 2
167 281 25
168 61 6
168 112 6
168 198 23
168 223 22
168 279 4
168 281 7
169 28 1
169 69 23
169 134 8
169 202 8
169 222 10
169 238 20
169 248 6
169 251 4
170 0 7
170 4 24
170 40 10
170 50 10
170 59 41
170 68 25
170 69 39
170 71 35
170 93 26
170 99 25
170 103 24
170 153 7
170 199 18
170 217 20
170 233 11
170 236 10
170 248 19
171 70 7
171 75 19
171 78 3
171 80 3
171 84 2
171 138 8
171 211 13
171 240 2
171 249 43
171 271 20
172 18 35
172 67 8
172 95 16
172 110 10
172 194 4
172 219 4
172 244 15
172 255 11
172 270 5
172 277 19
173 3 20
173 30 4
173 111 21
173 137 23
173 149 1
173 181 3
173 207 11
173 269 12
173 273 19
173 280 29
174 36 9
174 81 12
174 136 26
174 154 14
174 157 21
174 164 31
174 217 2
174 265 1
174 275 13
175 12 10
175 29 2
175 41 5
175 54 7
175 56 5
175 60 3
175 61 12
175 88 5
175 227 12
175 247 18
175 269 38
176 17 18
176 19 17
176 27 13
176 31 29
176 34 22
176 44 2
176 53 30
176 66 5
176 139 30
176 148 11
176 162 5
176 177 14
176 257 18
177 16 10
177 31 30
177 34 6
177 44 31
177 53 17
177 66 13
177 139 1
177 142 1
177 176 17
177 257 1
178 43 23
178 70 14
178 75 34
178 115 16
178 150 3
178 192 3
178 242 7
178 262 9
178 264 24
178 282 24
179 78 10
179 104 9
179 125 10
179 126 27
179 171 31
179 189 16
179 191 24
179 202 7
179 208 15
179 239 9
179 262 32
180 33 10
180 67 4
180 73 1
180 74 3
180 107 19
180 124 4
180 145 5
180 156 13
180 162 2
180 193 8
180 231 5
181 30 12
181 73 8
181 111 1
181 129 4
181 137 65
181 147 10
181 173 13
181 207 30
181 235 10
181 244 9
181 269 12
181 273 59
181 280 41
182 38 2
182 61 4
182 62 14
182 121 20
182 187 2
182 206 6
182 215 2
182 258 5
182 261 24
183 16 12
183 23 14
183 31 13
183 39 37
183 49 24
183 87 7
183 135 2
183 142 24
183 148 19
183 176 13
183 188 5
184 4 16
184 8 4
184 10 6
184 21 10
184 28 25
184 79 2
184 125 4
184 144 21
184 154 23
184 157 29
184 159 41
184 163 2
184 224 14
185 63 1
185 89 1
185 91 6
185 126 3
185 131 2
185 138 57
185 161 19
185 178 13
185 250 8
185 271 4
185 282 22
186 3 30
186 10 2
186 14 25
186 26 4
186 35 12
186 45 3
186 78 21
186 104 32
186 125 21
186 133 15
186 137 47
186 179 46
186 189 37
186 213 24
186 276 28
187 37 7
187 38 20
187 62 15
187 84 5
187 102 13
187 121 29
187 152 21
187 182 11
187 197 1
187 215 3
187 221 6
187 258 24
187 261 23
187 267 43
188 16 4
188 39 10
188 49 12
188 52 15
188 95 28
188 118 12
188 135 6
188 139 3
188 148 13
188 183 16
188 266 3
189 6 10
189 78 13
189 80 7
189 91 1
189 97 1
189 104 12
189 125 9
189 126 29
189 249 53
190 46 45
190 65 49
190 145 4
190 149 16
190 154 27
190 231 11
190 241 13
190 244 19
190 260 34
190 278 13
191 35 3
191 36 1
191 42 2
191 65 21
191 81 12
191 136 58
191 149 8
191 174 31
191 209 31
191 252 29
191 275 54
191 278 25
192 37 6
192 47 15
192 127 7
192 132 20
192 141 24
192 195 7
192 238 22
192 240 16
192 272 14
193 11 18
193 33 3
193 68 9
193 74 1
193 107 6
193 117 2
193 145 15
193 157 18
193 253 8
194 18 15
194 110 13
194 168 9
194 172 4
194 244 8
194 247 1
194 255 10
194 279 22
195 47 18
195 127 10
195 131 6
195 138 7
195 141 10
195 192 13
195 228 1
195 249 26
195 272 3
196 36 16
196 47 11
196 55 15
196 102 2
196 151 12
196 152 1
196 154 7
196 192 11
196 228 23
196 240 28
196 274 8
197 33 1
197 38 15
197 58 6
197 62 45
197 74 1
197 121 16
197 167 2
197 182 71
197 187 17
197 215 40
197 218 13
197 258 6
197 261 20
197 267 8
198 18 2
198 94 17
198 254 6
198 261 3
199 35 38
199 48 44
199 63 20
199 64 25
199 75 33
199 93 13
199 132 45
199 133 3
199 141 15
199 160 23
199 187 11
199 212 17
199 213 50
199 234 57
199 251 53
200 143 6
200 175 5
200 270 2
200 277 9
201 48 8
201 164 3
201 214 10
201 234 2
201 245 11
201 256 9
201 265 20
201 272 17
202 43 3
202 69 9
202 169 19
202 242 6
202 251 7
202 262 16
203 6 16
203 24 3
203 27 8
203 52 16
203 95 1
203 97 34
203 119 9
203 120 8
203 123 22
203 177 7
203 219 25
203 230 5
203 243 6
203 257 1
204 128 10
204 157 6
204 217 7
204 246 3
204 253 1
204 256 8
204 268 4
204 276 11
205 55 3
205 94 11
205 152 15
205 223 24
205 238 5
205 265 14
205 276 5
206 39 10
206 54 12
206 61 11
206 77 28
206 99 7
206 105 2
206 106 5
206 155 2
206 278 45
207 46 7
207 149 6
207 173 8
207 190 9
207 273 13
207 278 3
207 280 19
208 32 33
208 43 26
208 75 6
208 78 17
208 115 15
208 134 7
208 150 37
208 154 14
208 165 37
208 178 33
208 185 4
208 222 3
208 262 17
208 264 42
208 282 27
209 3 1
209 46 21
209 73 4
209 149 6
209 191 7
209 207 33
209 275 18
210 37 27
210 102 17
210 109 1
210 151 27
210 152 20
210 196 21
210 228 18
210 238 16
210 240 36
210 250 19
210 274 28
211 5 19
211 64 1
211 70 3
211 75 8
211 79 1
211 80 47
211 84 8
211 141 16
211 171 5
211 234 3
211 249 23
212 6 28
212 14 2
212 75 6
212 260 2
213 47 14
213 48 7
213 132 1
213 160 6
213 169 1
213 234 8
213 274 7
214 101 2
214 201 4
214 204 11
214 217 7
214 233 12
214 246 4
214 253 16
214 256 2
214 268 1
215 38 9
215 62 12
215 111 10
215 121 30
215 182 10
215 187 28
215 194 1
215 197 8
215 205 22
215 232 7
215 258 10
215 261 12
215 267 5
215 279 3
215 281 21
216 6 24
216 14 7
216 25 18
216 39 19
216 53 2
216 60 15
216 80 3
216 108 3
216 146 4
216 147 2
216 212 29
216 263 20
217 60 3
217 101 12
217 144 1
217 204 28
217 214 26
217 221 21
217 224 11
217 246 2
217 253 12
217 256 23
217 268 10
218 11 11
218 32 1
218 61 17
218 80 5
218 130 1
218 131 11
218 133 13
218 146 2
218 158 10
218 178 21
218 181 19
218 197 2
218 203 6
218 240 29
218 255 14
218 273 32
218 279 14
219 18 17
219 22 3
219 77 6
219 83 8
219 110 7
219 131 2
219 153 10
219 172 10
219 194 8
219 244 9
219 255 39
219 270 3
220 72 23
220 86 1
220 87 10
220 110 17
220 130 34
220 144 5
220 156 28
220 227 5
220 241 4
220 258 20
221 28 4
221 62 7
221 76 16
221 101 10
221 135 11
221 145 13
221 191 3
221 198 18
221 204 27
221 214 3
221 246 9
221 253 8
221 256 20
221 268 10
222 69 10
222 115 7
222 134 9
222 169 6
222 171 6
222 202 7
222 251 4
223 205 15
223 238 3
223 265 3
223 276 12
224 10 1
224 21 21
224 79 12
224 144 1
224 149 5
224 241 14
224 245 17
224 269 6
225 18 17
225 76 20
225 95 16
225 100 11
225 112 15
225 153 7
225 166 4
225 168 11
225 172 16
225 232 4
225 247 2
225 270 15
225 277 39
225 281 18
226 18 14
226 42 7
226 76 19
226 122 5
226 156 5
226 167 14
226 168 18
226 198 9
226 254 8
226 261 7
227 13 21
227 15 3
227 33 4
227 65 8
227 83 2
227 100 27
227 124 10
227 130 12
227 145 14
227 147 2
227 220 16
228 102 12
228 109 17
228 151 22
228 196 6
228 238 12
228 240 24
228 250 6
229 26 2
229 28 16
229 56 4
229 64 13
229 69 27
229 89 9
229 98 11
229 134 20
229 169 35
229 202 20
229 220 2
229 222 48
229 242 27
229 243 18
229 251 38
230 17 2
230 55 13
230 95 6
230 161 3
230 260 1
230 266 2
231 21 1
231 53 10
231 73 7
231 81 12
231 116 1
231 145 9
231 154 41
231 156 8
231 157 38
231 184 2
231 241 28
232 112 21
232 153 6
232 198 2
232 225 1
232 270 5
232 277 9
232 281 23
233 103 1
233 136 3
233 162 3
233 253 18
233 263 1
234 63 13
234 128 3
234 160 1
234 213 9
234 276 34
235 3 12
235 94 10
235 205 31
235 223 23
235 238 4
235 239 14
235 245 26
235 259 18
235 265 19
235 276 42
236 51 16
236 93 3
236 96 11
236 133 13
236 158 18
236 160 42
236 162 20
236 233 34
236 234 13
236 248 8
236 272 47
237 6 34
237 14 4
237 24 10
237 25 15
237 36 9
237 60 9
237 108 1
237 172 22
237 212 27
237 216 13
237 225 5
237 263 18
238 55 1
238 94 5
238 223 5
238 265 19
238 276 18
239 47 2
239 94 13
239 164 8
239 201 9
239 205 12
239 223 61
239 235 8
239 238 41
239 245 5
239 265 16
239 276 11
240 151 10
240 152 1
240 205 8
240 210 1
240 274 9
241 85 13
241 100 1
241 116 6
241 124 4
241 155 1
241 254 13
241 278 23
242 32 1
242 69 18
242 134 2
242 169 20
242 202 1
242 211 2
242 222 19
242 251 20
243 24 4
243 31 2
243 52 22
243 97 14
243 119 7
243 120 5
243 123 6
243 156 15
243 165 4
243 203 16
243 266 15
244 6 3
244 18 8
244 22 4
244 110 10
244 190 1
244 194 11
244 278 3
245 55 12
245 164 11
245 205 19
246 101 16
246 105 23
246 204 6
246 214 22
246 217 21
246 221 13
246 233 15
246 253 24
246 256 21
246 265 15
246 268 15
247 112 17
247 162 9
247 168 12
247 190 1
247 225 5
247 232 19
247 270 25
247 277 26
247 279 18
247 281 20
248 1 6
248 27 2
248 51 5
248 96 25
248 157 20
248 158 16
248 162 3
248 180 14
248 193 7
248 231 18
248 233 18
248 236 24
248 265 49
249 138 12
249 171 4
250 127 8
250 151 29
250 152 33
250 196 11
250 210 3
250 211 19
250 228 22
250 238 11
250 240 13
250 274 15
251 63 28
251 69 24
251 102 10
251 169 5
251 202 3
251 222 1
251 229 5
251 276 27
251 281 12
252 36 1
252 76 2
252 81 17
252 136 18
252 174 11
252 192 4
252 259 2
252 275 12
253 101 5
253 164 1
253 201 12
253 204 1
253 217 3
253 221 15
253 245 2
253 256 5
253 268 25
254 42 11
254 76 4
254 112 2
254 122 3
254 156 8
254 167 19
254 198 27
254 226 2
254 276 23
255 18 27
255 22 2
255 76 28
255 133 13
255 194 13
255 219 6
255 244 3
256 101 17
256 164 29
256 201 2
256 204 4
256 214 17
256 221 14
256 246 4
256 253 9
256 268 2
257 17 7
257 31 6
257 44 4
257 66 5
257 95 2
257 139 22
257 177 11
257 183 3
257 266 31
258 38 20
258 62 10
258 86 6
258 121 7
258 182 11
258 197 2
258 200 6
258 215 8
258 261 2
258 267 12
259 3 2
259 94 12
259 124 6
259 164 16
259 173 33
259 198 16
259 235 3
259 252 2
260 46 18
260 55 15
260 228 12
260 276 16
261 62 1
261 121 8
261 167 1
261 187 2
261 194 5
261 258 21
261 267 1
262 43 7
262 109 1
262 165 4
262 264 11
262 271 3
262 282 20
263 6 10
263 14 3
263 25 2
263 60 16
263 79 1
263 108 1
263 212 25
263 237 6
263 260 45
264 43 1
264 109 9
264 115 1
264 262 11
264 282 17
265 3 1
265 94 14
265 164 3
265 205 1
265 223 9
265 235 3
266 5 8
266 17 7
266 19 2
266 44 11
266 55 18
266 95 27
266 142 10
266 230 2
267 38 12
267 62 13
267 121 6
267 182 16
267 254 1
267 261 22
268 101 2
268 167 4
268 204 5
268 214 11
268 221 1
268 256 7
269 3 1
269 30 10
269 111 3
269 137 43
269 173 15
269 181 10
269 259 19
269 273 39
269 280 19
270 109 11
270 112 22
270 173 3
270 232 16
270 247 6
270 269 5
270 277 13
270 281 20
271 89 3
271 131 4
271 138 8
271 161 24
271 185 14
271 264 6
271 282 3
272 47 17
272 127 26
272 132 6
272 141 4
272 151 9
272 195 1
273 30 13
273 46 5
273 111 5
273 137 10
273 207 6
273 280 26
274 102 4
274 109 9
274 151 2
274 152 2
274 228 20
274 240 10
275 36 6
275 65 7
275 81 2
275 116 3
275 136 12
275 209 4
275 252 14
276 94 3
276 205 2
276 223 16
276 238 14
276 239 1
276 265 15
277 112 15
277 232 1
277 281 4
278 46 21
278 115 10
278 154 2
278 280 6
279 129 4
279 147 22
279 153 5
279 281 32
280 30 16
280 173 14
280 181 8
280 278 11
281 225 4
281 247 9
281 270 17
281 277 7
