0 1 6
0 19 8
0 29 2
0 44 13
0 46 15
0 84 1
0 90 1
0 112 11
0 132 38
0 137 4
0 154 49
0 155 4
0 183 15
0 200 40
0 208 12
0 246 8
0 252 26
0 260 31
0 267 26
0 269 51
0 277 9
1 28 4
1 34 42
1 37 36
1 70 35
1 76 12
1 88 15
1 101 3
1 109 19
1 113 8
1 178 31
1 193 20
1 239 33
1 245 12
1 246 8
2 5 1
2 8 4
2 15 49
2 19 17
2 26 5
2 29 3
2 73 16
2 114 19
2 122 2
2 128 50
2 132 27
2 141 16
2 153 9
2 173 3
2 174 9
2 180 14
2 218 20
2 222 46
2 244 25
3 2 13
3 10 10
3 28 19
3 47 13
3 48 6
3 98 23
3 114 31
3 120 6
3 132 31
3 161 16
3 174 9
3 180 6
3 182 18
3 191 42
3 222 3
3 233 15
3 250 7
4 0 8
4 6 9
4 35 20
4 38 25
4 65 20
4 68 23
4 78 4
4 95 33
4 103 11
4 107 23
4 148 7
4 170 4
4 177 25
4 186 19
4 196 46
4 209 26
4 225 23
4 243 7
4 271 36
5 0 3
5 2 9
5 4 2
5 11 19
5 21 59
5 31 25
5 49 53
5 50 55
5 83 43
5 89 20
5 131 24
5 133 41
5 136 24
5 145 38
5 146 46
5 161 85
5 171 5
5 240 52
5 249 4
6 12 9
6 43 8
6 63 26
6 65 12
6 97 4
6 120 3
6 172 10
6 197 3
6 208 10
6 209 1
6 236 30
6 271 11
6 281 16
7 0 1
7 3 6
7 42 23
7 75 13
7 89 59
7 105 28
7 111 22
7 126 31
7 134 20
7 150 30
7 152 1
7 179 17
7 219 20
7 243 18
7 247 6
7 258 32
7 272 37
7 288 56
8 22 1
8 31 2
8 33 1
8 50 12
8 53 27
8 114 1
8 139 12
8 144 12
8 157 13
8 176 35
8 196 23
8 228 16
8 231 8
8 257 28
8 274 21
8 282 19
9 10 11
9 11 27
9 29 9
9 45 41
9 51 8
9 77 14
9 112 10
9 119 1
9 174 19
9 201 30
9 208 10
9 227 26
9 248 27
9 271 42
9 284 36
9 287 33
10 47 18
10 82 19
10 88 3
10 90 20
10 98 13
10 114 17
10 122 17
10 140 16
10 163 49
10 180 21
10 191 28
10 201 14
10 233 4
10 249 26
10 250 3
10 265 19
11 45 10
11 51 8
11 73 2
11 77 7
11 112 4
11 116 15
11 119 27
11 174 38
11 183 22
11 201 24
11 219 40
11 226 16
11 232 23
11 243 10
11 284 28
12 36 1
12 63 8
12 79 6
12 97 4
12 147 10
12 175 17
12 199 1
12 214 12
12 223 4
12 279 9
13 59 20
13 63 9
13 65 30
13 129 38
13 142 9
13 147 21
13 164 15
13 175 43
13 180 2
13 236 21
13 286 42
14 8 7
14 13 15
14 20 4
14 22 12
14 47 14
14 53 27
14 139 19
14 170 10
14 176 9
14 195 53
14 208 28
14 219 73
14 228 31
14 238 32
14 248 17
14 251 55
14 277 17
15 48 2
15 73 3
15 122 10
15 132 2
15 140 15
15 144 1
15 213 7
15 247 18
15 285 16
16 27 2
16 54 6
16 58 10
16 129 2
16 142 4
16 156 16
16 199 11
16 224 10
16 236 6
16 263 4
16 264 8
16 279 9
17 32 7
17 71 1
17 81 12
17 87 34
17 99 23
17 108 10
17 134 6
17 141 6
17 160 17
17 162 18
17 180 8
17 203 4
17 244 11
17 246 2
18 67 10
18 96 16
18 181 7
18 192 14
18 219 22
18 220 37
18 261 21
19 0 9
19 9 1
19 27 24
19 45 1
19 119 4
19 137 35
19 154 2
19 208 8
19 211 8
19 252 29
19 258 5
19 259 19
19 268 8
19 269 22
19 274 25
20 23 4
20 78 8
20 108 3
20 114 12
20 124 27
20 143 3
20 156 2
20 199 5
20 223 8
20 256 10
20 270 13
20 279 13
21 41 15
21 49 1
21 50 2
21 107 7
21 136 1
21 161 1
21 264 6
22 8 11
22 12 3
22 89 17
22 95 18
22 98 9
22 100 2
22 112 6
22 127 16
22 139 20
22 157 16
22 176 8
22 271 27
22 277 24
23 58 12
23 65 9
23 70 10
23 80 2
23 124 2
23 194 17
23 212 13
23 223 1
23 286 10
24 52 3
24 57 30
24 67 21
24 86 4
24 94 1
24 159 6
24 202 27
24 235 7
24 284 3
24 285 23
25 1 25
25 15 4
25 28 20
25 29 18
25 34 36
25 72 2
25 88 40
25 109 27
25 145 2
25 157 7
25 165 2
25 171 4
25 178 34
25 224 26
25 231 14
25 233 24
25 273 34
26 21 18
26 102 7
26 130 14
26 218 1
26 227 20
26 231 19
26 241 4
26 249 6
26 250 5
27 19 6
27 54 3
27 100 13
27 125 2
27 205 4
27 219 50
27 257 19
27 259 10
27 267 1
27 276 39
27 281 3
27 289 22
28 1 9
28 34 25
28 66 16
28 68 15
28 73 1
28 88 10
28 109 3
28 139 9
28 178 22
28 257 18
29 2 4
29 15 35
29 17 4
29 73 8
29 81 4
29 89 12
29 90 27
29 122 5
29 128 32
29 132 11
29 161 3
29 173 12
29 183 6
29 218 16
29 221 33
29 225 21
30 1 2
30 26 6
30 46 6
30 55 14
30 89 9
30 116 6
30 151 2
30 183 6
30 192 2
30 219 22
30 238 3
30 242 19
30 260 21
30 288 86
31 27 11
31 28 1
31 39 18
31 54 29
31 56 34
31 79 4
31 104 18
31 117 41
31 121 48
31 149 25
31 159 22
31 194 24
31 197 19
31 214 31
31 263 6
31 280 45
32 24 4
32 27 9
32 53 25
32 58 16
32 67 9
32 69 31
32 74 13
32 110 3
32 111 2
32 114 10
32 132 16
32 145 14
32 153 20
32 161 4
32 169 6
32 217 22
32 222 37
32 267 14
33 8 35
33 14 25
33 22 53
33 25 13
33 27 45
33 37 13
33 69 20
33 75 29
33 78 7
33 98 2
33 125 9
33 139 35
33 157 14
33 170 16
33 173 19
33 176 59
33 211 36
33 248 30
33 282 53
34 28 2
34 125 2
34 149 29
34 178 1
34 203 11
35 27 13
35 68 14
35 78 1
35 95 21
35 117 1
35 177 14
35 196 25
35 209 29
35 225 41
35 236 20
36 6 35
36 12 17
36 23 36
36 27 4
36 38 10
36 43 42
36 56 22
36 58 31
36 63 22
36 97 17
36 147 11
36 158 3
36 172 11
36 175 26
36 279 25
36 283 40
37 1 12
37 25 2
37 28 25
37 34 44
37 63 18
37 71 32
37 72 11
37 88 16
37 108 16
37 109 17
37 113 7
37 148 22
37 178 35
37 200 15
37 211 32
37 212 36
37 266 24
38 16 9
38 35 17
38 58 39
38 68 5
38 75 4
38 95 37
38 107 6
38 129 14
38 177 26
38 196 6
38 209 5
38 225 13
39 22 5
39 31 2
39 56 16
39 117 2
39 121 2
39 191 7
39 197 24
39 205 6
39 216 18
39 223 4
39 252 15
39 280 22
40 15 10
40 41 41
40 57 2
40 93 8
40 94 22
40 135 15
40 136 6
40 161 5
40 187 55
40 191 1
40 213 3
40 216 27
40 235 13
40 254 23
40 261 41
40 267 16
41 21 7
41 83 11
41 93 38
41 94 31
41 133 12
41 135 17
41 136 8
41 139 5
41 187 14
41 202 8
41 235 9
41 254 26
42 55 10
42 89 7
42 105 13
42 111 4
42 118 19
42 207 8
42 219 41
42 221 10
42 258 9
42 259 32
42 265 14
43 6 3
43 12 19
43 20 19
43 22 9
43 55 10
43 63 56
43 97 6
43 99 45
43 103 7
43 158 2
43 164 8
43 165 3
43 170 6
43 234 4
43 253 33
43 257 27
44 17 19
44 18 17
44 55 9
44 81 9
44 87 12
44 90 33
44 118 22
44 134 2
44 144 2
44 152 20
44 160 3
44 181 28
44 238 1
44 246 2
44 247 8
44 256 28
44 262 5
44 266 23
44 273 35
45 11 19
45 51 36
45 77 7
45 111 17
45 112 21
45 119 10
45 215 39
45 239 26
45 249 7
45 259 19
45 284 13
45 287 46
46 18 20
46 96 7
46 127 2
46 154 11
46 218 13
46 230 1
46 256 27
46 269 10
46 272 10
47 10 36
47 98 11
47 110 8
47 111 1
47 114 22
47 120 1
47 180 7
47 191 34
47 233 6
47 240 1
48 17 4
48 36 6
48 49 18
48 71 2
48 90 27
48 108 14
48 132 9
48 134 26
48 141 28
48 150 4
48 160 40
48 201 1
48 222 7
48 233 10
48 246 4
48 262 10
48 280 19
49 21 10
49 50 22
49 67 29
49 90 1
49 93 12
49 128 8
49 133 17
49 145 6
49 146 5
49 161 15
49 240 15
49 246 10
50 20 5
50 21 3
50 49 3
50 106 9
50 133 28
50 135 9
50 136 3
50 145 8
50 146 5
50 213 6
50 240 1
50 265 20
50 285 18
51 11 16
51 29 15
51 32 6
51 61 29
51 72 4
51 105 8
51 119 8
51 173 7
51 174 3
51 179 4
51 201 7
51 271 1
51 284 27
51 288 24
52 24 2
52 91 14
52 92 10
52 93 5
52 100 10
52 103 8
52 106 6
52 150 10
52 202 7
52 235 8
53 27 8
53 117 14
53 217 9
53 232 32
53 257 19
53 289 10
54 16 18
54 58 4
54 63 2
54 79 6
54 129 14
54 156 10
54 177 3
54 199 21
54 224 12
54 236 2
54 263 13
54 271 1
55 18 8
55 96 20
55 151 3
55 184 7
55 188 4
55 242 1
55 288 37
56 16 7
56 39 10
56 68 3
56 117 2
56 121 2
56 149 2
56 262 2
56 280 28
57 24 11
57 40 15
57 49 9
57 67 43
57 83 25
57 86 24
57 94 13
57 138 19
57 159 42
57 190 13
57 202 35
57 261 6
57 285 49
58 16 2
58 54 4
58 56 11
58 69 11
58 129 16
58 156 1
58 199 3
58 289 22
59 129 34
59 142 6
59 143 19
59 147 9
59 164 2
59 175 45
59 225 6
59 236 23
59 245 9
59 286 43
60 86 14
60 117 17
60 194 4
60 195 7
60 210 19
60 214 5
60 257 12
61 46 1
61 62 12
61 137 5
61 186 11
61 189 4
61 215 27
61 219 41
61 228 8
61 248 28
61 255 10
61 274 19
61 282 4
61 284 15
61 286 25
61 287 17
62 42 8
62 61 15
62 149 3
62 215 4
62 228 6
62 263 4
62 274 17
62 282 24
62 287 4
63 12 6
63 38 2
63 60 10
63 80 14
63 97 11
63 177 4
63 223 3
63 279 10
64 8 22
64 22 17
64 34 18
64 71 8
64 78 4
64 89 11
64 93 17
64 104 19
64 118 10
64 125 21
64 141 10
64 143 14
64 144 19
64 160 12
64 179 4
64 200 7
64 203 27
64 229 32
64 243 12
64 247 39
64 248 17
64 258 26
64 270 35
64 285 19
65 13 18
65 23 6
65 31 3
65 60 1
65 79 5
65 80 5
65 194 11
65 212 12
65 237 12
65 277 9
65 280 8
66 76 4
66 131 14
66 148 21
66 162 45
66 214 17
66 229 24
66 239 5
66 245 43
67 159 3
67 235 2
67 244 18
67 261 4
68 35 1
68 38 4
68 95 16
68 177 7
68 196 20
68 225 7
68 276 20
69 41 1
69 82 16
69 148 1
69 160 2
69 222 14
69 254 4
69 267 9
70 28 9
70 46 13
70 87 11
70 115 44
70 155 11
70 181 21
70 268 3
70 270 9
70 273 25
71 17 2
71 21 16
71 44 11
71 48 5
71 70 9
71 73 2
71 81 4
71 108 3
71 134 11
71 141 24
71 160 44
71 219 21
71 231 17
71 268 19
71 288 17
72 1 17
72 25 3
72 28 23
72 34 54
72 37 11
72 71 24
72 88 21
72 104 1
72 109 38
72 113 9
72 117 28
72 178 26
72 179 5
72 190 35
72 200 9
72 224 29
72 242 22
73 2 2
73 15 14
73 17 4
73 29 4
73 87 19
73 114 1
73 122 9
73 128 16
73 244 30
73 247 10
73 266 25
73 268 17
74 18 13
74 46 3
74 99 10
74 192 32
74 204 3
74 251 32
74 256 12
74 265 4
74 269 11
75 7 9
75 19 12
75 42 16
75 60 40
75 68 10
75 89 23
75 105 11
75 111 43
75 132 19
75 142 14
75 163 36
75 243 8
75 258 23
76 66 9
76 131 1
76 148 24
76 162 32
76 166 28
76 189 4
76 229 37
76 239 6
76 245 20
76 281 16
76 283 17
77 2 1
77 9 1
77 11 7
77 13 12
77 31 11
77 47 6
77 51 17
77 119 5
77 123 15
77 143 16
77 183 2
77 200 34
77 201 1
77 284 22
78 6 7
78 20 3
78 85 17
78 116 15
78 124 47
78 143 15
78 175 13
78 210 16
78 223 4
78 259 25
78 263 20
78 271 8
78 279 53
79 23 51
79 58 13
79 60 11
79 65 15
79 124 14
79 184 5
79 194 9
79 199 5
79 212 33
79 283 10
79 286 4
80 23 12
80 35 3
80 79 7
80 194 24
80 199 1
80 212 9
80 281 2
80 283 3
81 10 7
81 70 32
81 82 19
81 87 30
81 115 68
81 153 1
81 155 15
81 181 36
81 227 2
81 238 15
81 256 36
81 268 37
81 273 43
81 276 32
82 74 11
82 99 3
82 192 11
82 230 2
82 231 27
82 251 8
82 269 5
82 278 22
83 24 10
83 40 1
83 57 5
83 86 5
83 93 9
83 135 7
83 140 14
83 202 13
83 250 7
83 285 15
84 26 26
84 53 17
84 82 23
84 102 6
84 123 34
84 130 14
84 132 9
84 134 16
84 150 18
84 174 11
84 185 32
84 195 31
84 203 15
84 206 32
84 226 55
84 230 4
84 249 13
84 260 11
85 13 13
85 50 5
85 59 32
85 75 6
85 129 48
85 142 11
85 147 46
85 164 10
85 175 34
85 177 8
85 236 14
85 286 41
86 24 14
86 83 2
86 159 9
86 190 8
86 217 9
86 257 39
86 261 7
86 285 11
87 70 4
87 115 8
87 149 18
87 155 2
87 181 6
87 203 20
87 267 2
87 273 30
87 276 22
88 1 8
88 28 18
88 34 43
88 75 15
88 109 29
88 113 4
88 119 4
88 122 1
88 131 21
88 147 44
88 172 19
88 178 30
88 184 28
88 229 6
88 245 37
89 39 6
89 176 14
89 252 20
89 258 11
89 280 6
90 44 6
90 48 4
90 138 8
90 152 5
90 192 9
90 207 5
90 262 20
90 266 10
90 276 16
90 278 7
91 52 5
91 100 13
91 106 10
91 123 11
91 140 13
91 146 5
91 150 4
91 171 10
91 182 16
91 202 6
91 226 5
91 285 18
92 24 21
92 52 18
92 91 9
92 94 16
92 100 16
92 106 21
92 136 6
92 140 2
92 146 10
92 150 6
92 169 11
92 182 21
92 231 27
92 235 13
93 26 17
93 40 1
93 41 14
93 94 15
93 132 15
93 136 5
93 156 24
93 187 11
93 231 5
93 235 12
93 254 16
94 41 16
94 67 40
94 93 12
94 135 36
94 146 5
94 187 12
94 190 6
94 202 2
94 254 4
95 68 10
95 79 1
95 177 15
95 196 11
95 209 7
95 225 16
95 262 14
95 283 5
96 46 1
96 163 21
96 195 12
96 220 2
96 232 3
96 242 1
96 276 33
96 289 11
97 6 1
97 12 4
97 20 1
97 58 14
97 95 28
97 156 13
97 158 22
97 163 18
97 210 7
97 214 3
97 216 7
97 224 19
97 263 7
98 10 17
98 12 13
98 47 13
98 120 6
98 180 18
98 191 36
98 198 21
98 205 21
98 212 14
98 226 13
98 233 2
98 251 48
98 258 14
98 278 51
99 74 8
99 82 43
99 130 26
99 188 7
99 192 7
99 204 39
99 251 48
99 265 82
99 269 33
99 278 43
100 52 17
100 91 2
100 106 5
100 140 8
100 150 21
100 156 10
100 171 2
100 177 6
100 182 9
100 191 20
100 243 19
100 254 14
101 6 32
101 12 36
101 13 29
101 36 13
101 43 9
101 59 32
101 63 23
101 68 13
101 85 20
101 97 12
101 108 14
101 132 11
101 144 21
101 165 14
101 200 27
101 223 19
101 225 14
101 264 7
102 123 5
102 138 44
102 204 18
102 206 3
102 207 3
102 226 4
102 241 3
102 261 52
102 264 14
102 287 12
103 33 5
103 41 14
103 52 1
103 91 36
103 92 6
103 93 13
103 100 51
103 106 12
103 140 17
103 150 18
103 161 2
103 171 17
103 179 4
103 182 26
103 200 13
103 240 1
104 12 4
104 39 29
104 56 30
104 117 26
104 164 2
104 185 28
104 197 3
104 232 20
104 263 14
104 275 2
104 280 49
105 39 16
105 42 13
105 75 13
105 89 25
105 95 11
105 111 13
105 125 3
105 163 32
105 197 5
105 218 8
105 247 11
105 252 10
105 258 6
105 280 9
106 24 19
106 52 14
106 91 21
106 92 2
106 94 27
106 100 20
106 103 18
106 140 9
106 150 19
106 182 9
106 200 15
106 226 10
106 256 14
106 265 34
107 4 3
107 35 39
107 38 22
107 68 22
107 95 17
107 121 21
107 177 33
107 179 2
107 189 2
107 196 37
107 197 16
107 209 28
107 225 35
107 243 15
107 252 17
108 17 13
108 48 2
108 71 12
108 86 19
108 102 7
108 122 5
108 133 11
108 134 39
108 141 25
108 160 29
108 173 3
108 203 13
108 226 15
108 231 11
108 246 2
108 284 13
109 27 11
109 28 2
109 34 22
109 69 5
109 140 3
109 178 17
109 203 32
109 208 2
109 258 14
109 273 4
110 15 13
110 17 5
110 32 14
110 69 14
110 123 9
110 159 19
110 169 8
110 203 5
110 213 24
110 217 32
110 222 3
110 231 11
110 267 21
110 285 17
111 42 6
111 89 25
111 105 36
111 185 24
111 225 18
111 243 9
111 255 7
111 258 6
111 267 15
111 274 17
112 11 4
112 45 5
112 51 39
112 77 12
112 78 17
112 144 12
112 174 7
112 201 6
112 211 11
112 219 17
112 259 23
112 284 7
113 1 10
113 17 7
113 25 8
113 28 43
113 34 63
113 37 3
113 49 2
113 72 13
113 73 25
113 85 23
113 88 2
113 94 19
113 109 25
113 153 11
113 171 9
113 178 52
113 187 23
113 194 48
113 283 33
114 10 5
114 42 21
114 61 1
114 90 3
114 98 3
114 120 1
114 130 5
114 191 17
114 200 4
114 233 4
114 245 15
115 82 2
115 118 22
115 152 18
115 181 6
115 229 1
115 268 2
115 273 5
116 7 2
116 30 3
116 55 16
116 151 30
116 162 1
116 183 2
116 228 29
116 232 7
116 242 31
116 260 23
116 272 21
116 288 42
117 39 8
117 56 15
117 85 4
117 105 1
117 121 6
117 134 18
117 208 10
117 275 27
117 280 4
118 44 2
118 90 15
118 144 4
118 152 7
118 160 3
118 162 10
118 190 6
118 206 22
118 242 10
118 246 9
118 262 2
118 266 21
118 268 3
119 9 10
119 27 39
119 45 7
119 51 4
119 69 27
119 77 18
119 88 10
119 98 40
119 112 21
119 174 45
119 201 31
119 211 23
119 252 22
119 258 6
119 259 35
119 274 48
119 284 72
120 3 19
120 10 8
120 47 23
120 51 1
120 82 8
120 84 8
120 98 10
120 102 50
120 114 16
120 178 14
120 180 21
120 182 17
120 191 48
120 226 21
121 39 3
121 56 5
121 60 13
121 89 2
121 104 16
121 105 19
121 117 8
121 185 15
121 197 13
121 205 4
121 215 6
121 228 1
121 252 17
121 280 18
122 2 7
122 4 3
122 8 14
122 15 3
122 27 35
122 29 1
122 43 2
122 47 30
122 62 3
122 69 1
122 73 24
122 99 18
122 106 14
122 128 21
122 132 37
122 173 22
122 179 10
122 200 4
123 3 11
123 23 36
123 26 9
123 130 9
123 163 8
123 226 8
123 227 6
123 229 1
123 250 14
124 20 1
124 167 14
124 223 2
125 15 15
125 20 29
125 45 7
125 80 17
125 109 13
125 115 20
125 118 11
125 141 6
125 142 10
125 143 8
125 156 11
125 187 10
125 211 8
125 229 2
125 247 7
125 258 16
126 168 11
126 198 2
126 220 26
126 221 7
126 241 3
126 260 1
126 272 29
126 277 7
127 18 15
127 46 7
127 96 26
127 99 24
127 163 25
127 172 37
127 185 56
127 195 57
127 220 18
127 266 16
127 276 21
127 289 41
128 15 23
128 73 1
128 91 7
128 110 1
128 122 2
128 132 9
128 134 2
128 135 6
128 141 5
128 152 11
128 173 2
128 257 16
128 266 16
129 12 2
129 142 1
129 236 6
130 26 5
130 99 4
130 198 9
130 204 14
130 206 2
130 221 21
130 227 6
130 256 18
130 278 9
131 23 14
131 55 19
131 66 1
131 76 2
131 148 5
131 151 2
131 162 13
131 196 2
131 229 13
131 239 3
131 253 5
132 2 1
132 15 9
132 73 14
132 141 15
132 178 11
132 233 7
133 21 6
133 136 2
133 146 4
133 161 13
133 191 8
133 240 3
133 254 14
134 17 15
134 71 3
134 104 1
134 141 16
134 160 18
134 203 13
134 260 10
135 41 5
135 60 4
135 83 24
135 93 8
135 94 25
135 133 8
135 140 2
135 187 4
135 197 7
135 199 21
135 235 8
136 15 1
136 21 8
136 49 25
136 50 10
136 67 21
136 87 14
136 133 33
136 145 13
136 146 1
136 161 20
136 240 19
136 267 17
137 0 7
137 26 10
137 42 21
137 74 11
137 154 30
137 200 7
137 208 14
137 227 15
137 250 34
137 252 29
137 272 10
137 288 13
138 130 16
138 198 2
138 204 14
138 206 5
138 244 10
138 251 31
138 256 3
138 265 2
139 14 7
139 39 3
139 53 12
139 80 23
139 104 1
139 111 8
139 176 18
139 185 25
139 230 5
139 255 15
139 287 25
139 289 45
140 23 30
140 29 1
140 52 36
140 91 11
140 92 15
140 100 15
140 106 2
140 111 17
140 119 3
140 150 6
140 171 1
140 182 6
140 193 13
140 254 2
141 17 2
141 73 15
141 108 2
141 128 12
141 134 3
141 160 11
141 262 1
142 13 4
142 20 6
142 62 8
142 63 1
142 129 6
142 164 3
142 175 18
142 223 2
142 236 10
142 259 21
142 279 2
142 286 6
143 20 9
143 23 15
143 78 7
143 124 11
143 188 9
143 210 7
143 223 6
143 242 3
143 263 13
143 265 12
143 276 13
143 279 32
144 25 1
144 44 9
144 90 4
144 125 16
144 152 16
144 154 8
144 187 22
144 231 5
144 238 9
144 262 2
144 266 54
144 277 2
145 21 15
145 32 19
145 42 9
145 49 4
145 50 3
145 82 4
145 133 20
145 136 18
145 146 29
145 161 9
145 278 18
146 21 22
146 41 2
146 49 25
146 50 8
146 100 9
146 133 5
146 136 7
146 145 34
146 150 1
146 161 29
146 240 9
146 284 5
147 13 8
147 59 16
147 60 20
147 129 24
147 142 26
147 175 33
147 214 19
147 236 41
147 286 22
148 162 5
148 203 12
148 217 17
148 229 18
148 239 11
148 263 5
148 266 6
149 60 27
149 86 3
149 163 20
149 214 9
149 237 2
149 257 9
149 276 9
149 289 10
150 39 12
150 45 5
150 52 29
150 91 4
150 92 10
150 164 7
150 182 4
150 260 1
151 30 18
151 55 43
151 60 25
151 76 5
151 96 15
151 116 1
151 155 4
151 166 13
151 183 13
151 185 5
151 242 10
151 245 27
151 260 16
151 266 8
151 288 26
152 34 18
152 44 3
152 82 17
152 115 8
152 118 6
152 160 5
152 239 13
152 262 2
152 266 21
153 28 8
153 32 25
153 41 11
153 50 18
153 69 31
153 90 22
153 110 7
153 165 20
153 169 7
153 182 6
153 213 10
153 217 18
153 222 10
153 267 29
153 285 15
154 0 3
154 19 2
154 44 1
154 118 14
154 160 10
154 185 19
154 203 3
154 242 3
154 252 6
154 262 2
155 18 8
155 55 14
155 59 26
155 66 3
155 70 39
155 81 5
155 87 9
155 105 2
155 115 22
155 181 48
155 188 3
155 193 10
155 209 5
155 245 9
155 268 25
155 273 49
155 289 30
156 16 15
156 54 9
156 58 13
156 79 3
156 80 12
156 124 6
156 199 11
156 264 10
157 8 16
157 9 9
157 14 6
157 27 7
157 34 51
157 51 12
157 117 38
157 139 20
157 170 21
157 176 33
157 199 12
157 209 10
157 211 3
157 255 30
157 264 26
157 280 36
157 287 30
158 6 10
158 12 41
158 18 29
158 36 29
158 43 14
158 56 3
158 63 42
158 64 3
158 101 13
158 161 14
158 165 25
158 169 4
158 171 8
158 265 44
159 24 47
159 57 1
159 61 4
159 67 32
159 83 24
159 86 3
159 89 8
159 91 5
159 285 21
160 17 8
160 21 11
160 71 1
160 141 4
160 239 1
160 246 7
161 21 7
161 49 7
161 50 30
161 93 9
161 120 6
161 133 9
161 136 4
161 138 8
161 145 5
161 246 6
162 58 15
162 66 2
162 131 10
162 148 3
162 154 7
162 229 26
162 239 15
162 247 6
162 280 3
162 285 3
163 149 1
163 167 3
163 195 53
163 220 10
163 257 1
163 289 9
164 13 22
164 59 5
164 76 14
164 85 1
164 129 38
164 142 16
164 147 11
164 175 71
164 214 14
164 225 2
164 236 76
164 271 5
164 286 47
165 6 12
165 10 32
165 12 23
165 36 15
165 63 31
165 97 24
165 101 16
165 107 21
165 109 16
165 122 3
165 151 2
165 166 17
165 196 25
165 231 42
165 262 23
165 281 39
166 131 2
166 167 26
166 214 5
166 237 2
166 253 17
166 270 7
166 276 9
166 281 3
167 60 5
167 188 1
167 237 20
167 270 7
167 281 9
167 283 9
168 126 13
168 186 13
168 198 14
168 204 12
168 221 3
168 233 2
168 244 27
168 272 21
168 277 15
168 278 11
169 11 5
169 32 17
169 69 26
169 102 5
169 110 2
169 114 25
169 123 16
169 145 11
169 153 2
169 163 39
169 198 21
169 207 31
169 213 12
169 217 28
169 222 6
169 267 45
170 6 29
170 8 8
170 10 12
170 22 6
170 29 16
170 58 22
170 75 1
170 95 18
170 134 12
170 139 29
170 176 12
170 197 15
170 215 12
170 247 7
170 252 18
170 282 27
171 47 13
171 52 63
171 86 7
171 91 15
171 92 16
171 100 7
171 106 12
171 140 19
171 150 46
171 182 27
171 225 6
171 267 32
172 53 2
172 68 5
172 70 5
172 96 39
172 127 4
172 149 12
172 163 9
172 184 20
172 195 33
172 214 11
172 220 40
172 259 18
172 269 19
172 275 3
172 276 36
172 289 21
173 2 1
173 15 49
173 47 1
173 71 1
173 73 15
173 108 12
173 125 1
173 128 34
173 132 32
173 138 15
173 141 17
173 203 2
174 7 5
174 11 2
174 22 3
174 26 15
174 45 3
174 70 33
174 77 48
174 86 12
174 119 6
174 198 6
174 201 7
174 218 12
174 284 25
175 13 1
175 16 4
175 28 3
175 60 21
175 129 14
175 236 6
175 286 20
176 53 18
176 107 3
176 121 14
176 149 14
176 184 9
176 212 8
176 234 11
176 259 18
176 289 66
177 13 3
177 35 7
177 38 1
177 68 4
177 95 9
177 129 2
177 196 1
177 209 2
177 225 12
177 279 7
178 34 7
178 66 16
178 108 25
178 109 2
178 260 14
178 266 8
178 288 23
179 20 12
179 27 16
179 33 2
179 54 15
179 64 11
179 66 5
179 78 12
179 115 13
179 125 22
179 141 13
179 153 16
179 176 13
179 193 1
179 213 1
179 247 17
179 253 20
179 257 19
179 264 4
179 271 4
180 3 11
180 47 10
180 80 20
180 90 7
180 98 2
180 114 18
180 120 12
180 128 2
180 138 10
180 142 13
180 143 7
180 191 3
180 233 25
180 256 17
180 278 15
181 192 12
181 203 7
181 231 16
181 239 15
181 242 37
181 259 2
181 268 1
181 273 15
182 52 36
182 69 25
182 86 22
182 103 3
182 106 1
182 124 40
182 140 8
182 146 1
182 150 7
183 30 7
183 55 23
183 116 6
183 118 3
183 151 5
183 178 9
183 189 5
183 191 3
183 242 11
183 269 16
183 288 42
184 23 15
184 65 10
184 74 1
184 79 3
184 80 7
184 167 19
184 188 12
184 194 22
184 212 21
184 216 2
184 257 12
184 283 17
185 149 21
185 167 12
185 192 15
185 205 3
185 232 38
185 237 25
185 259 4
185 275 5
185 282 13
186 126 6
186 168 20
186 198 11
186 211 4
186 221 28
186 230 10
186 232 18
186 238 11
186 241 4
186 272 23
186 277 6
187 41 1
187 52 7
187 93 20
187 94 3
187 135 19
187 161 11
187 216 5
187 261 12
188 23 1
188 79 1
188 166 15
188 167 11
188 216 22
188 234 14
188 237 41
188 253 29
188 270 35
188 281 9
188 289 31
189 18 5
189 30 2
189 61 13
189 62 7
189 83 2
189 131 10
189 205 11
189 206 20
189 215 39
189 242 8
189 248 38
189 255 15
189 274 32
189 282 33
189 287 34
190 24 8
190 40 10
190 57 11
190 67 37
190 83 7
190 86 19
190 159 19
190 202 18
190 227 9
190 241 22
190 251 21
190 285 35
191 130 3
191 168 21
191 180 2
191 233 1
191 256 2
192 18 5
192 60 1
192 96 14
192 99 14
192 181 21
192 251 24
192 265 4
192 269 18
192 278 12
193 7 8
193 66 32
193 76 26
193 109 14
193 131 34
193 148 30
193 162 40
193 229 14
193 231 10
193 239 23
193 245 13
194 23 6
194 52 5
194 56 3
194 65 12
194 149 9
194 156 12
194 270 6
194 283 2
195 220 5
195 257 2
195 289 10
196 35 2
196 38 7
196 68 7
196 95 11
196 143 23
196 166 4
196 177 13
196 225 41
197 56 35
197 84 3
197 104 6
197 117 12
197 149 6
197 152 5
197 184 17
197 205 36
197 212 3
197 280 7
198 110 7
198 126 2
198 168 3
198 186 3
198 221 19
198 241 6
198 272 5
198 277 18
198 287 7
199 58 18
199 124 6
199 129 26
199 224 24
199 264 2
199 271 2
199 279 6
200 7 2
200 8 12
200 19 25
200 83 15
200 95 30
200 110 3
200 116 12
200 137 8
200 154 24
200 208 32
200 234 8
200 252 41
201 11 6
201 45 4
201 51 23
201 74 23
201 77 11
201 112 12
201 174 10
201 182 13
201 250 3
201 256 29
201 267 11
201 284 14
202 21 15
202 24 17
202 49 21
202 57 12
202 67 22
202 76 10
202 83 7
202 86 17
202 133 12
202 159 13
202 241 8
202 285 4
203 87 11
203 115 12
203 148 3
203 152 16
203 239 20
203 256 9
203 268 12
204 74 8
204 82 1
204 102 4
204 138 1
204 227 6
204 241 1
204 244 1
204 251 5
204 278 17
205 53 13
205 185 9
205 215 5
205 219 18
205 228 13
205 230 1
205 232 24
205 269 4
205 289 17
206 60 5
206 102 2
206 130 12
206 138 7
206 204 36
206 238 6
206 244 10
206 251 23
206 256 12
206 269 12
207 102 11
207 130 13
207 138 28
207 204 25
207 206 20
207 244 11
207 249 2
207 251 51
207 256 38
207 278 5
208 0 12
208 19 4
208 51 5
208 62 11
208 68 17
208 137 8
208 143 25
208 144 3
208 154 5
208 219 30
208 255 7
209 35 3
209 38 10
209 65 15
209 68 15
209 78 7
209 95 6
209 177 14
209 196 11
209 225 19
209 246 9
209 247 3
209 258 16
209 271 2
210 20 6
210 63 25
210 79 2
210 124 51
210 143 21
210 147 11
210 164 15
210 188 2
210 214 12
210 223 20
210 234 5
210 263 11
210 270 3
210 279 3
211 116 20
211 126 14
211 154 4
211 168 15
211 186 7
211 198 33
211 221 40
211 241 6
211 272 24
211 277 5
212 23 3
212 53 14
212 79 4
212 149 14
212 184 8
212 194 24
212 216 16
212 283 15
213 32 20
213 50 13
213 69 16
213 133 19
213 153 7
213 171 1
213 217 25
213 222 30
213 250 13
213 263 13
213 267 28
213 285 2
214 60 4
214 149 17
214 175 14
214 188 2
214 236 9
214 257 22
214 261 2
215 39 11
215 62 6
215 274 9
215 280 8
215 282 16
215 287 6
216 35 4
216 53 9
216 166 10
216 167 20
216 237 14
216 253 15
216 270 20
216 281 28
217 67 22
217 69 40
217 153 2
217 186 5
217 261 10
217 267 15
218 0 1
218 26 11
218 74 38
218 102 29
218 123 9
218 137 15
218 168 27
218 227 23
218 231 6
218 244 27
218 250 1
219 75 1
219 205 4
219 220 2
219 232 9
219 259 1
219 288 13
220 18 3
220 96 18
220 163 10
220 195 21
220 219 3
220 276 16
220 289 16
221 126 4
221 168 2
221 207 1
221 272 12
221 277 1
222 15 3
222 65 6
222 69 7
222 110 3
222 148 19
222 213 1
222 217 15
222 233 5
222 267 7
223 54 5
223 60 15
223 78 16
223 80 1
223 124 12
223 129 3
223 147 1
223 188 6
223 263 16
223 279 13
224 16 5
224 21 14
224 54 3
224 58 18
224 70 11
224 80 10
224 95 4
224 156 15
224 194 12
224 199 10
224 264 6
224 271 4
225 68 14
225 95 12
225 177 4
226 18 3
226 47 7
226 52 2
226 137 1
226 159 11
226 250 1
226 283 23
226 284 6
226 288 2
227 83 1
227 123 2
227 130 3
227 204 4
227 206 23
227 218 5
227 226 15
227 244 9
227 250 13
227 273 9
228 116 1
228 185 5
228 205 6
228 230 3
228 232 33
228 248 3
228 274 32
228 275 8
228 282 32
228 287 14
229 1 3
229 66 13
229 131 7
229 148 13
229 193 4
229 203 38
229 239 5
229 245 6
230 53 22
230 185 27
230 205 34
230 219 33
230 220 17
230 226 4
230 228 10
230 232 57
230 270 23
230 275 18
231 66 2
231 67 12
231 70 15
231 163 12
231 261 7
231 268 9
231 273 3
232 53 1
232 96 6
232 126 9
232 205 14
232 219 3
233 3 6
233 10 1
233 47 3
233 70 17
233 98 18
233 114 6
233 120 13
233 138 24
233 180 4
233 189 4
233 191 16
233 250 7
234 27 3
234 166 29
234 167 33
234 206 3
234 214 24
234 216 60
234 237 9
234 270 11
234 281 7
235 40 12
235 41 13
235 52 1
235 57 1
235 67 39
235 93 14
235 94 35
235 135 28
235 159 17
235 187 18
235 254 19
236 175 18
236 199 18
236 286 15
237 89 6
237 163 9
237 166 6
237 167 5
237 195 47
237 216 5
237 253 2
237 275 1
237 281 9
238 126 21
238 168 12
238 186 14
238 198 16
238 211 3
238 221 12
238 230 7
238 241 8
238 243 1
238 256 18
238 272 28
238 277 6
239 66 12
239 115 1
239 131 4
239 152 13
239 193 2
239 203 27
239 245 17
239 267 2
240 3 8
240 21 30
240 49 11
240 50 23
240 93 20
240 106 20
240 133 3
240 145 12
240 146 2
240 153 3
240 161 20
240 187 23
241 126 19
241 168 15
241 186 9
241 198 6
241 211 10
241 221 16
241 238 16
241 272 38
241 277 39
241 283 3
242 46 13
242 55 38
242 116 5
242 151 10
242 183 1
242 253 1
242 260 30
242 288 56
243 7 15
243 30 2
243 42 29
243 75 8
243 89 6
243 96 14
243 105 17
243 111 23
243 246 11
243 258 9
243 270 13
244 204 2
244 227 3
244 250 6
244 256 5
244 261 21
244 272 9
245 59 3
245 66 13
245 76 12
245 131 16
245 148 15
245 162 3
245 229 12
245 239 2
245 255 4
245 265 11
246 17 26
246 48 9
246 71 20
246 85 5
246 108 1
246 125 3
246 134 28
246 141 30
246 144 3
246 160 29
246 203 23
246 247 11
246 266 20
247 27 14
247 88 3
247 125 2
247 141 2
247 144 2
247 152 2
247 154 3
247 210 1
247 212 13
247 262 4
247 266 26
248 53 14
248 62 34
248 215 25
248 274 36
248 282 13
248 287 23
249 26 8
249 42 7
249 91 7
249 92 17
249 106 1
249 123 15
249 196 18
249 207 18
249 218 12
249 226 50
249 227 8
249 250 21
249 285 1
250 26 8
250 123 14
250 218 3
250 222 16
250 227 3
250 244 14
250 269 16
250 273 29
251 18 8
251 138 1
251 204 9
251 269 5
251 278 7
252 19 3
252 39 10
252 46 2
252 75 2
252 137 13
252 139 8
252 154 6
252 208 6
252 215 31
252 282 30
253 23 33
253 124 13
253 166 10
253 167 10
253 216 2
253 234 18
253 237 6
253 265 7
253 270 25
254 93 4
254 94 14
254 135 14
254 187 17
254 190 7
254 193 16
254 235 1
254 250 2
254 261 23
255 62 26
255 215 57
255 224 2
255 248 10
255 274 24
255 279 15
255 282 50
255 287 39
256 18 1
256 130 8
256 138 23
256 195 15
256 204 4
256 278 10
257 53 2
257 60 19
257 163 26
257 187 7
257 195 10
257 261 23
257 276 3
258 89 16
258 93 4
258 111 2
258 126 17
258 154 15
258 243 14
258 279 4
259 60 13
259 186 2
259 195 12
259 219 14
259 220 28
259 275 6
259 283 7
259 289 30
260 55 12
260 61 9
260 116 3
260 118 11
260 183 3
260 226 11
260 288 1
261 67 9
261 163 5
261 214 16
261 220 13
261 244 5
261 257 7
261 267 6
261 276 4
262 44 20
262 90 8
262 118 7
262 144 16
262 152 8
262 162 18
262 185 6
262 196 11
262 266 35
262 286 16
263 20 9
263 78 9
263 124 30
263 143 3
263 223 6
263 236 5
263 254 1
263 264 18
263 279 1
264 16 3
264 54 18
264 58 29
264 59 25
264 156 13
264 199 7
264 214 18
264 224 16
264 225 3
264 271 12
264 286 17
265 74 2
265 82 15
265 99 4
265 138 17
265 192 24
265 207 6
265 251 49
265 269 34
265 278 8
266 15 1
266 55 1
266 66 10
266 90 3
266 118 6
267 69 6
267 124 8
267 213 13
268 27 17
268 34 12
268 67 22
268 70 9
268 87 18
268 115 26
268 155 5
268 181 18
268 231 10
268 273 10
269 82 2
269 206 4
269 251 9
269 259 3
269 278 13
270 166 2
270 237 7
270 276 10
270 281 7
271 16 33
271 54 4
271 58 27
271 79 16
271 90 8
271 156 27
271 199 16
271 224 1
271 264 34
271 281 9
272 198 11
272 286 9
273 87 10
273 115 19
273 134 1
273 160 2
273 181 8
273 222 6
274 62 5
274 215 2
274 275 38
274 282 17
274 287 8
275 53 20
275 104 2
275 185 16
275 205 7
275 219 22
275 228 12
275 232 23
276 127 4
276 163 8
276 195 22
276 220 4
276 261 7
276 289 22
277 126 4
277 168 10
277 186 5
277 211 10
277 221 5
277 272 17
278 74 8
278 82 17
278 99 4
278 192 5
278 204 3
278 251 12
278 256 7
278 269 4
279 20 3
279 54 2
279 124 16
279 129 4
279 143 6
279 210 2
279 263 12
280 117 4
280 121 10
280 212 11
281 166 4
281 167 12
281 234 2
281 237 34
281 253 11
281 270 26
282 46 2
282 215 2
282 274 1
282 287 6
283 23 40
283 65 11
283 80 6
283 184 7
283 194 11
283 212 7
283 214 8
284 45 2
284 112 1
284 201 1
285 24 24
285 86 19
285 159 2
285 190 5
285 202 14
286 129 16
286 142 2
287 62 3
287 228 10
287 274 7
287 282 10
288 219 14
288 226 7
288 260 10
