0 1 11
0 2 7
0 6 2
0 9 17
0 23 17
0 34 24
0 35 5
0 46 16
0 64 23
0 71 9
0 77 10
0 130 33
0 142 27
0 163 27
0 175 11
0 202 30
0 213 22
0 258 14
1 13 11
1 17 9
1 23 1
1 32 35
1 48 5
1 62 4
1 66 29
1 114 3
1 128 1
1 144 12
1 166 15
1 175 17
1 188 43
1 208 24
1 257 1
1 271 21
1 280 34
1 281 8
1 284 2
2 4 11
2 5 8
2 11 14
2 18 36
2 27 2
2 61 6
2 122 17
2 136 31
2 140 4
2 145 39
2 160 10
2 161 10
2 178 13
2 199 18
2 218 42
2 239 9
2 241 5
2 272 22
3 108 12
3 111 9
3 113 29
3 126 3
3 167 4
3 170 16
3 177 11
3 182 20
3 191 10
3 212 5
3 216 42
3 259 15
4 7 11
4 10 2
4 45 5
4 80 8
4 87 8
4 122 12
4 130 9
4 156 13
4 183 3
4 185 12
4 187 16
4 193 9
4 199 26
4 250 5
4 261 21
4 263 13
4 267 24
5 18 18
5 26 27
5 27 6
5 28 29
5 33 17
5 34 13
5 69 10
5 77 28
5 83 26
5 97 52
5 105 49
5 112 35
5 115 34
5 124 23
5 130 7
5 166 8
5 168 14
5 244 7
5 255 2
5 257 6
6 3 32
6 4 21
6 37 16
6 47 26
6 53 6
6 59 15
6 65 17
6 70 8
6 72 25
6 85 21
6 86 20
6 92 9
6 110 22
6 131 26
6 197 22
6 198 3
6 235 41
7 11 19
7 44 16
7 49 32
7 57 8
7 83 10
7 102 22
7 116 40
7 154 17
7 208 49
7 237 9
7 265 31
8 1 19
8 7 7
8 17 60
8 26 9
8 29 14
8 32 17
8 40 11
8 48 31
8 58 24
8 65 9
8 89 16
8 93 3
8 114 6
8 120 12
8 166 39
8 249 24
8 265 5
9 13 5
9 35 7
9 46 11
9 56 3
9 125 20
9 142 13
9 163 13
9 175 13
9 184 11
9 236 14
9 250 1
9 265 9
9 287 18
10 7 14
10 11 68
10 26 8
10 27 7
10 33 15
10 34 20
10 49 72
10 57 65
10 62 6
10 83 48
10 84 5
10 93 11
10 102 39
10 154 57
10 168 18
10 207 53
10 226 55
10 231 32
10 265 79
10 273 18
11 45 2
11 49 1
11 57 35
11 87 23
11 102 24
11 123 6
11 124 15
11 142 1
11 154 9
11 265 14
11 273 4
12 9 25
12 24 9
12 35 39
12 36 22
12 39 44
12 48 14
12 51 8
12 78 6
12 89 2
12 121 45
12 122 29
12 123 33
12 124 31
12 188 46
12 192 10
12 230 22
12 287 20
13 0 6
13 9 10
13 23 7
13 35 16
13 46 13
13 47 1
13 71 1
13 96 13
13 142 24
13 163 5
13 175 9
13 199 39
13 223 53
13 232 32
13 252 5
14 19 14
14 22 10
14 139 6
14 171 9
14 184 6
14 213 21
14 226 3
14 247 20
14 267 13
14 283 17
14 288 19
15 4 14
15 7 7
15 29 13
15 45 18
15 49 6
15 77 13
15 87 27
15 104 15
15 106 33
15 156 25
15 185 10
15 187 33
15 192 31
15 193 14
15 204 1
15 214 13
15 261 35
15 263 34
16 95 1
16 120 9
16 148 17
16 232 7
16 251 4
16 256 12
16 275 18
16 284 9
17 1 3
17 48 3
17 62 2
17 109 51
17 119 4
17 166 13
17 196 11
17 207 15
17 213 10
17 230 19
17 232 35
17 236 21
17 267 35
17 280 46
18 2 12
18 154 14
18 178 3
18 180 11
18 187 3
18 193 16
18 239 2
19 14 13
19 50 13
19 72 5
19 73 12
19 106 11
19 171 3
19 213 4
19 219 7
19 225 10
19 240 31
19 267 22
19 271 8
19 283 14
20 70 1
20 118 8
20 138 2
20 176 4
20 211 34
20 234 6
20 235 31
20 240 31
20 246 31
20 247 29
20 248 20
20 267 9
20 288 30
21 30 9
21 42 6
21 107 19
21 174 2
21 195 78
21 220 18
21 222 29
21 233 6
21 278 20
22 31 28
22 44 4
22 131 18
22 231 13
22 237 3
22 250 10
22 273 17
23 0 8
23 9 15
23 13 24
23 29 8
23 35 16
23 43 19
23 79 4
23 142 35
23 152 30
23 163 11
23 175 9
23 181 6
23 236 49
23 280 16
24 12 5
24 39 33
24 48 23
24 99 8
24 121 41
24 122 26
24 123 7
24 124 9
24 132 14
24 134 6
24 141 4
24 171 3
25 49 4
25 68 4
25 132 14
25 143 9
25 164 8
25 187 19
25 200 7
25 204 13
25 249 9
25 261 1
25 268 13
25 273 9
26 13 4
26 18 18
26 27 13
26 33 11
26 34 33
26 51 23
26 69 10
26 97 35
26 112 40
26 115 31
26 130 32
26 161 6
26 163 24
26 178 12
26 191 38
26 192 29
26 264 56
26 287 38
27 26 14
27 33 8
27 34 40
27 44 36
27 47 23
27 60 15
27 61 11
27 69 14
27 72 41
27 97 48
27 102 3
27 112 46
27 115 41
27 116 32
27 130 17
27 134 46
27 161 19
27 272 30
28 2 28
28 18 26
28 22 15
28 81 7
28 87 11
28 129 21
28 145 17
28 161 26
28 178 10
28 214 12
28 218 10
28 239 17
28 255 11
28 262 21
29 19 14
29 31 54
29 50 26
29 65 39
29 70 23
29 92 12
29 95 23
29 110 54
29 140 3
29 173 46
29 189 8
29 209 1
29 279 12
30 3 6
30 79 27
30 94 16
30 99 4
30 125 12
30 134 19
30 141 13
30 148 6
30 187 21
30 204 23
30 205 7
30 223 11
30 259 10
31 50 4
31 72 8
31 100 11
31 211 12
31 225 4
31 263 5
32 1 17
32 12 27
32 17 19
32 35 8
32 48 6
32 62 3
32 82 5
32 119 5
32 127 13
32 166 22
32 206 3
32 220 50
32 227 16
32 247 14
33 17 5
33 26 12
33 27 17
33 34 28
33 43 2
33 56 30
33 69 32
33 77 33
33 97 24
33 112 36
33 115 61
33 130 19
33 165 47
33 172 52
33 191 21
33 199 17
33 243 21
33 258 36
34 115 3
34 121 17
34 130 13
34 248 43
34 252 14
34 264 14
34 289 2
35 0 7
35 9 17
35 13 3
35 23 3
35 79 9
35 91 8
35 104 13
35 142 9
35 163 8
35 275 37
36 16 25
36 88 2
36 103 6
36 116 6
36 125 2
36 132 8
36 164 2
36 251 40
36 259 28
36 268 5
36 275 43
37 30 4
37 47 6
37 53 3
37 55 14
37 59 6
37 65 4
37 90 9
37 176 11
37 191 6
37 198 4
37 229 20
38 31 14
38 37 22
38 48 3
38 55 13
38 58 28
38 66 39
38 86 63
38 87 1
38 91 25
38 136 11
38 205 14
38 210 34
38 215 20
38 238 37
38 242 11
38 282 29
39 121 5
39 122 2
39 124 2
39 180 7
40 1 6
40 11 13
40 29 1
40 54 5
40 82 14
40 96 2
40 104 4
40 147 14
40 189 13
40 197 21
40 203 14
40 227 35
40 260 9
40 269 33
40 271 16
40 272 15
41 22 31
41 44 9
41 84 8
41 114 18
41 131 42
41 133 3
41 180 5
41 204 7
41 207 1
41 208 30
41 228 7
41 231 8
41 237 13
41 250 7
41 252 1
42 63 20
42 75 8
42 76 5
42 140 18
42 159 7
42 186 8
42 192 2
42 201 16
42 216 22
42 224 10
42 241 21
42 279 28
42 289 21
43 15 19
43 57 14
43 82 6
43 96 14
43 103 5
43 153 21
43 170 14
43 202 17
43 215 4
43 258 9
43 278 24
43 281 14
43 287 18
44 22 4
44 31 3
44 50 22
44 79 2
44 131 11
44 202 3
44 208 24
44 214 6
44 228 4
44 231 5
44 237 13
44 250 17
44 252 29
45 4 1
45 15 2
45 18 29
45 37 24
45 87 29
45 173 32
45 185 11
45 187 19
45 193 18
45 209 4
45 214 13
45 249 8
45 261 30
45 263 36
46 0 27
46 8 2
46 9 16
46 13 4
46 23 21
46 35 28
46 71 17
46 73 11
46 113 8
46 139 16
46 142 16
46 146 16
46 163 28
46 206 9
46 227 36
46 261 29
47 6 6
47 26 2
47 29 3
47 37 28
47 48 9
47 53 24
47 57 15
47 59 13
47 85 3
47 90 10
47 93 2
47 145 17
47 166 13
47 171 17
47 198 6
47 208 29
47 271 19
47 276 30
48 1 3
48 17 2
48 23 33
48 32 12
48 59 13
48 140 19
48 147 9
48 166 5
48 202 25
48 225 25
48 260 36
49 7 2
49 11 4
49 22 1
49 25 13
49 57 22
49 94 12
49 102 2
49 154 16
49 201 12
49 207 7
49 265 10
49 268 22
50 14 2
50 31 2
50 58 5
50 70 6
50 106 3
50 110 3
50 173 16
50 263 9
51 12 3
51 24 33
51 36 16
51 39 31
51 80 9
51 89 14
51 104 2
51 107 3
51 121 14
51 122 24
51 123 1
51 124 61
51 135 39
51 145 3
51 193 9
51 239 12
51 287 2
52 25 13
52 68 40
52 132 7
52 143 38
52 180 16
52 187 17
52 200 63
52 204 19
52 249 42
52 253 17
52 266 7
52 268 67
52 273 22
53 6 15
53 37 16
53 57 14
53 59 8
53 60 15
53 90 13
53 100 41
53 110 39
53 173 22
53 198 2
53 230 10
53 248 30
53 282 33
54 118 22
54 146 8
54 179 17
54 201 14
54 202 6
54 205 43
54 219 15
54 238 3
54 243 20
54 265 22
54 276 40
54 279 24
54 282 31
54 286 51
55 100 2
55 122 3
55 209 1
55 282 9
56 98 29
56 105 21
56 111 8
56 138 5
56 146 5
56 150 29
56 165 10
56 192 12
56 216 30
56 243 8
56 245 45
56 250 1
56 289 2
57 7 13
57 49 6
57 83 3
57 136 20
57 154 4
57 171 15
57 218 21
57 265 16
58 170 1
58 190 2
58 225 14
58 269 5
58 270 3
58 274 19
59 37 20
59 53 4
59 84 3
59 93 1
59 106 29
59 110 1
59 137 39
59 173 26
59 198 7
59 209 3
59 217 10
59 219 2
59 220 39
59 233 23
60 55 41
60 100 10
60 106 2
60 110 26
60 136 4
60 139 14
60 208 3
60 209 12
60 217 17
60 225 17
60 248 18
60 261 10
60 276 10
60 282 18
61 104 7
61 107 13
61 112 3
61 117 13
61 145 17
61 188 14
61 201 9
61 218 9
61 241 11
61 251 25
61 255 3
61 256 8
61 264 11
62 0 23
62 1 13
62 8 20
62 17 38
62 32 7
62 42 16
62 48 49
62 77 38
62 100 59
62 114 2
62 115 22
62 120 3
62 166 64
62 190 36
62 194 34
62 206 9
62 227 49
62 271 31
63 42 12
63 75 25
63 117 17
63 128 2
63 129 1
63 155 36
63 159 7
63 188 60
63 191 7
63 201 6
63 221 6
63 223 25
63 224 35
63 229 2
63 241 15
63 254 14
63 284 21
63 289 18
64 14 29
64 76 7
64 109 46
64 120 13
64 126 13
64 135 18
64 149 12
64 159 46
64 184 58
64 202 24
64 240 14
64 242 3
64 257 7
64 258 16
64 277 14
65 31 5
65 38 6
65 50 70
65 70 23
65 92 10
65 129 20
65 173 17
65 205 1
65 225 12
65 258 29
66 34 1
66 86 52
66 197 7
66 215 3
66 217 12
66 226 21
66 238 21
66 240 10
66 242 7
67 16 16
67 30 17
67 120 26
67 148 22
67 168 26
67 232 20
67 256 24
67 260 7
67 277 29
67 280 5
67 284 44
68 25 20
68 84 7
68 101 11
68 133 3
68 180 23
68 256 16
68 266 13
68 268 53
69 5 3
69 26 1
69 27 27
69 34 37
69 46 2
69 49 7
69 97 12
69 102 10
69 108 28
69 111 25
69 112 35
69 115 29
69 130 12
69 203 32
69 206 17
69 208 40
70 31 4
70 42 4
70 50 3
70 110 9
70 129 15
70 140 7
70 173 19
70 226 4
70 246 4
70 283 16
71 9 22
71 13 7
71 23 20
71 35 54
71 46 7
71 93 4
71 111 14
71 142 69
71 158 3
71 159 24
71 163 18
71 175 47
71 206 9
71 257 1
71 261 27
72 14 17
72 19 11
72 55 1
72 73 7
72 139 41
72 171 9
72 206 15
72 213 21
72 217 14
72 267 13
72 283 64
72 286 15
73 14 18
73 19 11
73 55 10
73 72 2
73 100 3
73 105 8
73 173 23
73 208 21
73 213 26
73 225 12
73 240 13
73 242 7
73 267 26
73 283 38
74 68 29
74 75 10
74 84 30
74 101 26
74 110 23
74 129 4
74 131 27
74 133 28
74 137 51
74 155 3
74 180 55
74 212 36
74 253 19
74 266 37
75 18 3
75 63 6
75 97 3
75 116 13
75 129 7
75 140 9
75 159 3
75 224 8
75 244 6
75 264 20
75 289 15
76 64 12
76 99 1
76 104 7
76 116 44
76 119 6
76 126 8
76 149 29
76 154 29
76 157 5
76 159 5
76 176 18
76 178 8
76 182 3
76 188 23
76 221 6
76 257 4
76 281 22
77 20 13
77 37 6
77 96 3
77 107 10
77 109 16
77 122 29
77 127 2
77 135 3
77 151 19
77 176 3
77 184 20
77 189 34
77 226 11
77 258 26
77 286 28
78 28 2
78 42 15
78 99 8
78 101 23
78 103 15
78 135 4
78 138 5
78 155 30
78 160 22
78 186 14
78 199 17
78 241 23
78 254 43
78 255 2
78 264 51
79 24 7
79 30 15
79 43 16
79 94 22
79 99 22
79 103 13
79 109 25
79 116 26
79 124 2
79 134 21
79 141 22
79 148 14
79 190 15
79 237 23
79 259 38
79 261 16
79 288 28
80 36 27
80 88 18
80 103 32
80 116 8
80 121 25
80 125 19
80 132 28
80 164 18
80 188 5
80 259 37
81 2 28
81 4 20
81 16 68
81 18 103
81 23 3
81 28 22
81 48 48
81 64 2
81 75 50
81 85 3
81 116 51
81 123 24
81 132 42
81 140 52
81 145 35
81 161 16
81 178 22
81 191 40
81 239 32
81 242 34
81 244 51
81 284 43
82 43 2
82 48 2
82 96 4
82 153 19
82 202 10
82 203 7
82 223 24
82 226 11
82 246 15
82 258 26
82 260 6
82 271 12
83 11 7
83 49 28
83 56 15
83 57 6
83 102 14
83 154 5
83 207 1
83 239 13
83 265 24
83 266 11
83 273 26
84 44 2
84 68 37
84 101 28
84 128 8
84 133 9
84 164 11
84 177 9
84 180 15
84 193 4
84 237 9
84 249 6
84 253 6
84 259 2
84 266 18
85 0 12
85 9 36
85 37 35
85 47 24
85 53 14
85 59 25
85 64 1
85 90 28
85 93 1
85 167 4
85 192 26
85 198 5
85 202 14
85 215 6
85 226 27
85 234 26
85 288 18
86 66 7
86 72 2
86 137 2
86 210 15
86 235 21
86 238 5
86 242 4
87 4 5
87 14 17
87 15 2
87 60 27
87 77 7
87 124 9
87 136 35
87 261 4
87 263 12
87 273 5
88 36 4
88 103 3
88 125 21
88 164 2
88 223 8
88 239 6
88 251 13
88 259 2
88 275 24
89 0 6
89 12 10
89 24 29
89 39 30
89 51 15
89 78 11
89 121 56
89 122 5
89 123 46
89 124 7
89 133 8
89 135 24
89 188 31
89 192 17
89 203 32
89 218 37
89 233 31
89 258 21
89 285 16
90 6 4
90 7 8
90 20 22
90 37 21
90 47 5
90 59 22
90 65 5
90 74 3
90 86 17
90 100 45
90 161 14
90 176 7
90 179 15
90 198 10
91 29 10
91 47 1
91 66 14
91 86 23
91 131 3
91 208 12
91 210 14
91 226 12
91 238 12
91 247 12
92 20 1
92 31 13
92 50 28
92 65 10
92 70 19
92 106 37
92 109 10
92 110 12
92 171 3
92 173 26
92 179 2
92 240 16
93 6 18
93 33 18
93 37 39
93 43 16
93 47 19
93 53 57
93 59 2
93 85 9
93 90 31
93 95 24
93 113 41
93 118 51
93 121 29
93 139 36
93 210 43
93 258 46
93 279 15
94 23 18
94 24 1
94 36 7
94 99 10
94 134 1
94 141 6
94 221 2
94 242 5
95 16 17
95 67 12
95 120 25
95 148 44
95 164 28
95 168 26
95 219 3
95 232 23
95 256 27
95 277 11
95 284 8
96 40 19
96 43 1
96 48 9
96 82 27
96 86 10
96 99 9
96 126 13
96 153 6
96 158 27
96 170 5
96 202 22
96 203 2
96 223 27
96 227 5
96 258 50
97 34 8
97 49 15
97 112 11
97 115 26
97 129 11
97 130 1
97 224 12
97 241 8
97 258 3
97 262 10
98 106 17
98 125 6
98 136 21
98 137 41
98 151 21
98 174 19
98 192 5
98 195 3
98 216 30
98 220 30
98 278 22
99 3 8
99 30 14
99 51 19
99 76 1
99 94 12
99 116 27
99 134 19
99 141 18
99 148 2
99 175 14
99 230 13
99 233 20
100 55 13
100 110 2
100 208 4
100 209 1
100 212 4
100 217 21
100 225 9
100 276 15
100 282 3
101 57 5
101 68 3
101 70 18
101 88 18
101 131 24
101 180 22
101 203 4
101 219 1
101 247 46
101 266 17
102 7 6
102 10 8
102 11 33
102 41 10
102 49 1
102 51 13
102 55 12
102 57 26
102 83 44
102 100 37
102 101 1
102 154 16
102 207 13
102 265 34
102 271 23
103 36 6
103 88 12
103 164 2
103 226 4
103 251 12
103 259 13
103 285 40
104 12 21
104 61 19
104 87 8
104 117 19
104 149 1
104 199 3
104 201 3
104 244 20
105 56 3
105 111 2
105 150 10
105 165 14
105 201 3
105 243 5
105 245 14
105 254 6
106 137 3
106 151 12
106 173 1
106 195 11
106 211 7
106 262 7
106 276 19
106 283 1
107 136 6
107 189 1
107 195 47
107 220 32
107 222 4
107 233 4
107 278 10
108 3 18
108 113 23
108 152 23
108 182 31
108 191 14
108 212 52
108 216 34
108 222 27
108 243 14
108 275 22
108 289 12
109 113 11
109 136 10
109 147 3
109 151 8
109 184 8
109 211 11
109 233 5
109 234 10
109 262 1
110 31 12
110 37 1
110 50 22
110 65 30
110 70 11
110 173 19
110 217 19
110 238 4
110 282 38
111 56 2
111 63 8
111 105 11
111 140 4
111 146 1
111 150 2
111 165 23
111 245 4
111 271 10
112 24 5
112 34 4
112 97 9
112 105 8
112 115 15
112 129 24
112 186 32
112 199 24
112 278 44
113 109 30
113 146 7
113 216 2
114 1 2
114 11 12
114 17 41
114 32 8
114 48 7
114 62 14
114 127 34
114 128 5
114 139 23
114 151 22
114 152 11
114 166 4
114 218 31
114 233 49
114 236 48
114 257 17
114 276 50
115 69 2
115 75 10
115 86 17
115 112 4
115 128 14
115 273 5
116 75 7
116 134 3
116 136 25
116 164 1
116 183 1
116 188 8
116 220 21
116 251 12
117 61 1
117 78 3
117 97 4
117 104 21
117 201 13
117 218 4
117 221 7
117 244 1
117 262 8
117 286 27
118 54 5
118 106 5
118 137 25
118 166 5
118 173 14
118 176 21
118 179 37
118 205 29
118 219 19
118 243 21
118 248 37
118 276 40
118 279 28
118 282 41
118 286 51
119 9 6
119 17 12
119 43 3
119 58 22
119 64 11
119 66 4
119 76 26
119 77 13
119 116 29
119 117 6
119 126 15
119 149 19
119 159 2
119 169 17
119 194 20
119 227 27
120 16 25
120 117 2
120 148 24
120 168 18
120 205 5
120 232 12
120 256 16
120 277 3
120 278 27
120 284 16
121 39 15
121 51 2
121 65 2
121 104 2
121 115 2
121 124 3
121 132 15
121 199 9
121 200 15
122 12 7
122 24 2
122 39 2
122 51 20
122 89 7
122 94 1
122 116 10
122 121 32
122 123 9
122 124 4
122 134 13
122 182 12
122 269 9
122 271 5
123 12 7
123 36 2
123 39 17
123 51 1
123 70 5
123 88 22
123 89 5
123 121 11
123 124 2
123 183 21
123 254 5
123 256 4
123 261 2
124 22 3
124 39 8
124 94 11
124 121 10
124 122 9
124 123 11
124 132 4
124 164 11
125 21 10
125 30 8
125 36 2
125 45 4
125 80 10
125 88 23
125 103 30
125 132 9
125 149 8
125 154 13
125 164 34
125 192 20
125 251 12
125 259 44
125 275 53
126 40 13
126 48 2
126 64 1
126 76 2
126 82 26
126 119 17
126 129 18
126 147 14
126 149 8
126 158 21
126 159 9
126 177 16
126 198 5
126 203 17
126 215 13
126 236 45
126 265 28
126 274 12
127 106 13
127 107 4
127 136 17
127 137 15
127 147 17
127 152 6
127 169 20
127 213 10
127 230 51
128 70 36
128 75 16
128 77 19
128 82 7
128 90 14
128 95 11
128 129 27
128 140 15
128 154 16
128 157 6
128 165 30
128 179 1
128 187 23
128 201 8
128 206 10
128 219 7
128 244 21
128 257 19
128 281 12
129 77 14
129 115 11
129 120 13
129 140 23
129 165 7
129 166 19
129 219 9
129 229 6
129 263 28
129 279 12
130 5 11
130 26 4
130 27 4
130 33 2
130 56 2
130 97 25
130 105 22
130 112 12
130 115 14
130 145 9
130 151 9
130 165 15
130 231 7
131 123 1
131 261 8
131 266 18
132 25 6
132 36 9
132 80 21
132 88 8
132 103 16
132 113 4
132 125 1
132 164 12
132 181 16
132 199 14
132 259 28
132 285 41
133 6 16
133 18 15
133 22 3
133 68 7
133 84 9
133 91 20
133 101 8
133 102 1
133 110 15
133 180 18
133 247 32
133 252 8
133 253 14
133 266 32
134 79 5
134 94 12
134 99 10
134 103 18
134 116 2
134 141 2
134 164 7
134 221 3
134 251 14
134 275 13
135 116 6
135 181 1
135 188 10
135 222 10
135 281 1
135 285 12
136 31 15
136 39 1
136 92 4
136 109 12
136 184 20
136 195 14
136 233 19
137 106 25
137 127 6
137 195 29
137 220 6
137 234 19
137 235 3
138 78 22
138 91 5
138 96 7
138 129 2
138 155 6
138 160 11
138 167 7
138 172 15
138 179 10
138 186 4
138 216 28
138 241 33
138 243 14
138 245 7
138 254 33
138 264 37
139 50 7
139 55 18
139 60 16
139 100 33
139 111 6
139 208 11
139 209 5
139 210 4
139 217 17
139 225 35
139 279 5
139 286 32
140 77 1
140 98 18
140 111 1
140 128 7
140 129 5
140 130 1
140 153 1
140 192 7
140 226 14
140 241 5
141 30 11
141 31 10
141 39 15
141 79 1
141 83 22
141 94 4
141 99 4
141 107 12
141 115 7
141 116 18
141 134 11
141 148 14
141 183 9
141 192 12
141 259 22
141 278 16
142 9 3
142 23 8
142 35 10
142 39 4
142 46 5
142 175 4
142 232 16
142 259 10
142 261 13
142 274 25
142 275 9
143 21 6
143 39 16
143 67 11
143 124 10
143 133 10
143 187 3
143 200 10
143 204 19
143 237 5
143 249 1
143 253 1
143 268 1
143 273 15
144 21 30
144 107 61
144 167 22
144 174 32
144 195 66
144 220 28
144 222 47
144 233 28
144 270 38
144 278 21
144 289 12
145 18 14
145 73 5
145 83 5
145 123 32
145 137 28
145 161 2
145 178 2
145 196 1
145 225 15
145 289 5
146 56 2
146 105 27
146 111 4
146 150 28
146 163 2
146 165 8
146 216 8
146 234 30
146 243 19
146 245 12
146 260 12
147 127 1
147 151 12
147 152 9
147 169 22
147 222 11
147 227 2
147 230 9
147 236 3
147 269 20
147 280 19
148 116 9
148 182 18
148 232 3
148 256 7
148 284 9
148 287 10
149 17 3
149 28 4
149 76 11
149 78 7
149 80 3
149 94 14
149 99 10
149 119 15
149 126 25
149 159 19
149 170 14
149 223 6
149 257 3
149 259 33
149 275 15
149 281 25
150 50 17
150 109 1
150 111 13
150 112 8
150 138 9
150 165 16
150 191 3
150 224 2
150 243 9
150 245 15
150 262 24
150 272 18
150 289 9
151 98 2
151 107 19
151 109 4
151 184 28
151 189 15
151 220 3
151 227 11
151 234 14
151 240 9
151 247 6
151 267 6
151 272 8
151 288 28
152 57 5
152 58 13
152 127 8
152 169 18
152 196 10
152 203 9
152 236 7
152 270 5
152 280 6
153 43 3
153 56 4
153 108 7
153 117 11
153 135 21
153 158 9
153 202 3
153 212 5
153 221 1
153 223 16
153 224 17
153 258 21
154 4 13
154 11 18
154 22 6
154 83 12
154 102 2
154 173 10
154 207 4
154 265 24
154 266 10
155 56 4
155 98 22
155 138 12
155 160 4
155 186 26
155 192 10
155 241 30
155 244 7
155 254 18
155 262 11
155 264 35
155 289 11
156 4 18
156 18 32
156 43 5
156 45 32
156 52 10
156 87 34
156 88 39
156 108 12
156 124 19
156 145 29
156 159 27
156 185 18
156 193 9
156 225 36
156 261 26
156 263 36
156 284 11
157 18 16
157 42 16
157 44 20
157 61 20
157 63 13
157 75 17
157 79 17
157 104 8
157 117 17
157 140 17
157 158 16
157 201 51
157 215 31
157 218 70
157 244 37
157 255 18
157 262 6
157 289 15
158 3 15
158 43 9
158 67 8
158 82 23
158 96 2
158 153 16
158 174 16
158 194 18
158 202 17
158 223 16
158 230 16
158 258 21
158 260 10
158 284 19
159 76 16
159 111 2
159 113 1
159 116 21
159 119 26
159 140 2
159 149 9
159 182 1
159 262 21
160 42 7
160 97 7
160 117 4
160 132 5
160 138 5
160 155 16
160 186 24
160 241 12
160 254 10
160 262 14
160 264 15
161 2 10
161 18 32
161 28 1
161 76 2
161 90 9
161 114 7
161 145 22
161 154 10
161 178 9
161 189 21
161 190 11
161 239 44
161 267 38
161 270 5
162 7 5
162 8 17
162 29 3
162 35 9
162 38 21
162 47 12
162 66 38
162 86 57
162 91 46
162 119 13
162 181 37
162 208 34
162 210 31
162 215 10
162 226 99
162 238 37
162 242 16
163 0 2
163 9 23
163 13 11
163 23 11
163 35 9
163 46 8
163 50 23
163 64 3
163 71 2
163 84 21
163 129 26
163 142 17
163 196 18
163 265 13
163 270 18
164 25 12
164 36 7
164 88 14
164 103 5
164 132 19
164 239 11
165 56 7
165 105 1
165 111 13
165 146 3
165 150 12
165 172 3
165 243 3
165 245 3
165 254 7
165 262 12
166 8 3
166 17 6
166 114 4
166 127 4
166 169 26
166 189 13
166 194 13
166 260 3
166 274 21
166 279 10
167 3 4
167 39 7
167 98 14
167 109 45
167 113 23
167 137 66
167 144 6
167 146 7
167 165 5
167 192 25
167 216 50
167 234 13
167 262 7
167 278 34
168 16 39
168 18 5
168 75 11
168 88 27
168 95 14
168 99 4
168 120 44
168 132 29
168 148 25
168 185 3
168 232 24
168 256 12
168 275 32
168 277 14
168 284 15
168 287 18
169 109 13
169 152 18
169 174 10
169 184 9
169 227 27
169 236 10
169 280 3
170 58 14
170 94 11
170 122 1
170 151 11
170 177 1
170 182 7
170 190 33
170 194 20
170 196 20
170 212 6
170 217 18
170 269 21
170 270 32
170 274 25
171 14 12
171 19 1
171 31 14
171 70 17
171 72 7
171 73 14
171 91 17
171 139 4
171 176 9
171 189 11
171 213 31
171 267 12
171 283 45
171 286 3
172 34 4
172 56 22
172 105 10
172 111 29
172 146 32
172 150 43
172 165 21
172 188 14
172 243 29
172 245 5
172 289 13
173 31 11
173 50 12
173 70 17
173 217 6
173 219 6
173 282 13
173 283 3
174 21 7
174 107 12
174 155 11
174 195 20
174 220 20
174 222 3
174 233 6
174 236 2
174 278 10
175 0 17
175 9 15
175 13 9
175 23 1
175 32 1
175 35 29
175 46 34
175 81 7
175 103 19
175 163 31
175 181 21
175 251 24
176 77 11
176 137 27
176 173 7
176 179 18
176 211 20
176 234 15
176 235 32
176 240 1
176 246 38
176 247 33
176 288 40
177 25 7
177 51 11
177 58 90
177 108 1
177 113 2
177 146 14
177 170 17
177 190 37
177 194 12
177 196 21
177 215 10
177 216 14
177 219 4
177 245 15
177 269 6
177 270 42
177 274 5
178 2 36
178 18 30
178 28 4
178 32 8
178 61 2
178 80 8
178 104 44
178 117 20
178 126 9
178 135 65
178 145 25
178 172 2
178 192 28
178 228 2
178 239 36
178 252 24
179 54 7
179 192 13
179 205 13
179 219 2
179 248 19
179 276 26
179 279 14
179 282 17
179 286 31
180 55 20
180 84 2
180 87 23
180 136 9
180 143 5
180 164 17
180 187 22
180 253 5
180 266 20
181 16 2
181 39 21
181 79 13
181 94 12
181 132 22
181 135 18
181 183 12
181 188 27
181 199 42
181 275 31
181 281 13
181 285 82
181 287 49
182 113 28
182 147 4
182 212 8
182 216 25
182 262 10
182 264 4
182 274 8
182 281 10
183 88 5
183 103 7
183 135 39
183 181 2
183 188 2
183 199 12
183 251 15
183 275 18
183 281 17
183 285 41
183 287 29
184 92 4
184 109 11
184 137 10
184 151 30
184 211 1
184 240 3
184 278 1
185 4 13
185 15 6
185 43 14
185 45 3
185 53 33
185 87 29
185 103 12
185 113 31
185 141 31
185 156 6
185 174 17
185 193 2
185 250 5
185 261 22
185 262 12
185 263 32
185 267 10
186 78 26
186 98 22
186 136 20
186 167 9
186 192 18
186 241 5
186 254 12
186 264 11
187 52 4
187 143 7
187 204 4
187 237 4
187 249 4
187 268 20
187 273 15
188 80 6
188 135 5
188 183 1
188 199 9
188 281 16
188 285 32
188 287 6
189 40 5
189 60 1
189 66 15
189 109 8
189 197 4
189 203 1
189 227 13
189 246 13
189 260 9
189 271 16
189 272 11
190 58 17
190 152 16
190 170 2
190 194 8
190 247 16
190 260 3
190 269 16
190 270 16
190 274 19
191 3 12
191 34 8
191 108 14
191 113 31
191 153 10
191 182 18
191 212 45
191 216 47
191 221 3
192 98 7
192 137 25
192 160 4
192 172 30
192 200 7
192 259 9
193 4 1
193 45 10
193 50 25
193 80 9
193 87 41
193 112 19
193 150 7
193 155 8
193 156 5
193 185 14
193 261 24
193 263 23
193 265 5
194 58 17
194 170 16
194 177 3
194 190 2
194 209 2
194 243 6
194 269 2
194 270 21
194 274 6
194 283 15
195 137 10
195 278 3
196 58 20
196 166 12
196 170 15
196 190 11
196 194 12
196 222 2
196 269 18
196 270 16
196 274 2
196 280 29
197 14 5
197 96 7
197 147 7
197 151 21
197 184 27
197 189 1
197 203 27
197 227 17
197 246 3
197 255 1
197 260 14
197 271 32
197 272 25
198 6 10
198 37 10
198 39 27
198 47 2
198 53 22
198 59 1
198 77 14
198 85 5
198 93 3
198 109 26
198 128 10
198 151 30
198 231 19
198 269 36
199 42 3
199 135 17
199 145 3
199 183 25
199 188 6
199 281 2
199 285 44
199 287 39
200 68 3
200 143 9
200 187 24
200 249 5
200 263 12
200 268 28
200 273 24
201 61 6
201 104 5
201 160 1
201 255 1
202 92 16
202 96 4
202 184 16
202 219 7
202 223 18
202 272 5
203 40 4
203 106 10
203 147 17
203 189 8
203 201 2
203 245 2
203 260 2
203 271 13
203 272 3
204 9 8
204 25 30
204 52 1
204 80 10
204 143 6
204 187 4
204 200 9
204 249 13
204 268 50
204 273 13
204 285 2
204 287 27
205 106 30
205 110 11
205 173 11
205 179 9
205 184 6
205 219 15
205 248 16
205 276 2
205 279 15
205 282 23
205 286 29
206 7 7
206 29 9
206 54 25
206 65 5
206 86 13
206 129 40
206 140 24
206 161 4
206 208 19
206 210 15
206 217 26
206 218 12
206 224 19
206 254 39
206 257 15
206 277 29
206 285 37
207 7 6
207 11 11
207 49 14
207 57 47
207 74 15
207 83 23
207 102 2
207 121 14
207 136 28
207 141 18
207 154 31
207 265 30
207 266 12
208 29 5
208 55 40
208 60 1
208 100 4
208 139 6
208 217 11
208 225 32
208 288 2
209 6 2
209 19 15
209 55 12
209 60 23
209 65 7
209 73 13
209 86 20
209 100 5
209 101 20
209 139 21
209 208 5
209 217 6
209 225 43
210 66 19
210 86 21
210 179 7
210 197 3
210 202 23
210 226 4
210 238 6
210 242 8
210 244 2
210 245 23
210 279 16
211 234 16
211 235 5
211 240 2
211 267 3
211 283 8
211 288 3
212 113 13
212 148 3
212 182 3
212 216 30
212 230 6
213 151 8
213 171 17
213 202 7
213 247 16
213 267 24
213 272 17
213 283 29
213 288 2
214 22 35
214 41 31
214 44 26
214 45 6
214 122 5
214 131 36
214 187 37
214 221 17
214 231 12
214 237 3
214 250 2
214 252 37
215 32 26
215 66 9
215 86 25
215 91 17
215 158 26
215 197 8
215 210 46
215 226 20
215 238 29
215 242 3
216 113 3
216 147 9
216 182 1
216 268 1
216 275 3
216 289 4
217 31 8
217 50 31
217 55 17
217 60 1
217 100 4
217 208 6
217 209 1
217 225 14
217 235 9
217 282 2
218 61 3
218 104 9
218 117 7
218 129 14
218 145 15
218 192 9
218 201 26
218 261 12
218 264 13
219 118 17
219 179 9
219 205 15
219 248 22
219 255 7
219 261 3
219 276 29
219 279 4
219 282 34
219 286 13
220 98 4
220 174 8
220 195 5
220 233 6
220 278 2
221 3 28
221 108 28
221 113 13
221 182 23
221 186 26
221 191 16
221 212 8
221 216 32
221 268 27
222 107 3
222 174 9
222 195 39
222 220 25
222 233 15
222 278 10
222 280 10
223 43 29
223 82 1
223 94 13
223 96 4
223 135 11
223 153 15
223 184 27
223 202 13
223 258 11
223 259 5
224 2 2
224 42 7
224 75 36
224 105 2
224 108 3
224 140 1
224 201 39
224 262 11
224 289 10
225 55 8
225 72 1
225 289 15
226 38 16
226 66 2
226 86 30
226 91 2
226 238 6
226 288 7
226 289 16
227 111 23
227 127 7
227 169 7
227 203 7
227 272 12
228 22 27
228 24 20
228 37 20
228 44 57
228 97 37
228 131 41
228 162 1
228 175 19
228 212 27
228 214 24
228 218 31
228 231 3
228 237 27
228 249 2
228 250 23
228 252 29
229 42 37
229 63 23
229 75 57
229 92 3
229 98 17
229 109 68
229 111 18
229 140 13
229 159 18
229 165 28
229 179 13
229 195 23
229 224 16
229 245 5
229 279 31
229 289 64
230 127 21
230 147 16
230 152 19
230 166 2
230 169 48
230 212 11
230 236 13
230 274 8
230 275 14
230 280 15
231 22 3
231 41 1
231 44 28
231 74 4
231 80 1
231 131 46
231 189 22
231 228 2
231 237 7
231 250 9
231 252 13
231 265 19
232 16 2
232 67 3
232 95 1
232 106 8
232 120 12
232 148 4
232 246 14
232 256 17
232 277 5
232 280 10
232 284 11
233 21 20
233 137 9
233 174 21
233 195 19
233 211 2
233 220 18
233 278 2
234 20 5
234 151 18
234 211 33
234 235 36
234 245 5
234 246 5
234 247 32
234 288 19
235 31 8
235 240 1
235 247 10
235 276 14
235 283 6
235 288 7
236 127 10
236 147 3
236 152 2
236 169 25
236 174 12
236 220 27
236 230 13
236 278 20
236 280 20
237 22 21
237 45 24
237 55 46
237 131 27
237 180 12
237 214 3
237 231 23
237 250 2
237 252 12
237 266 19
238 86 15
238 205 1
238 210 4
238 226 6
238 242 18
238 282 25
239 2 2
239 18 15
239 79 7
239 80 10
239 84 17
239 96 9
239 104 19
239 141 6
239 145 33
239 266 31
240 20 4
240 77 2
240 107 1
240 176 3
240 211 33
240 234 8
240 235 16
240 246 9
240 247 27
240 288 17
241 68 4
241 160 5
241 175 10
241 254 10
241 264 13
242 66 13
242 86 5
242 91 26
242 210 2
242 217 19
242 226 13
242 238 18
242 276 17
243 98 1
243 105 21
243 111 24
243 146 14
243 150 10
243 165 9
243 235 5
243 245 4
243 289 4
244 27 1
244 42 3
244 54 9
244 61 23
244 104 8
244 117 4
244 157 11
244 192 16
244 201 18
244 218 25
244 224 25
244 255 8
244 264 18
244 267 17
245 56 6
245 105 3
245 111 2
245 165 8
245 167 18
245 172 7
245 243 2
246 20 1
246 195 4
246 211 12
246 234 9
246 235 18
246 240 7
246 247 18
246 283 4
247 211 25
247 235 8
247 246 4
247 288 23
248 54 19
248 106 20
248 276 6
248 279 13
248 282 33
248 286 29
249 25 7
249 39 13
249 131 2
249 133 3
249 143 9
249 177 1
249 187 21
249 204 5
249 268 19
249 273 5
250 22 5
250 41 24
250 44 16
250 80 20
250 103 15
250 131 13
250 185 1
250 199 2
250 237 4
250 252 25
250 267 41
251 94 6
251 103 3
251 275 3
251 281 7
251 285 18
251 287 1
251 288 22
252 22 9
252 41 6
252 76 15
252 101 22
252 131 42
252 214 1
252 231 1
252 237 5
252 264 11
253 18 11
253 57 10
253 68 22
253 84 3
253 101 27
253 133 2
253 160 16
253 180 21
253 200 2
253 204 4
253 266 29
254 101 9
254 129 4
254 160 4
254 172 2
254 186 7
254 224 3
254 264 6
255 61 11
255 104 16
255 112 10
255 116 22
255 117 4
255 147 23
255 157 24
255 191 6
255 199 13
255 201 32
255 207 3
255 218 33
255 244 15
255 264 21
256 120 1
256 134 4
256 232 12
256 284 11
257 7 13
257 24 4
257 64 20
257 69 12
257 76 10
257 89 8
257 108 18
257 119 57
257 126 13
257 138 14
257 140 31
257 142 24
257 149 10
257 153 13
257 159 5
257 191 6
257 223 11
258 109 20
258 153 8
258 159 3
258 184 15
258 202 16
259 30 1
259 88 13
259 103 8
259 132 2
259 164 15
259 256 1
260 53 16
260 169 19
260 189 3
260 190 13
260 194 5
260 197 3
260 203 21
260 227 7
260 271 19
260 272 24
261 4 3
261 247 33
261 263 29
262 61 2
262 75 2
262 106 14
262 184 10
262 192 1
262 241 20
263 4 7
263 87 3
263 136 21
263 179 3
263 193 4
263 261 7
263 266 1
264 155 12
264 160 1
264 233 14
264 241 4
264 254 15
264 262 2
265 11 4
265 49 5
265 57 19
265 153 6
265 154 2
266 121 2
266 180 4
266 273 10
267 14 9
267 19 6
267 72 9
267 73 7
267 171 7
267 213 5
267 283 7
268 143 3
268 187 2
268 222 3
269 58 14
269 116 6
269 170 7
269 190 1
269 194 4
269 196 14
269 203 5
269 270 6
269 274 19
270 58 6
270 152 5
270 169 1
270 269 1
271 189 1
271 197 18
271 203 10
271 227 33
271 247 3
271 269 10
271 272 2
272 19 3
272 40 14
272 50 4
272 58 12
272 65 3
272 72 17
272 189 15
272 203 10
272 227 2
272 260 24
272 271 2
273 25 11
273 52 2
273 106 2
273 143 7
273 187 20
273 200 21
273 268 19
274 58 7
274 152 11
274 170 3
274 177 10
274 190 9
274 194 2
274 196 3
274 230 2
274 269 37
274 270 16
275 134 7
275 251 7
275 285 11
276 205 3
276 282 13
277 16 22
277 116 9
277 120 4
277 148 7
277 164 8
277 232 4
277 256 33
277 284 9
278 21 2
278 184 24
278 195 3
278 220 13
278 233 3
278 236 7
279 205 17
279 219 6
279 276 5
279 282 13
279 286 23
280 127 21
280 147 2
280 169 14
280 274 8
281 135 3
281 182 2
281 188 10
281 199 6
281 251 9
281 275 15
281 285 28
281 287 2
282 118 7
282 276 5
282 279 1
282 286 1
283 19 2
283 137 13
283 267 1
284 16 13
284 95 22
284 120 6
284 148 21
284 277 28
285 103 7
285 135 8
285 188 5
285 275 6
285 287 1
286 276 7
286 282 1
287 135 32
287 188 2
287 251 1
287 281 2
287 285 7
288 211 7
288 235 14
288 246 15
289 42 9
289 63 3
289 140 4
