0 19 11
0 24 12
0 44 1
0 51 5
0 55 17
0 120 26
0 130 44
0 159 4
0 182 5
0 183 10
0 191 15
0 230 17
0 280 33
1 4 11
1 24 23
1 30 2
1 70 35
1 72 15
1 87 17
1 105 11
1 119 26
1 126 15
1 132 18
1 139 17
1 142 3
1 146 28
1 215 37
1 222 12
1 232 32
1 244 17
1 259 17
2 3 10
2 7 12
2 28 14
2 32 25
2 73 38
2 74 10
2 78 19
2 82 61
2 107 5
2 141 22
2 153 25
2 197 10
2 205 30
2 217 12
2 223 5
2 226 12
2 245 28
2 261 17
2 265 18
2 272 13
3 0 8
3 1 14
3 2 16
3 4 11
3 8 23
3 19 22
3 28 57
3 34 8
3 48 18
3 81 3
3 94 11
3 100 26
3 116 14
3 145 7
3 151 20
3 156 23
3 157 10
3 164 12
3 166 37
3 173 22
3 234 28
3 249 27
4 13 26
4 29 34
4 47 29
4 53 44
4 88 30
4 100 18
4 103 54
4 109 15
4 113 10
4 145 5
4 150 14
4 164 21
4 172 16
4 187 50
4 201 17
4 216 1
4 237 26
4 283 45
5 1 24
5 6 26
5 24 16
5 33 14
5 35 19
5 40 33
5 43 23
5 52 42
5 57 12
5 60 16
5 77 8
5 90 23
5 112 33
5 125 12
5 175 23
5 183 16
5 195 26
5 200 39
5 251 42
5 263 6
5 283 25
6 12 7
6 20 13
6 21 5
6 42 12
6 83 2
6 94 4
6 102 1
6 132 6
6 197 13
6 212 5
6 219 18
6 220 20
6 235 12
6 247 3
7 10 10
7 11 10
7 25 9
7 27 25
7 58 14
7 62 9
7 64 22
7 85 23
7 91 11
7 95 29
7 108 15
7 203 2
7 227 9
7 260 9
7 270 5
7 275 16
8 3 2
8 15 48
8 19 25
8 24 25
8 28 36
8 29 15
8 48 38
8 73 25
8 81 21
8 97 28
8 113 26
8 116 30
8 125 22
8 166 30
8 168 41
8 199 49
8 232 24
8 256 39
8 278 62
8 283 35
9 11 3
9 27 10
9 36 25
9 122 18
9 207 14
9 231 26
9 241 11
9 269 17
9 282 12
9 284 52
10 63 29
10 178 1
10 180 5
10 205 16
10 207 1
10 225 9
10 274 13
10 277 13
10 285 23
11 7 3
11 9 4
11 49 10
11 62 6
11 64 3
11 70 17
11 71 15
11 137 7
11 244 4
11 260 29
11 284 7
12 6 4
12 13 13
12 59 25
12 83 11
12 86 9
12 94 4
12 102 7
12 104 1
12 132 8
12 150 15
12 174 17
12 222 13
12 227 1
13 4 11
13 38 3
13 47 19
13 52 26
13 53 34
13 103 18
13 109 15
13 112 2
13 113 14
13 135 48
13 197 16
13 237 22
13 239 13
13 255 18
13 269 31
14 18 26
14 31 13
14 97 6
14 98 3
14 131 1
14 146 1
14 192 9
14 202 9
14 243 11
14 279 19
15 65 10
15 189 2
15 256 8
15 277 19
16 41 5
16 44 11
16 65 25
16 89 7
16 97 17
16 107 7
16 109 28
16 162 28
16 177 16
16 182 15
16 203 3
16 211 46
16 213 35
16 214 32
16 223 23
16 277 87
17 14 14
17 18 12
17 37 38
17 97 13
17 115 18
17 131 11
17 143 12
17 202 27
17 235 10
17 236 18
17 243 8
17 279 27
17 280 49
17 284 11
18 14 7
18 37 12
18 97 14
18 99 25
18 131 19
18 243 18
18 279 11
19 3 2
19 8 5
19 18 35
19 28 14
19 34 12
19 48 8
19 68 9
19 116 1
19 125 10
19 130 34
19 142 3
19 166 14
19 171 9
19 199 23
19 252 30
19 287 35
19 289 25
19 291 30
20 22 3
20 89 8
20 93 22
20 103 1
20 126 17
20 272 14
20 290 26
21 6 10
21 12 9
21 45 1
21 71 19
21 79 16
21 83 1
21 94 16
21 102 1
21 106 25
21 132 15
21 142 3
21 227 2
21 237 4
21 269 40
22 20 8
22 23 58
22 42 15
22 79 31
22 82 15
22 103 10
22 133 27
22 156 31
22 172 34
22 193 15
22 250 54
22 272 54
22 290 28
23 66 5
23 133 6
23 156 8
23 163 11
23 250 10
23 272 1
24 0 11
24 9 8
24 13 18
24 44 6
24 55 10
24 109 13
24 120 12
24 155 1
24 164 9
24 171 2
24 241 13
24 266 18
25 7 9
25 11 7
25 27 8
25 64 2
25 99 5
25 105 14
25 123 6
25 151 1
25 249 7
25 273 22
26 0 15
26 24 21
26 28 2
26 44 16
26 46 1
26 51 4
26 55 40
26 82 3
26 109 10
26 118 2
26 155 30
26 164 1
26 204 36
26 231 13
26 263 2
27 62 6
27 101 13
27 151 8
27 154 4
27 161 16
27 170 1
27 190 19
27 201 22
27 205 6
27 223 3
27 260 8
28 18 7
28 81 22
28 101 12
28 116 11
28 163 7
28 185 4
28 205 12
28 229 9
28 285 44
29 10 16
29 12 21
29 15 12
29 27 16
29 35 5
29 65 7
29 73 1
29 104 22
29 157 1
29 158 5
29 210 33
29 214 9
29 267 15
29 269 10
29 281 36
29 285 28
30 32 11
30 72 24
30 87 43
30 105 22
30 114 46
30 119 43
30 139 15
30 142 25
30 152 37
30 164 30
30 175 47
30 226 4
30 232 37
30 240 23
30 255 40
30 276 49
31 14 22
31 24 3
31 118 28
31 124 28
31 174 14
31 188 15
31 189 11
31 235 7
31 264 2
31 292 20
32 2 7
32 42 68
32 45 29
32 46 4
32 73 28
32 74 12
32 82 35
32 83 4
32 87 4
32 98 48
32 115 8
32 141 3
32 145 2
32 146 19
32 153 31
32 158 30
32 197 54
32 212 17
32 264 45
32 270 33
33 29 15
33 41 5
33 43 29
33 57 47
33 59 28
33 60 6
33 75 29
33 85 36
33 90 25
33 106 23
33 111 22
33 135 49
33 152 11
33 160 6
33 165 36
34 80 39
34 138 17
34 143 18
34 166 13
34 192 18
34 199 29
34 204 2
34 236 29
34 239 11
34 259 16
34 278 24
34 286 8
35 89 8
35 129 38
35 159 6
35 160 11
35 198 20
35 211 17
35 215 65
35 242 17
35 261 16
35 291 32
36 6 5
36 17 4
36 70 15
36 71 13
36 78 8
36 89 2
36 104 4
36 108 2
36 112 21
36 122 8
36 123 6
36 190 12
36 194 1
36 217 7
36 235 5
36 267 1
36 273 15
37 14 28
37 76 12
37 121 5
37 131 3
37 202 16
37 279 6
38 20 15
38 21 4
38 23 14
38 93 5
38 99 2
38 125 4
38 126 3
38 168 14
38 173 1
38 216 7
38 218 10
38 270 14
38 290 20
39 42 33
39 53 4
39 66 14
39 93 18
39 99 24
39 126 7
39 153 10
39 169 10
39 173 3
39 187 42
39 197 1
39 209 10
39 222 15
39 230 24
39 237 13
39 270 1
40 24 3
40 33 16
40 35 26
40 43 14
40 48 17
40 57 47
40 60 25
40 73 11
40 96 27
40 102 18
40 112 23
40 121 32
40 135 39
40 148 33
40 151 23
40 159 18
40 170 14
40 171 16
40 263 8
41 49 17
41 115 14
41 124 50
41 134 20
41 157 18
41 182 90
41 186 5
41 188 39
41 214 43
41 219 49
41 220 17
41 246 20
41 252 23
41 259 4
42 22 1
42 128 51
42 221 36
42 250 44
42 273 1
42 287 12
43 5 2
43 12 6
43 21 5
43 33 14
43 35 1
43 57 11
43 60 8
43 112 19
43 151 3
43 170 45
43 184 17
43 262 31
43 281 16
44 0 7
44 26 22
44 51 15
44 55 28
44 94 2
44 109 7
44 120 11
44 155 20
44 164 17
44 219 12
44 226 2
44 244 11
44 249 15
44 269 32
44 286 2
45 29 19
45 31 5
45 42 39
45 68 2
45 98 5
45 110 23
45 141 1
45 158 28
45 161 43
45 163 35
45 173 3
45 192 49
45 212 34
45 230 31
45 233 6
45 249 15
45 264 8
46 39 25
46 66 10
46 81 9
46 84 29
46 98 43
46 99 35
46 151 9
46 160 19
46 169 19
46 173 32
46 187 62
46 209 32
46 222 48
46 226 4
46 230 51
46 261 2
47 52 36
47 53 15
47 103 15
47 106 24
47 198 8
47 253 6
47 274 22
47 290 20
48 3 23
48 19 7
48 27 17
48 28 33
48 61 26
48 81 21
48 99 10
48 107 10
48 116 19
48 166 28
48 182 5
48 223 7
48 234 8
48 262 27
48 286 13
49 36 15
49 93 5
49 114 15
49 122 4
49 157 18
49 181 14
49 214 23
49 254 24
49 259 4
49 266 20
49 275 13
49 284 12
50 42 26
50 63 39
50 65 7
50 123 31
50 133 42
50 148 99
50 154 9
50 158 23
50 175 33
50 188 25
50 193 7
50 225 25
50 248 35
50 257 16
50 276 50
50 277 4
51 0 18
51 24 16
51 26 15
51 34 5
51 44 2
51 55 19
51 109 32
51 120 17
51 155 21
51 162 5
51 164 14
51 221 15
51 223 3
51 265 15
51 277 38
51 280 16
52 42 9
52 128 18
52 178 5
52 184 21
52 227 4
52 282 9
52 285 36
52 288 11
53 38 4
53 47 5
53 71 15
53 94 5
53 100 7
53 113 31
53 160 12
53 192 16
53 233 6
53 237 6
53 250 12
54 106 10
54 135 18
54 152 14
54 171 7
54 184 32
54 185 14
54 246 9
54 278 12
54 283 16
55 18 4
55 24 2
55 120 2
55 121 6
55 181 23
55 243 21
55 247 28
55 259 6
55 277 27
56 11 10
56 52 19
56 58 19
56 65 23
56 71 24
56 114 22
56 139 6
56 142 14
56 154 30
56 175 15
56 180 24
56 189 16
56 190 5
56 232 6
56 240 16
56 244 33
56 245 26
56 260 7
57 5 3
57 43 7
57 90 12
57 111 28
57 112 11
57 125 11
57 140 14
57 143 22
57 246 9
57 252 17
57 256 16
57 285 14
58 24 2
58 127 2
58 175 20
58 190 2
58 225 17
58 244 10
58 245 11
58 276 6
59 110 1
59 140 5
59 230 1
59 256 10
59 283 16
60 5 6
60 43 28
60 48 7
60 57 39
60 90 2
60 106 31
60 112 2
60 117 12
60 135 39
60 173 6
60 204 22
60 227 13
60 242 29
60 246 23
60 256 41
61 57 6
61 59 20
61 106 3
61 111 10
61 117 2
61 128 11
61 136 46
61 140 3
61 154 2
61 159 10
61 210 21
61 256 15
61 283 25
61 288 13
62 11 3
62 25 17
62 64 31
62 95 2
62 149 1
62 177 6
62 206 21
62 244 10
62 277 32
63 148 41
63 180 2
63 205 2
63 274 27
63 285 17
63 287 1
64 7 9
64 11 8
64 25 14
64 58 6
64 95 2
64 161 11
64 276 24
65 15 7
65 64 3
65 91 7
65 123 18
65 214 1
65 277 6
65 285 30
66 39 2
66 42 22
66 52 37
66 113 9
66 140 33
66 169 21
66 187 25
66 209 22
66 218 22
66 222 14
66 230 1
67 15 7
67 59 12
67 75 5
67 110 13
67 136 4
67 184 21
67 195 13
67 211 19
67 253 11
67 254 9
67 281 2
68 31 18
68 45 9
68 86 15
68 98 8
68 106 2
68 153 7
68 160 14
68 161 15
68 188 24
68 190 17
68 192 25
68 212 1
68 218 9
68 233 4
68 289 38
69 1 13
69 2 3
69 19 16
69 21 9
69 26 27
69 30 28
69 72 24
69 87 25
69 105 23
69 109 30
69 119 36
69 137 26
69 139 5
69 142 27
69 146 19
69 155 12
69 198 31
69 217 27
69 232 22
69 269 28
70 25 17
70 36 1
70 71 13
70 78 4
70 104 11
70 178 3
70 179 10
70 194 8
70 248 11
70 262 4
70 273 1
71 11 20
71 147 1
71 161 12
72 0 26
72 1 17
72 3 1
72 59 48
72 69 4
72 87 8
72 95 3
72 105 8
72 118 21
72 119 11
72 139 38
72 142 18
72 153 20
72 181 15
72 189 19
72 232 23
72 235 24
72 258 22
72 267 18
72 277 34
73 13 15
73 25 20
73 59 70
73 74 1
73 78 9
73 82 9
73 104 20
73 141 1
73 153 45
73 171 33
73 197 43
73 212 8
73 233 1
73 250 50
73 261 17
74 2 1
74 42 9
74 50 2
74 73 9
74 82 26
74 104 2
74 141 7
74 142 4
74 153 15
74 164 9
74 174 31
74 192 24
74 197 22
74 222 19
75 15 37
75 35 5
75 54 7
75 59 8
75 67 12
75 110 23
75 136 23
75 152 1
75 210 4
75 211 4
75 234 1
75 253 12
75 254 7
75 271 7
75 283 18
76 148 15
76 228 5
76 254 3
76 276 1
76 277 10
76 284 8
76 287 1
77 26 2
77 66 16
77 118 18
77 122 18
77 158 17
77 186 22
77 191 18
77 208 54
77 218 25
77 220 5
77 221 37
77 229 43
77 244 7
77 257 1
78 6 2
78 74 3
78 95 3
78 137 29
78 158 4
78 167 26
78 200 4
78 206 28
78 217 8
78 248 41
78 250 15
78 258 15
78 260 50
78 267 11
79 23 10
79 77 6
79 123 18
79 156 7
79 173 3
79 179 2
79 208 25
79 250 38
79 272 3
80 54 16
80 67 5
80 101 16
80 106 5
80 210 2
80 278 3
81 3 10
81 8 15
81 19 16
81 28 40
81 50 20
81 116 23
81 130 15
81 134 28
81 136 56
81 166 25
81 178 33
81 185 45
81 234 6
81 252 28
81 261 12
81 286 26
82 6 13
82 73 4
82 101 21
82 123 15
82 141 2
82 153 3
82 179 9
82 187 14
82 197 38
82 201 13
82 208 6
82 231 4
82 233 2
82 235 8
82 264 19
83 0 14
83 6 17
83 12 4
83 21 18
83 29 17
83 84 3
83 94 37
83 102 22
83 132 3
83 150 3
83 166 5
83 227 33
83 268 25
83 275 25
83 291 21
84 39 11
84 66 10
84 83 4
84 92 11
84 99 24
84 169 9
84 187 25
84 206 15
84 209 19
84 230 8
84 233 10
84 247 34
85 43 5
85 140 10
85 143 8
85 147 10
85 195 4
85 246 10
85 271 7
85 288 23
86 85 23
86 111 10
86 117 23
86 140 23
86 152 8
86 160 4
86 195 10
86 246 8
86 271 18
86 281 15
86 288 55
87 43 5
87 62 28
87 72 11
87 75 22
87 82 37
87 105 3
87 109 25
87 119 8
87 142 12
87 151 2
87 154 25
87 164 15
87 175 11
87 203 6
87 232 32
87 238 47
88 13 24
88 20 23
88 27 3
88 47 18
88 53 25
88 74 18
88 100 13
88 103 40
88 113 41
88 116 14
88 119 5
88 129 22
88 237 24
88 270 10
88 290 47
89 35 28
89 110 2
89 129 13
89 160 38
89 174 4
89 176 22
89 198 22
89 215 37
89 236 4
89 242 49
89 288 20
89 291 42
90 5 5
90 32 8
90 40 9
90 43 14
90 57 9
90 60 8
90 91 13
90 109 3
90 112 6
90 141 18
90 182 7
90 190 13
90 232 14
90 263 5
91 76 10
91 128 30
91 135 10
91 148 28
91 165 24
91 176 8
91 195 3
91 204 9
91 251 25
91 262 12
91 268 13
91 281 13
92 10 32
92 15 23
92 36 2
92 63 23
92 168 14
92 178 13
92 180 6
92 205 17
92 207 3
92 252 5
92 274 35
92 280 28
92 284 34
92 285 58
93 38 5
93 52 13
93 83 11
93 110 10
93 204 6
93 290 22
94 6 8
94 12 15
94 52 15
94 65 15
94 99 14
94 128 9
94 150 5
94 192 25
94 227 3
94 253 13
94 279 29
94 288 7
95 7 1
95 11 51
95 25 24
95 29 15
95 49 10
95 62 17
95 64 30
95 70 37
95 71 4
95 108 11
95 148 41
95 178 25
95 194 6
95 248 35
95 255 8
95 267 4
95 272 13
95 273 17
95 276 13
96 14 5
96 54 28
96 85 27
96 135 33
96 152 11
96 165 35
96 170 20
96 171 1
96 172 4
96 182 6
96 183 2
96 184 24
96 185 1
96 195 4
96 246 22
96 262 6
97 10 11
97 14 7
97 18 43
97 37 24
97 76 22
97 131 4
97 146 9
97 158 11
97 175 9
97 202 13
97 214 2
97 243 17
97 278 9
97 279 52
98 45 17
98 68 12
98 107 11
98 114 16
98 161 14
98 163 5
98 188 29
98 189 3
98 192 20
98 202 12
98 212 24
98 229 4
98 233 11
98 235 6
99 46 1
99 66 6
99 100 1
99 163 8
99 169 4
99 187 31
99 209 11
99 272 11
100 4 4
100 12 10
100 13 33
100 29 25
100 47 4
100 53 10
100 88 17
100 103 2
100 113 52
100 147 11
100 203 2
100 208 15
100 233 22
100 237 37
101 15 14
101 121 6
101 135 13
101 148 17
101 234 9
101 250 14
101 268 3
101 291 9
102 6 2
102 12 4
102 21 10
102 93 18
102 94 35
102 133 3
102 152 13
102 171 34
102 209 30
102 222 26
102 227 1
102 231 19
103 42 22
103 47 7
103 53 22
103 63 54
103 237 28
103 272 8
103 284 7
103 290 14
104 7 18
104 36 23
104 70 12
104 71 49
104 78 7
104 113 20
104 114 19
104 117 26
104 158 1
104 171 20
104 179 4
104 194 12
104 217 7
104 235 35
104 236 21
105 11 10
105 27 26
105 30 3
105 69 20
105 72 11
105 87 12
105 111 17
105 119 5
105 139 8
105 232 13
105 237 27
105 240 25
105 267 8
106 59 14
106 61 17
106 136 23
106 140 3
106 149 5
106 283 18
106 291 9
107 28 5
107 41 32
107 42 33
107 45 54
107 68 29
107 98 33
107 155 6
107 161 53
107 163 40
107 192 65
107 211 29
107 212 33
107 217 49
107 233 7
107 247 18
107 264 18
108 6 21
108 7 6
108 9 17
108 11 29
108 25 24
108 36 2
108 62 44
108 64 31
108 71 19
108 95 32
108 122 8
108 127 9
108 149 25
108 167 8
108 177 14
108 190 2
108 245 26
108 260 19
108 289 37
109 0 20
109 24 6
109 26 9
109 29 20
109 44 23
109 51 9
109 55 15
109 102 9
109 120 33
109 127 4
109 155 11
109 164 6
109 170 7
109 214 5
110 54 2
110 136 12
110 211 42
110 253 9
110 254 7
110 256 21
110 268 14
111 52 15
111 85 20
111 86 2
111 117 6
111 140 12
111 271 11
111 273 8
111 288 2
112 5 2
112 15 16
112 16 1
112 33 12
112 43 14
112 55 1
112 57 8
112 60 9
112 90 1
112 129 14
112 251 10
112 254 11
112 261 11
112 288 22
113 13 2
113 47 15
113 53 11
113 103 12
113 151 4
113 197 10
113 209 19
113 226 1
113 237 10
114 58 12
114 64 20
114 154 5
114 167 3
114 225 9
114 244 2
114 245 12
114 273 23
114 276 16
115 15 15
115 41 2
115 49 15
115 136 33
115 144 14
115 147 23
115 182 18
115 194 8
115 214 29
115 219 16
115 252 9
115 259 9
116 3 3
116 8 5
116 19 2
116 28 17
116 48 10
116 67 14
116 76 25
116 92 23
116 165 43
116 166 15
116 168 14
116 201 15
116 213 13
116 237 13
116 257 4
116 266 17
116 276 30
117 85 19
117 111 12
117 136 8
117 140 7
117 147 9
117 195 27
117 246 20
117 262 12
117 271 10
117 288 10
117 291 6
118 79 44
118 174 5
118 188 3
118 189 16
118 202 4
118 208 23
118 221 16
118 229 3
118 249 13
118 255 4
118 264 14
119 9 10
119 58 17
119 64 5
119 72 2
119 82 2
119 105 9
119 137 22
119 139 9
119 142 23
119 197 3
119 201 30
119 232 17
119 237 15
119 240 15
120 0 1
120 24 1
120 26 20
120 48 2
120 51 4
120 55 13
120 155 5
120 161 2
120 186 11
120 199 9
120 243 11
120 292 52
121 80 29
121 124 3
121 135 44
121 148 35
121 225 2
121 268 35
121 277 7
121 281 11
122 9 8
122 124 14
122 180 4
122 217 23
122 229 15
122 231 25
122 257 4
122 267 19
122 269 24
122 282 60
122 284 48
123 15 17
123 23 7
123 225 10
123 229 3
123 267 1
123 273 5
123 282 10
124 31 1
124 65 10
124 101 4
124 206 15
124 220 1
124 275 5
124 292 21
125 1 13
125 11 7
125 24 16
125 27 19
125 35 22
125 47 9
125 62 27
125 68 9
125 100 3
125 151 7
125 170 19
125 179 13
125 183 2
125 210 5
125 212 22
125 215 20
125 261 4
125 290 22
126 20 14
126 38 43
126 66 15
126 80 23
126 93 7
126 102 6
126 115 16
126 156 4
126 173 13
126 187 13
126 193 2
126 209 9
126 212 13
126 216 2
126 289 26
126 290 8
127 85 37
127 86 25
127 90 1
127 111 37
127 117 46
127 140 31
127 147 14
127 184 15
127 195 21
127 204 19
127 262 43
127 271 107
127 288 49
128 52 14
128 91 1
128 148 13
128 204 14
128 205 6
128 224 2
128 251 17
128 262 2
129 195 3
129 198 3
129 210 8
129 242 6
129 254 12
129 291 9
130 224 8
130 228 30
130 238 33
130 252 12
130 266 3
130 280 31
130 284 12
130 286 4
130 287 8
131 14 27
131 18 28
131 37 28
131 97 7
131 146 1
131 174 22
131 202 12
131 208 8
131 243 2
131 279 10
132 6 7
132 12 15
132 21 3
132 28 18
132 83 45
132 84 16
132 92 23
132 94 35
132 102 29
132 150 29
132 181 31
132 196 42
132 206 13
132 227 15
132 247 8
132 275 18
132 289 31
133 12 2
133 23 8
133 42 5
133 79 18
133 156 12
133 169 11
133 172 10
133 193 1
133 222 1
133 250 37
133 272 9
134 180 19
134 181 5
134 206 2
134 207 10
134 255 3
134 257 6
134 265 2
134 275 11
134 289 18
135 61 2
135 67 13
135 165 17
135 253 5
135 281 4
136 59 8
136 184 20
136 210 17
136 211 3
136 283 5
137 11 4
137 25 13
137 70 1
137 123 30
137 167 1
137 179 2
137 205 14
137 258 21
137 260 49
137 267 16
138 76 17
138 80 7
138 101 1
138 121 13
138 135 25
138 199 13
138 238 21
138 239 3
138 259 1
138 278 58
138 286 2
139 27 16
139 30 8
139 64 24
139 65 24
139 69 7
139 72 2
139 74 5
139 87 11
139 105 1
139 119 16
139 123 19
139 142 10
139 232 19
139 276 33
139 285 44
140 85 1
140 111 5
140 256 19
140 288 18
141 2 11
141 32 4
141 37 26
141 73 6
141 74 18
141 82 13
141 98 15
141 135 43
141 148 37
141 153 28
141 158 26
141 174 34
141 197 18
141 217 8
141 273 3
142 47 4
142 60 15
142 69 4
142 70 1
142 87 30
142 102 42
142 104 10
142 105 11
142 119 24
142 139 15
142 230 47
142 232 50
142 233 9
143 15 13
143 34 7
143 80 13
143 138 18
143 199 20
143 207 9
143 228 12
143 236 11
143 245 7
143 269 2
143 278 39
144 15 21
144 18 2
144 76 29
144 103 2
144 130 30
144 168 14
144 190 12
144 200 21
144 249 14
144 266 6
144 286 14
145 4 42
145 8 2
145 13 36
145 25 24
145 46 11
145 47 51
145 53 60
145 83 13
145 88 36
145 90 26
145 100 43
145 103 51
145 112 8
145 113 72
145 237 45
145 261 18
146 14 58
146 17 37
146 18 39
146 37 14
146 47 8
146 68 33
146 97 19
146 131 19
146 197 25
146 202 51
146 241 10
146 243 21
146 247 35
146 265 8
146 279 57
147 58 12
147 80 21
147 85 65
147 86 29
147 111 31
147 117 13
147 127 3
147 140 28
147 195 20
147 242 2
147 245 6
147 269 22
147 271 41
147 288 39
148 224 8
149 54 2
149 67 31
149 75 38
149 110 17
149 121 21
149 184 19
149 198 3
149 211 50
149 234 5
149 251 14
149 253 5
149 254 2
149 283 2
150 6 10
150 12 17
150 21 12
150 23 21
150 83 2
150 94 20
150 102 27
150 132 13
150 158 19
150 172 2
150 192 9
150 197 1
150 209 8
150 227 15
151 27 12
151 29 10
151 62 28
151 70 1
151 81 7
151 85 7
151 111 20
151 120 2
151 125 3
151 131 33
151 170 1
151 194 3
151 198 22
151 207 21
151 214 8
151 239 35
151 267 14
151 270 18
152 54 19
152 57 5
152 61 16
152 65 9
152 121 8
152 140 16
152 170 11
152 171 13
152 242 8
152 246 11
152 256 17
153 2 7
153 38 26
153 73 8
153 74 12
153 82 12
153 137 18
153 141 28
153 162 2
153 179 30
153 192 10
153 194 2
153 197 19
153 235 14
153 248 40
153 258 8
154 7 19
154 58 22
154 85 1
154 114 2
154 138 7
154 175 48
154 190 67
154 196 8
154 215 18
154 219 9
154 240 14
154 244 10
154 245 25
154 249 12
155 0 13
155 24 5
155 26 1
155 31 16
155 55 16
155 109 9
155 120 10
155 124 21
155 264 10
155 265 2
155 292 30
156 22 1
156 23 37
156 38 27
156 79 13
156 93 22
156 113 2
156 133 2
156 172 24
156 212 12
156 250 37
156 267 1
156 272 14
157 34 18
157 49 35
157 115 17
157 138 2
157 143 2
157 182 7
157 214 20
157 219 12
157 236 7
157 239 8
157 259 12
157 278 8
157 291 26
158 25 5
158 26 4
158 29 7
158 51 5
158 191 1
158 208 1
158 213 1
158 229 5
159 59 30
159 61 10
159 106 13
159 110 7
159 129 6
159 136 34
159 170 4
159 171 3
159 210 10
159 213 11
159 256 9
159 271 10
159 283 30
160 52 17
160 59 6
160 114 18
160 129 29
160 198 7
160 215 33
160 242 24
160 261 14
160 291 7
161 68 1
161 98 2
161 111 17
161 123 11
161 156 12
161 163 3
161 192 14
161 212 2
161 233 5
161 265 3
161 289 33
162 41 2
162 177 1
162 186 11
162 208 11
162 220 1
162 221 12
162 223 13
162 273 15
162 292 31
163 14 6
163 68 17
163 79 18
163 98 7
163 107 6
163 120 1
163 131 4
163 161 6
163 192 43
163 212 5
163 229 3
163 233 19
163 250 14
164 0 14
164 24 44
164 26 34
164 44 12
164 45 15
164 51 20
164 55 31
164 61 25
164 120 30
164 122 17
164 155 9
164 203 3
164 271 36
165 67 8
165 128 2
165 148 28
165 185 1
165 251 8
165 268 4
166 6 5
166 8 4
166 15 13
166 27 3
166 28 34
166 97 11
166 108 6
166 143 11
166 157 5
166 178 17
166 228 39
166 246 16
167 64 22
167 123 10
167 137 5
167 150 15
167 188 12
167 248 14
167 258 9
167 260 19
167 267 12
167 273 33
168 71 37
168 76 7
168 80 9
168 130 16
168 144 3
168 200 3
168 201 4
168 213 1
168 241 20
168 266 28
168 286 21
169 39 5
169 46 1
169 66 15
169 86 13
169 93 2
169 99 3
169 102 2
169 187 23
169 209 7
169 222 9
169 230 2
169 290 6
170 54 22
170 67 14
170 75 6
170 80 11
170 136 26
170 152 13
170 171 12
170 184 23
170 246 14
171 21 14
171 67 5
171 96 12
171 123 33
171 152 23
171 170 10
171 184 27
171 211 5
171 246 11
171 251 2
172 22 8
172 23 33
172 52 2
172 79 40
172 93 15
172 133 6
172 193 7
172 250 40
172 260 9
172 272 28
172 290 5
173 20 7
173 38 18
173 86 4
173 93 26
173 99 26
173 117 20
173 126 9
173 156 8
173 169 4
173 206 10
173 216 5
173 241 16
173 250 35
173 270 25
173 290 23
174 31 8
174 118 7
174 188 11
174 208 10
174 250 16
174 279 28
175 27 5
175 114 14
175 244 10
175 245 5
175 260 14
175 276 27
176 28 8
176 35 22
176 66 4
176 89 43
176 121 17
176 129 50
176 160 32
176 198 45
176 215 32
176 223 49
176 241 8
176 242 49
176 261 2
176 291 37
177 7 10
177 10 6
177 92 24
177 143 9
177 148 14
177 158 9
177 162 12
177 191 2
177 203 6
177 223 25
177 226 10
177 231 3
177 282 13
178 10 9
178 37 4
178 63 15
178 91 15
178 92 1
178 101 14
178 180 4
178 202 28
178 207 22
178 224 3
178 274 20
178 275 2
178 285 75
179 27 6
179 36 14
179 70 10
179 71 33
179 79 6
179 104 1
179 172 6
179 187 7
179 194 43
179 196 11
179 217 14
179 235 16
180 10 18
180 63 29
180 65 5
180 92 15
180 134 4
180 178 3
180 205 1
180 207 20
180 274 16
180 282 13
180 285 38
181 134 2
181 202 14
181 206 4
181 247 7
181 265 3
181 275 7
181 282 14
181 289 23
181 292 27
182 10 12
182 49 21
182 110 2
182 157 3
182 158 3
182 162 4
182 185 11
182 214 14
182 219 19
183 9 5
183 16 1
183 17 2
183 34 21
183 54 45
183 96 17
183 112 5
183 129 24
183 152 31
183 170 40
183 171 54
183 184 41
183 210 16
183 213 18
183 230 33
183 239 20
183 246 51
184 106 16
184 152 19
184 165 9
184 195 5
184 211 6
184 246 16
185 91 18
185 128 34
185 135 20
185 165 25
185 184 13
185 204 5
185 251 5
185 253 3
185 268 13
185 271 1
185 281 10
186 16 6
186 37 14
186 42 14
186 65 25
186 77 20
186 141 1
186 158 9
186 169 1
186 189 5
186 191 13
186 194 28
186 220 33
186 229 14
186 248 10
186 255 19
187 38 14
187 54 10
187 209 4
187 272 18
188 31 10
188 103 3
188 124 15
188 174 2
188 189 12
188 247 7
188 290 8
188 292 11
189 124 27
189 174 17
189 188 2
189 206 21
189 208 3
189 218 1
189 221 17
189 264 1
189 287 20
190 9 22
190 56 3
190 58 14
190 64 14
190 114 22
190 154 13
190 175 17
190 240 8
190 245 7
190 277 41
190 284 6
191 58 29
191 65 11
191 68 3
191 77 5
191 101 27
191 124 9
191 158 13
191 162 6
191 179 19
191 186 29
191 205 43
191 218 14
191 220 16
191 229 19
191 241 8
192 42 7
192 161 7
192 208 1
192 264 4
192 279 25
193 20 8
193 22 2
193 23 41
193 50 3
193 79 21
193 88 10
193 133 16
193 156 37
193 167 2
193 172 6
193 173 3
193 187 6
193 250 39
193 272 27
193 290 15
194 25 4
194 36 14
194 62 8
194 70 12
194 71 19
194 162 8
194 176 2
194 217 9
194 219 6
194 235 15
194 259 5
195 64 10
195 85 5
195 86 7
195 111 7
195 117 1
195 140 47
195 147 1
195 271 8
195 288 9
196 50 1
196 78 12
196 137 11
196 165 31
196 167 8
196 190 7
196 248 23
196 258 38
196 260 21
196 267 19
196 276 7
197 82 3
197 95 9
197 102 3
197 129 18
197 141 16
197 142 1
197 250 23
198 64 20
198 90 4
198 121 21
198 129 4
198 160 15
198 215 35
198 242 35
198 251 24
198 291 35
199 76 9
199 80 16
199 101 19
199 138 5
199 163 6
199 224 8
199 228 19
199 239 24
199 278 21
200 120 9
200 144 2
200 166 4
200 168 13
200 171 4
200 201 2
200 209 2
200 241 40
200 244 1
200 249 3
200 266 9
200 282 1
200 286 12
201 92 2
201 144 12
201 168 1
201 200 4
201 224 6
201 241 16
201 249 2
201 266 5
201 271 2
201 280 23
201 286 24
202 17 6
202 18 10
202 37 17
202 131 4
202 243 15
202 279 3
202 289 11
203 1 22
203 16 8
203 19 2
203 24 22
203 46 18
203 48 3
203 49 12
203 62 27
203 122 32
203 125 10
203 141 2
203 151 14
203 162 32
203 177 3
203 213 23
203 223 22
203 226 17
203 284 36
204 96 6
204 165 30
204 185 11
204 251 22
204 254 10
204 262 4
204 268 22
204 281 36
205 10 36
205 63 1
205 148 34
205 178 8
205 207 18
205 274 11
205 281 8
205 282 20
205 285 21
206 124 13
206 181 16
206 248 12
206 275 32
206 289 26
206 292 13
207 10 3
207 63 39
207 134 11
207 274 1
207 285 25
208 31 40
208 54 3
208 93 4
208 118 3
208 150 2
208 174 7
208 188 19
208 189 3
208 221 15
208 264 2
209 65 14
209 84 5
209 187 11
209 222 1
209 283 14
210 59 35
210 61 1
210 106 10
210 110 9
210 112 1
210 113 1
210 136 7
210 159 1
210 253 17
210 256 15
211 75 9
211 234 2
211 243 2
211 271 17
212 68 3
212 81 2
212 98 8
212 115 2
212 161 10
212 163 11
212 192 10
212 208 10
212 233 13
212 258 7
212 283 8
213 15 14
213 28 6
213 44 2
213 87 11
213 116 20
213 162 50
213 177 5
213 199 8
213 203 4
213 223 18
213 226 12
213 252 27
213 276 14
213 280 35
214 10 22
214 65 29
214 157 2
214 177 17
214 182 10
214 211 5
215 64 2
215 85 3
215 89 1
215 96 1
215 121 1
215 129 11
215 149 2
215 195 7
215 198 4
215 242 4
215 291 28
216 12 1
216 20 26
216 23 44
216 38 18
216 42 26
216 52 48
216 89 24
216 93 43
216 126 47
216 140 39
216 169 7
216 172 13
216 173 28
216 270 26
216 272 20
216 290 86
217 36 6
217 47 4
217 49 8
217 68 4
217 70 6
217 71 15
217 104 3
217 155 19
217 179 8
217 194 8
217 235 3
217 254 16
217 255 17
217 259 4
218 124 26
218 174 9
218 186 16
218 189 6
218 202 15
218 220 3
218 229 11
218 264 9
218 292 32
219 41 2
219 49 26
219 55 29
219 77 18
219 134 12
219 157 15
219 164 7
219 180 37
219 182 7
219 214 40
219 230 15
219 259 16
219 279 22
219 282 28
220 37 14
220 77 23
220 117 3
220 118 3
220 191 3
220 218 18
220 229 7
220 264 14
220 265 17
220 277 2
220 287 7
220 289 16
221 10 13
221 31 11
221 42 17
221 118 11
221 124 6
221 174 17
221 188 7
221 189 6
221 264 7
221 274 21
221 292 30
222 39 13
222 64 30
222 84 24
222 99 34
222 133 13
222 169 10
222 187 22
222 209 16
222 230 13
223 34 11
223 115 8
223 138 19
223 157 13
223 162 15
223 200 3
223 226 5
223 259 6
223 278 21
223 286 7
224 52 6
224 130 13
224 148 14
224 238 6
224 268 10
224 274 3
224 277 2
224 280 41
224 285 26
224 287 22
225 42 6
225 76 28
225 101 5
225 128 1
225 148 54
225 167 5
225 248 7
225 257 17
225 274 6
225 276 14
225 284 5
226 16 27
226 61 4
226 70 23
226 95 7
226 122 11
226 158 8
226 162 10
226 177 10
226 186 32
226 194 7
226 203 5
226 213 15
226 217 18
226 223 8
226 255 21
226 259 20
226 282 22
227 6 4
227 12 1
227 15 3
227 21 7
227 23 14
227 94 18
227 102 10
227 260 3
227 290 25
228 15 14
228 34 3
228 130 11
228 143 14
228 224 31
228 238 26
228 252 11
228 280 43
228 287 12
229 98 7
229 118 9
229 158 1
229 161 9
229 191 1
229 196 5
229 217 11
229 218 7
229 220 4
229 287 4
230 47 1
230 66 8
230 84 14
230 99 10
230 169 17
230 187 10
230 209 26
230 222 5
230 239 23
230 254 8
231 9 2
231 50 2
231 76 3
231 174 24
231 238 5
231 257 2
231 269 12
231 282 1
231 284 23
231 285 19
232 25 29
232 35 6
232 80 23
232 87 1
232 139 8
232 238 7
233 68 2
233 94 15
233 98 7
233 107 11
233 150 10
233 161 16
233 163 4
233 186 16
233 192 26
233 212 7
233 290 23
234 67 5
234 75 33
234 76 14
234 80 5
234 110 52
234 121 9
234 149 10
234 211 18
234 253 14
234 254 36
234 268 44
234 278 20
235 36 10
235 70 20
235 71 22
235 134 21
235 137 5
235 139 14
235 194 2
235 206 32
235 217 1
235 225 6
236 76 12
236 80 18
236 101 27
236 138 9
236 143 2
236 199 37
236 204 11
236 225 3
236 239 6
236 278 49
236 281 4
236 291 19
237 47 4
237 103 18
237 142 3
237 147 5
237 273 5
237 290 8
238 63 42
238 65 9
238 130 12
238 199 13
238 207 16
238 224 5
238 228 5
238 231 2
238 236 3
238 287 5
239 65 38
239 80 31
239 138 4
239 143 2
239 199 14
239 236 2
239 246 8
239 256 4
239 278 46
239 284 7
239 291 14
240 58 23
240 64 6
240 71 6
240 114 18
240 175 20
240 190 12
240 196 22
240 244 1
240 260 15
240 276 22
241 31 10
241 41 1
241 144 22
241 162 6
241 168 9
241 200 9
241 201 23
241 223 4
241 231 13
241 245 11
241 266 13
242 35 16
242 86 10
242 129 6
242 140 1
242 160 5
242 215 8
242 252 17
242 291 20
243 14 10
243 18 1
243 37 3
243 97 7
243 131 5
243 146 3
243 202 7
243 279 2
243 280 18
244 7 7
244 15 2
244 58 23
244 62 8
244 70 3
244 114 9
244 154 7
244 177 8
244 190 31
244 240 24
244 245 1
245 50 4
245 56 14
245 175 6
245 190 3
245 231 15
245 240 19
245 244 6
245 254 12
245 276 4
245 284 19
246 54 1
246 106 9
246 135 7
246 184 16
246 204 10
246 291 8
247 134 13
247 163 25
247 181 3
247 188 4
247 189 33
247 206 23
247 255 12
247 275 42
247 289 17
248 123 1
248 137 4
248 167 3
248 189 14
248 260 6
248 269 6
249 118 3
249 130 5
249 168 13
249 182 1
249 200 5
249 201 17
249 241 25
249 259 3
249 266 18
249 269 4
249 282 7
249 286 4
250 23 2
250 292 12
251 76 16
251 128 22
251 136 14
251 165 7
251 185 13
251 262 6
251 268 23
251 281 10
251 285 17
252 76 22
252 130 43
252 224 18
252 238 44
252 277 1
252 280 14
252 287 10
253 67 2
253 80 11
253 110 7
253 121 10
253 149 14
253 159 7
253 211 48
253 234 2
253 278 8
254 67 2
254 75 6
254 121 10
254 149 23
254 210 1
254 211 31
254 253 18
254 272 8
254 274 7
254 283 7
255 118 9
255 134 7
255 181 14
255 206 12
255 247 8
255 264 15
255 265 14
255 275 16
255 289 24
256 59 9
256 106 17
256 135 3
256 136 25
256 159 6
256 283 7
256 288 2
257 9 20
257 50 5
257 77 4
257 122 1
257 134 28
257 191 1
257 197 2
257 225 32
257 231 40
257 249 1
257 269 23
257 273 14
257 282 62
257 284 50
258 62 2
258 65 13
258 78 10
258 123 23
258 137 16
258 181 17
258 188 9
258 196 1
258 235 15
258 248 9
258 260 17
258 267 11
258 276 30
259 29 10
259 41 4
259 49 22
259 115 2
259 138 9
259 157 8
259 182 18
259 214 22
259 219 4
259 236 12
259 289 27
260 11 21
260 14 2
260 78 3
260 125 3
260 167 16
260 196 3
260 248 5
260 258 9
261 35 6
261 89 13
261 129 14
261 160 16
261 176 18
261 183 10
261 198 74
261 210 22
261 215 46
261 242 48
261 291 41
262 63 15
262 128 7
262 135 1
262 165 26
262 185 27
262 204 13
262 211 7
262 251 16
262 268 18
262 281 22
263 5 16
263 29 33
263 33 5
263 40 8
263 43 19
263 57 67
263 60 16
263 90 37
263 112 24
263 151 10
263 158 16
263 214 10
263 223 30
263 243 25
264 31 5
264 174 27
264 188 9
264 189 2
264 208 12
264 218 8
264 221 2
264 255 20
264 292 43
265 31 1
265 134 31
265 181 13
265 206 31
265 220 15
265 247 30
265 255 4
265 275 75
265 289 22
265 292 20
266 130 4
266 168 3
266 200 16
266 201 12
266 228 13
266 252 7
266 280 21
266 286 4
267 7 15
267 71 2
267 123 12
267 137 7
267 167 16
267 196 7
267 248 65
267 260 9
267 273 19
268 128 9
268 185 20
268 204 9
268 228 5
268 251 32
268 281 15
269 143 3
269 231 1
269 248 5
269 273 6
269 282 14
269 284 3
270 9 1
270 20 23
270 38 18
270 52 49
270 93 51
270 126 18
270 156 5
270 167 2
270 173 27
270 204 24
270 290 62
271 85 1
271 110 3
271 111 3
271 140 11
271 195 3
272 23 14
272 79 3
272 133 3
272 157 5
272 250 18
273 42 13
273 64 15
273 129 15
273 269 8
273 276 9
273 292 16
274 148 11
274 180 3
274 205 6
274 207 12
274 285 23
275 124 6
275 134 1
275 181 4
275 206 9
275 276 10
275 289 17
275 292 22
276 148 35
276 202 9
277 123 7
277 124 1
277 278 4
277 287 2
278 15 19
278 80 13
278 143 4
278 184 18
279 37 2
279 131 9
279 202 6
279 243 3
280 228 13
280 238 32
281 91 14
281 128 8
281 165 8
281 185 2
281 251 6
281 268 13
282 231 6
282 269 2
282 276 4
283 59 4
283 61 16
283 106 5
283 136 7
283 210 9
283 256 1
283 271 10
284 231 16
284 269 2
284 282 14
285 10 3
286 201 9
286 238 10
286 241 4
286 249 2
286 266 13
286 278 2
287 15 7
287 76 13
287 130 1
287 224 2
287 228 15
287 252 20
287 280 22
288 111 8
288 135 3
288 140 3
288 271 6
289 134 10
289 206 3
289 255 2
289 265 1
290 38 3
290 93 3
291 242 26
292 31 1
292 218 3
