0 13 10
0 16 22
0 49 21
0 85 22
0 91 8
0 106 33
0 127 3
0 130 18
0 174 24
0 180 23
0 196 21
0 203 37
0 218 8
0 224 27
0 248 11
1 5 7
1 63 5
1 65 13
1 101 4
1 116 45
1 121 18
1 145 6
1 172 15
1 173 18
1 185 8
1 187 9
1 204 13
1 268 24
1 271 15
1 272 8
1 274 11
2 1 23
2 39 25
2 41 20
2 43 37
2 55 10
2 70 1
2 123 41
2 124 9
2 143 41
2 145 11
2 152 17
2 162 4
2 194 23
2 225 1
2 245 3
2 280 13
3 4 6
3 6 9
3 7 14
3 18 53
3 23 40
3 39 33
3 70 81
3 80 32
3 92 19
3 116 27
3 127 22
3 134 40
3 139 55
3 146 21
3 154 26
3 163 11
3 189 25
3 195 20
3 225 27
3 239 29
3 248 23
4 7 2
4 12 6
4 25 40
4 29 18
4 42 23
4 76 7
4 111 18
4 120 10
4 125 11
4 132 42
4 139 13
4 145 23
4 152 11
4 208 34
4 254 18
4 258 11
4 273 36
5 1 9
5 6 9
5 11 20
5 34 11
5 48 26
5 50 30
5 57 25
5 59 2
5 64 5
5 97 4
5 121 14
5 147 13
5 151 3
5 179 40
5 190 9
5 192 3
5 204 49
5 237 18
6 1 4
6 2 7
6 37 8
6 47 20
6 56 16
6 61 31
6 65 8
6 78 16
6 147 2
6 176 12
6 177 15
6 192 9
6 206 1
6 209 11
6 215 7
6 226 20
6 238 12
6 271 32
6 291 18
7 0 20
7 1 35
7 5 6
7 14 8
7 21 14
7 22 17
7 51 8
7 74 47
7 76 11
7 86 2
7 101 10
7 107 68
7 146 16
7 151 6
7 155 36
7 165 81
7 196 58
7 216 23
7 260 56
8 26 3
8 46 1
8 71 28
8 104 14
8 124 2
8 125 8
8 177 5
8 188 12
8 197 13
8 198 43
8 260 3
9 5 19
9 11 8
9 34 27
9 48 9
9 59 16
9 64 11
9 65 5
9 97 21
9 101 10
9 112 3
9 115 9
9 145 8
9 147 20
9 151 2
9 190 13
9 215 14
9 240 22
9 245 27
9 284 25
10 46 3
10 72 4
10 93 13
10 103 10
10 105 15
10 133 14
10 141 3
10 142 9
10 166 20
10 191 2
10 246 5
10 249 47
11 5 1
11 10 18
11 34 14
11 48 17
11 53 18
11 71 15
11 92 52
11 97 6
11 108 34
11 124 18
11 130 2
11 136 5
11 221 9
11 278 31
11 283 19
12 4 15
12 19 3
12 29 20
12 34 8
12 42 14
12 59 9
12 69 39
12 111 22
12 112 17
12 132 9
12 139 24
12 191 16
12 197 7
12 254 50
12 258 47
12 265 19
12 270 31
12 278 27
13 106 9
13 181 13
13 220 12
13 235 4
13 262 9
13 268 24
13 272 4
13 288 25
14 2 27
14 8 15
14 13 65
14 39 73
14 41 14
14 43 30
14 55 55
14 108 42
14 123 28
14 135 30
14 152 16
14 154 14
14 174 27
14 194 40
14 258 14
14 277 31
14 289 30
15 19 21
15 28 2
15 71 12
15 81 15
15 96 34
15 157 19
15 181 6
15 186 17
15 201 8
15 219 45
15 226 7
15 261 21
15 267 23
16 33 1
16 49 33
16 60 15
16 100 3
16 131 2
16 144 1
16 154 16
16 155 7
16 178 2
16 219 21
16 227 16
16 230 20
16 243 16
16 248 1
16 262 10
16 272 16
16 290 29
17 40 41
17 43 7
17 45 5
17 55 2
17 156 13
17 160 17
17 180 17
17 208 46
17 213 39
17 284 38
17 289 16
18 23 17
18 35 16
18 70 23
18 114 6
18 123 16
18 146 10
18 155 14
18 196 15
18 227 4
18 279 40
19 15 2
19 18 23
19 40 12
19 63 4
19 81 16
19 89 22
19 96 21
19 99 19
19 117 7
19 157 1
19 182 1
19 186 5
19 261 11
19 264 6
19 267 9
20 108 8
20 135 24
20 214 2
20 215 35
20 238 31
20 246 11
20 251 31
20 252 17
20 263 11
21 23 2
21 107 8
21 191 2
21 196 13
21 209 21
21 260 31
21 269 24
21 273 1
22 31 9
22 34 13
22 38 1
22 70 2
22 81 26
22 86 6
22 109 9
22 118 2
22 138 2
22 144 18
22 231 16
22 235 14
23 18 28
23 30 7
23 54 32
23 55 7
23 70 7
23 80 23
23 100 3
23 146 6
23 163 15
23 178 6
23 181 24
23 197 24
23 220 46
23 225 21
23 237 1
23 266 21
24 1 21
24 21 12
24 47 1
24 53 33
24 65 36
24 69 33
24 78 61
24 79 4
24 82 3
24 111 7
24 113 3
24 121 12
24 145 8
24 150 21
24 151 1
24 168 17
24 202 12
24 219 32
24 236 80
24 271 18
24 285 49
25 44 8
25 120 15
25 242 13
25 260 1
25 273 1
25 280 19
26 43 3
26 50 7
26 53 7
26 60 7
26 183 12
26 221 4
26 222 38
26 276 32
26 277 4
26 282 6
27 36 6
27 42 19
27 58 18
27 101 14
27 125 16
27 129 21
27 167 36
27 169 25
27 182 3
27 188 4
27 221 20
27 227 16
27 231 3
27 237 12
27 246 23
27 253 11
28 19 14
28 22 17
28 23 5
28 38 13
28 43 12
28 54 12
28 63 29
28 68 24
28 80 11
28 99 6
28 118 8
28 121 19
28 138 7
28 140 2
28 144 27
28 148 2
28 205 14
28 254 13
28 260 27
28 276 21
29 4 7
29 12 12
29 17 54
29 41 4
29 111 50
29 129 7
29 132 15
29 139 1
29 188 7
29 249 9
29 256 1
29 258 2
30 3 14
30 14 1
30 18 39
30 23 5
30 27 6
30 34 7
30 54 36
30 70 6
30 80 38
30 87 19
30 101 3
30 146 11
30 158 7
30 163 2
30 164 13
30 176 5
30 205 15
30 274 9
31 53 2
31 89 29
31 90 14
31 96 4
31 115 10
31 141 42
31 159 1
31 189 2
31 223 36
31 247 30
31 256 11
31 288 13
32 13 24
32 31 3
32 35 22
32 57 9
32 60 3
32 67 44
32 119 12
32 122 23
32 143 29
32 228 18
32 272 16
33 16 9
33 17 17
33 31 6
33 49 25
33 60 2
33 63 27
33 77 31
33 100 11
33 131 5
33 153 28
33 208 34
33 227 3
33 230 22
33 243 20
33 249 37
34 1 19
34 5 10
34 9 2
34 18 5
34 23 16
34 47 10
34 48 22
34 59 23
34 64 31
34 72 1
34 97 17
34 116 13
34 139 11
34 153 17
34 164 12
34 189 26
34 252 50
35 94 5
35 119 3
35 228 7
35 270 1
35 272 9
36 0 23
36 42 6
36 51 23
36 57 20
36 75 1
36 91 9
36 127 15
36 130 14
36 174 7
36 180 35
36 187 14
36 207 21
36 224 7
36 228 34
36 248 37
37 6 3
37 15 2
37 31 24
37 56 31
37 113 13
37 116 34
37 128 1
37 147 11
37 179 14
37 192 34
37 206 4
37 241 21
37 243 11
37 255 41
37 286 33
38 0 5
38 22 21
38 68 23
38 97 14
38 99 9
38 110 27
38 114 14
38 118 20
38 121 17
38 126 7
38 138 13
38 140 8
38 144 23
38 182 14
38 225 8
38 243 2
39 43 13
39 55 12
39 94 5
39 104 8
39 123 1
39 194 9
39 200 8
39 253 3
39 290 8
40 45 4
40 109 10
40 135 47
40 160 25
40 208 14
40 213 18
40 234 14
40 274 7
40 284 9
40 289 9
41 2 16
41 14 2
41 25 29
41 35 19
41 39 42
41 43 5
41 55 6
41 123 12
41 194 22
41 218 25
41 249 22
41 253 20
41 286 15
42 12 8
42 29 6
42 33 11
42 54 2
42 111 23
42 112 10
42 132 1
42 139 2
42 167 7
42 180 1
42 222 26
42 254 2
42 258 4
43 39 1
43 41 1
43 55 7
43 61 11
43 67 15
43 113 3
43 123 15
43 172 3
43 194 27
43 247 3
43 268 24
43 280 30
44 25 4
44 50 8
44 52 33
44 58 1
44 84 29
44 165 3
44 170 3
44 183 16
44 188 4
44 218 24
44 246 16
44 252 10
44 258 11
44 264 11
44 273 41
44 283 8
45 17 19
45 40 16
45 41 10
45 94 20
45 156 3
45 160 6
45 193 19
45 208 8
45 213 35
45 280 13
45 284 88
45 287 21
45 289 21
45 290 12
46 8 19
46 27 1
46 71 5
46 72 1
46 104 15
46 164 6
46 166 34
46 213 19
46 274 23
47 6 10
47 37 36
47 56 11
47 59 2
47 61 7
47 82 29
47 90 21
47 109 17
47 128 23
47 147 3
47 151 2
47 168 7
47 230 13
47 259 16
48 2 18
48 5 6
48 9 4
48 26 20
48 34 1
48 46 17
48 47 8
48 59 3
48 64 3
48 97 1
48 162 22
48 187 5
48 190 12
48 221 18
48 277 11
48 289 26
48 291 14
49 13 17
49 60 7
49 137 2
49 227 6
49 230 6
49 243 11
49 266 6
49 279 14
50 26 13
50 93 8
50 104 7
50 179 14
50 183 15
50 222 20
50 249 10
50 276 17
50 277 5
50 282 60
50 284 41
50 287 17
50 291 28
51 0 26
51 35 47
51 36 27
51 38 19
51 91 25
51 116 30
51 118 7
51 127 50
51 130 63
51 163 4
51 174 26
51 175 19
51 180 44
51 224 29
51 248 30
52 25 29
52 46 16
52 58 1
52 79 4
52 184 27
52 194 9
52 214 16
52 229 19
52 253 12
52 265 16
52 286 33
52 290 5
53 69 16
53 133 11
53 142 14
53 150 2
53 162 1
53 202 8
53 219 2
53 236 3
53 271 5
54 26 1
54 169 31
54 170 18
54 194 2
54 203 33
54 229 5
54 274 5
55 14 5
55 17 18
55 39 3
55 41 13
55 43 8
55 84 13
55 123 5
55 129 1
55 193 31
55 194 20
55 208 9
55 213 42
55 218 30
55 290 11
56 77 7
56 116 9
56 137 48
56 171 9
56 192 13
56 199 29
56 241 28
56 251 26
57 11 4
57 77 6
57 92 13
57 109 18
57 136 5
57 162 2
57 185 15
57 189 3
57 210 13
57 241 31
57 259 36
57 275 34
58 27 6
58 62 2
58 87 11
58 93 11
58 101 5
58 122 22
58 140 2
58 158 2
58 167 25
58 176 8
58 221 17
58 237 23
58 240 7
58 253 17
58 283 37
59 5 8
59 9 1
59 11 7
59 34 8
59 37 1
59 40 13
59 48 17
59 64 4
59 97 42
59 104 25
59 166 38
59 167 18
59 179 24
59 209 33
59 222 36
59 271 20
59 276 11
59 282 17
59 284 58
60 16 2
60 33 4
60 34 11
60 49 23
60 55 19
60 67 15
60 100 2
60 107 29
60 120 33
60 131 30
60 195 24
60 212 26
60 227 8
60 230 24
60 243 6
60 265 9
60 290 23
61 6 14
61 11 22
61 29 16
61 37 18
61 47 17
61 56 43
61 77 40
61 128 14
61 147 21
61 168 25
61 185 25
61 192 43
61 206 10
61 212 19
61 233 26
61 236 35
61 237 3
61 238 19
61 254 4
61 288 22
62 1 11
62 63 44
62 117 16
62 126 3
62 145 18
62 148 6
62 159 8
62 172 19
62 187 2
62 201 30
62 205 43
62 232 12
62 274 37
62 276 6
62 282 21
63 123 2
63 157 9
63 171 13
63 172 2
63 201 8
63 204 11
63 205 1
63 261 17
63 268 23
63 281 11
64 9 7
64 11 31
64 40 35
64 48 8
64 51 2
64 58 12
64 59 14
64 97 43
64 100 12
64 133 33
64 137 76
64 144 26
64 145 12
64 202 36
64 224 10
64 235 24
64 249 33
64 282 39
64 291 45
65 42 8
65 53 29
65 56 13
65 69 5
65 78 2
65 113 11
65 142 7
65 192 5
65 202 26
65 203 23
65 209 13
65 219 17
65 236 3
65 271 33
65 285 24
66 10 13
66 88 17
66 155 7
66 164 4
66 168 24
66 185 6
66 212 6
66 244 7
66 283 10
66 285 13
66 288 13
67 35 14
67 143 4
67 228 25
68 8 29
68 22 51
68 70 49
68 74 17
68 99 26
68 117 11
68 118 2
68 121 11
68 131 3
68 139 2
68 144 37
68 145 9
68 152 28
68 186 11
68 225 21
69 78 5
69 82 3
69 150 14
69 173 7
69 202 2
69 207 11
69 236 3
69 269 4
69 271 6
69 275 4
69 285 22
70 18 22
70 20 25
70 80 24
70 146 11
70 172 5
70 217 12
70 235 3
70 267 18
70 291 15
71 8 2
71 20 15
71 46 26
71 92 15
71 124 2
71 150 2
71 154 2
71 159 1
71 164 15
71 234 20
71 241 8
71 278 29
72 8 6
72 10 14
72 93 18
72 103 2
72 115 15
72 133 53
72 141 11
72 142 50
72 190 34
72 205 10
72 221 14
72 230 3
72 249 9
72 277 30
73 53 10
73 65 1
73 109 10
73 142 7
73 153 13
73 199 9
73 200 11
73 203 8
73 209 1
73 211 5
73 233 17
73 242 17
73 256 3
73 275 26
74 21 12
74 38 1
74 104 10
74 107 1
74 152 2
74 155 27
74 165 11
74 196 40
74 209 20
74 216 21
74 241 21
74 260 6
74 274 10
74 280 44
74 290 18
75 25 54
75 39 3
75 44 31
75 52 8
75 84 27
75 114 21
75 129 7
75 156 11
75 178 9
75 181 18
75 188 18
75 189 3
75 195 6
75 229 21
75 269 14
75 273 4
76 13 15
76 24 5
76 36 4
76 40 30
76 71 1
76 85 56
76 86 3
76 122 48
76 143 43
76 168 3
76 177 19
76 189 15
76 191 49
76 207 92
76 269 60
76 271 35
77 57 3
77 105 5
77 110 3
77 162 13
77 171 1
77 193 12
77 241 11
77 247 12
77 259 1
77 275 16
78 53 12
78 69 9
78 150 9
78 202 5
78 203 18
78 209 3
78 223 16
78 236 8
78 241 29
78 285 4
79 20 27
79 95 35
79 98 25
79 110 36
79 126 9
79 135 34
79 158 7
79 178 7
79 217 18
79 220 15
79 225 26
79 227 26
79 250 27
79 264 11
79 266 17
79 269 17
79 279 33
80 18 23
80 23 3
80 84 8
80 137 38
80 189 4
80 194 7
80 223 21
80 266 15
80 281 35
81 15 4
81 19 18
81 26 9
81 65 6
81 96 1
81 157 3
81 242 19
81 261 1
81 265 1
81 267 5
81 274 19
82 39 7
82 73 16
82 106 13
82 137 2
82 142 9
82 148 1
82 171 15
82 199 15
82 203 6
82 211 5
82 233 7
82 275 6
83 31 8
83 77 16
83 89 20
83 90 36
83 115 14
83 159 22
83 166 18
83 202 3
83 223 5
83 244 3
83 247 58
83 261 18
83 268 18
83 271 11
84 13 18
84 94 23
84 120 25
84 129 9
84 227 3
84 280 32
84 290 17
85 122 2
85 141 12
85 143 23
85 177 10
85 191 5
85 196 8
85 202 11
85 269 6
86 7 8
86 21 40
86 57 21
86 74 32
86 107 13
86 155 34
86 165 12
86 174 16
86 177 17
86 189 21
86 191 19
86 196 7
86 260 22
86 262 5
86 274 26
87 62 9
87 120 29
87 156 9
87 184 43
87 198 44
87 218 14
87 231 6
87 246 21
87 281 8
87 283 99
87 286 18
87 287 65
88 49 16
88 92 16
88 176 3
88 202 11
88 204 6
88 226 2
88 244 11
88 271 10
89 135 4
89 159 2
89 203 3
89 223 4
89 247 14
89 255 27
90 31 2
90 89 36
90 92 3
90 115 3
90 141 2
90 153 20
90 159 1
90 223 12
90 247 15
90 256 6
90 257 10
90 261 12
90 271 2
91 0 9
91 1 10
91 21 9
91 36 14
91 51 6
91 103 15
91 107 12
91 130 17
91 136 49
91 174 25
91 177 9
91 180 11
91 191 4
91 224 15
91 248 18
92 66 3
92 105 6
92 240 6
92 242 17
92 268 2
92 285 12
92 288 4
93 94 2
93 133 1
93 142 14
93 204 18
93 234 16
93 249 11
93 291 16
94 45 14
94 84 6
94 120 15
94 193 2
94 195 6
94 218 4
94 267 4
94 280 24
94 287 29
94 290 5
95 1 3
95 20 11
95 98 1
95 110 44
95 114 1
95 193 13
95 201 17
95 217 3
95 250 12
95 266 14
95 279 26
96 81 9
96 157 1
96 208 10
96 261 11
96 267 4
96 279 13
97 5 2
97 11 10
97 12 2
97 48 1
97 93 5
97 106 31
97 133 25
97 136 4
97 164 2
97 205 5
97 234 34
97 291 19
98 54 24
98 95 19
98 110 24
98 114 1
98 157 8
98 173 4
98 181 14
98 217 15
98 228 30
98 250 7
98 264 18
98 266 22
98 279 38
98 281 21
99 22 13
99 78 15
99 95 27
99 140 2
99 144 15
99 187 22
99 197 11
99 201 16
99 207 5
99 274 6
100 16 9
100 18 9
100 33 3
100 43 4
100 49 31
100 60 12
100 66 22
100 85 13
100 95 35
100 102 13
100 131 8
100 176 17
100 227 7
100 230 25
100 243 6
100 276 11
101 27 20
101 33 29
101 47 14
101 48 16
101 54 34
101 58 15
101 91 17
101 125 22
101 132 26
101 139 7
101 145 11
101 167 31
101 197 14
101 221 46
101 237 26
101 253 40
101 264 27
102 49 15
102 110 16
102 114 6
102 126 3
102 158 19
102 161 6
102 169 34
102 173 15
102 178 37
102 183 17
102 197 10
102 205 4
102 210 30
102 225 14
102 235 10
102 265 43
102 274 12
102 281 25
103 10 6
103 66 5
103 72 1
103 93 13
103 133 27
103 142 30
103 190 3
103 191 15
103 225 1
103 236 4
103 249 10
103 265 5
103 266 5
103 285 27
104 8 10
104 57 5
104 71 11
104 93 17
104 154 18
104 160 20
104 162 9
104 164 13
104 197 35
104 215 32
104 244 6
104 245 16
104 291 4
105 11 7
105 20 2
105 106 7
105 108 2
105 135 24
105 158 6
105 214 56
105 215 13
105 238 41
105 240 9
105 251 49
105 263 53
105 267 4
106 53 17
106 82 2
106 88 3
106 137 16
106 171 9
106 199 4
106 203 3
106 259 27
106 275 11
107 21 8
107 25 37
107 74 11
107 155 11
107 165 3
107 178 26
107 196 46
107 229 8
107 260 6
107 269 20
108 90 21
108 105 4
108 135 13
108 199 5
108 214 30
108 215 8
108 238 11
108 251 16
108 255 38
108 263 1
108 288 8
109 73 9
109 77 14
109 78 1
109 92 2
109 200 3
109 209 8
109 211 12
109 242 20
109 247 10
109 252 11
109 256 8
109 257 23
110 95 10
110 119 20
110 161 5
110 210 2
110 264 7
110 279 24
110 281 16
111 4 13
111 72 8
111 112 28
111 124 37
111 188 5
111 237 13
111 254 20
112 4 3
112 12 11
112 29 22
112 41 5
112 42 8
112 71 29
112 99 1
112 111 5
112 132 28
112 139 15
112 197 6
112 213 28
112 252 30
112 254 28
112 258 24
112 270 36
113 53 46
113 56 11
113 65 8
113 69 29
113 73 2
113 78 9
113 137 19
113 141 7
113 150 8
113 171 18
113 202 20
113 219 27
113 236 12
113 241 23
113 271 37
113 275 23
113 284 7
113 285 7
114 102 13
114 104 7
114 126 4
114 158 11
114 159 22
114 172 16
114 178 4
114 201 8
114 210 20
114 225 5
114 235 20
114 250 4
114 274 15
115 10 6
115 31 2
115 83 1
115 89 38
115 90 2
115 109 2
115 141 6
115 159 1
115 203 20
115 223 17
115 236 7
115 247 35
115 255 26
115 259 23
116 10 10
116 62 5
116 92 17
116 111 3
116 124 8
116 213 6
116 237 4
116 253 33
116 255 33
116 268 28
116 270 10
116 288 22
116 291 8
117 15 22
117 19 16
117 58 4
117 80 20
117 81 32
117 96 27
117 157 14
117 186 11
117 265 18
117 267 28
117 291 32
118 19 20
118 22 31
118 28 2
118 57 8
118 68 8
118 70 23
118 99 44
118 121 2
118 138 18
118 140 8
118 144 32
118 157 49
118 184 15
118 187 9
118 192 5
118 281 27
119 32 15
119 35 2
119 41 14
119 67 21
119 143 1
119 220 15
119 228 7
119 239 4
119 272 4
119 273 14
119 280 24
120 84 13
120 184 22
120 193 24
120 246 10
120 280 26
120 287 30
120 290 32
121 22 24
121 68 2
121 83 27
121 99 25
121 101 3
121 103 10
121 118 3
121 138 6
121 140 10
121 141 39
121 144 33
121 167 13
121 188 8
122 49 3
122 85 11
122 180 5
122 189 17
122 191 28
122 207 20
122 269 12
123 39 3
123 41 2
123 55 3
123 194 22
123 210 2
123 218 22
123 241 5
123 253 27
123 266 7
124 8 26
124 40 14
124 46 12
124 71 39
124 104 15
124 116 16
124 135 16
124 164 1
124 197 11
124 222 11
124 268 36
124 278 22
124 288 30
125 26 2
125 27 4
125 44 2
125 50 5
125 52 20
125 58 26
125 120 29
125 129 4
125 167 17
125 170 17
125 200 7
125 221 33
125 237 12
125 253 13
125 254 11
126 18 5
126 62 26
126 63 4
126 102 3
126 110 6
126 161 26
126 169 31
126 172 25
126 187 10
126 197 12
126 201 10
126 205 21
126 210 19
127 0 37
127 75 3
127 85 21
127 91 9
127 130 13
127 174 2
127 180 34
127 191 15
127 196 13
127 211 23
127 224 11
127 248 13
127 266 20
127 275 11
128 6 14
128 37 4
128 46 27
128 47 12
128 56 51
128 61 4
128 64 2
128 73 21
128 106 52
128 147 14
128 151 17
128 153 30
128 176 16
128 192 11
128 202 20
128 206 21
128 237 21
129 75 18
129 84 33
129 94 32
129 120 23
129 193 27
129 229 11
129 246 24
129 258 10
129 273 33
129 280 56
129 287 60
129 290 64
130 35 27
130 90 3
130 91 1
130 122 1
130 127 9
130 180 33
130 218 7
130 224 8
130 248 35
130 288 24
131 16 1
131 33 19
131 49 32
131 54 10
131 84 23
131 100 17
131 108 35
131 158 11
131 208 13
131 216 3
131 227 21
131 230 23
131 243 14
131 274 19
132 12 1
132 23 10
132 29 13
132 39 5
132 42 24
132 48 4
132 111 30
132 139 7
132 144 1
132 154 13
132 258 7
132 289 24
133 93 1
133 249 3
133 285 13
133 291 1
134 13 4
134 89 1
134 166 4
134 179 1
134 234 11
134 238 3
134 252 15
134 263 17
134 270 10
134 276 1
134 278 25
134 288 29
134 291 3
135 71 3
135 108 7
135 214 24
135 215 3
135 238 2
135 251 17
135 252 5
135 263 11
136 5 10
136 26 21
136 31 12
136 42 13
136 50 39
136 183 25
136 222 45
136 235 23
136 249 6
136 257 31
136 276 29
136 277 24
136 282 36
137 82 8
137 106 2
137 148 6
137 171 8
137 203 18
137 233 5
137 236 3
137 241 20
137 288 30
138 22 33
138 27 12
138 28 9
138 30 8
138 38 12
138 68 11
138 98 24
138 99 17
138 111 15
138 121 11
138 140 27
138 144 20
138 151 17
138 184 24
138 210 34
138 258 11
138 281 20
139 4 5
139 12 17
139 29 5
139 42 12
139 81 3
139 111 12
139 112 11
139 122 17
139 132 27
139 170 36
139 254 3
139 258 19
139 276 31
140 22 34
140 23 1
140 28 5
140 38 1
140 63 28
140 68 24
140 70 16
140 99 1
140 121 5
140 138 17
140 144 40
140 173 19
140 224 17
140 242 68
140 261 34
140 267 15
140 281 23
141 83 13
141 89 31
141 90 4
141 108 13
141 115 11
141 142 10
141 159 2
141 191 7
141 200 4
141 223 8
141 247 12
141 277 9
141 285 10
142 93 3
142 133 43
142 190 11
142 209 8
143 35 53
143 67 30
143 119 3
143 177 19
143 190 12
143 191 1
143 207 10
143 220 1
143 228 14
143 239 2
143 262 2
143 272 8
144 22 6
144 98 22
144 99 2
144 133 25
144 162 4
144 172 20
144 253 30
145 30 31
145 39 14
145 56 13
145 62 18
145 73 15
145 85 20
145 91 2
145 116 47
145 128 1
145 130 5
145 139 13
145 176 5
145 187 3
145 201 32
145 225 10
145 279 27
146 18 10
146 23 26
146 27 27
146 70 8
146 80 32
146 121 22
146 188 12
146 220 24
146 231 2
146 240 7
146 281 8
146 290 28
147 37 15
147 47 12
147 51 8
147 56 56
147 83 17
147 146 23
147 192 2
147 204 5
147 219 12
148 69 12
148 82 12
148 106 29
148 137 13
148 156 3
148 168 15
148 171 47
148 176 5
148 199 38
148 202 14
148 203 55
148 211 11
148 233 15
148 256 17
149 37 1
149 66 23
149 88 34
149 151 16
149 168 2
149 175 10
149 176 12
149 199 29
149 204 19
149 244 4
149 285 20
150 53 7
150 65 5
150 78 3
150 88 27
150 115 8
150 165 1
150 167 1
150 223 3
150 236 5
150 271 7
150 285 22
151 52 24
151 66 15
151 82 1
151 88 30
151 149 11
151 168 35
151 175 8
151 176 19
151 204 66
151 212 20
151 244 4
152 1 10
152 39 17
152 40 20
152 41 11
152 43 16
152 45 3
152 55 24
152 78 45
152 94 50
152 111 11
152 123 14
152 149 21
152 194 58
152 277 24
153 73 3
153 92 19
153 109 28
153 141 13
153 142 3
153 209 10
153 211 23
153 238 19
153 242 39
153 256 17
153 285 8
154 1 6
154 8 12
154 46 59
154 71 16
154 104 32
154 124 35
154 160 26
154 164 18
154 174 10
154 175 23
154 197 42
154 198 33
154 230 45
154 241 29
154 254 10
154 283 51
155 21 9
155 107 1
155 165 5
155 196 10
155 228 9
155 243 2
155 260 10
155 272 20
156 17 10
156 40 5
156 45 19
156 131 23
156 160 13
156 208 42
156 213 29
156 260 10
156 269 22
156 280 64
156 284 68
156 289 28
157 15 14
157 19 3
157 50 8
157 81 12
157 96 10
157 117 9
157 186 14
157 225 2
157 261 1
157 267 15
157 281 4
158 32 2
158 70 5
158 80 3
158 96 11
158 114 7
158 145 2
158 178 17
158 210 25
158 214 15
158 219 4
158 221 5
158 225 18
158 235 28
158 264 8
158 266 20
158 274 24
159 31 1
159 57 1
159 83 5
159 89 32
159 90 19
159 115 4
159 141 2
159 150 15
159 185 1
159 242 5
159 247 15
159 271 15
159 288 9
160 17 23
160 25 9
160 40 10
160 156 25
160 161 2
160 208 13
160 213 26
160 238 20
160 278 7
160 284 14
160 289 43
160 290 18
161 25 7
161 45 6
161 52 2
161 54 12
161 160 3
161 169 14
161 170 14
161 197 2
161 229 9
161 240 16
161 265 24
161 283 12
161 287 19
162 57 10
162 77 20
162 149 2
162 185 7
162 212 6
162 236 7
162 241 28
162 253 9
162 259 23
162 271 12
162 275 15
162 288 20
163 3 40
163 7 8
163 13 72
163 18 39
163 23 16
163 30 17
163 70 16
163 72 33
163 76 15
163 80 76
163 146 30
163 152 19
163 156 53
163 178 21
163 192 5
163 290 53
164 8 19
164 10 5
164 46 28
164 71 23
164 72 4
164 103 17
164 104 16
164 124 19
164 133 5
164 190 2
164 197 24
164 244 4
165 10 8
165 21 7
165 32 3
165 85 6
165 86 25
165 107 5
165 122 14
165 196 13
165 260 7
165 269 2
166 69 10
166 234 36
166 268 15
166 270 15
167 11 1
167 23 2
167 58 6
167 59 1
167 125 12
167 131 3
167 134 22
167 221 13
167 237 3
167 253 12
167 278 25
167 282 4
167 291 15
168 82 8
168 88 21
168 109 7
168 149 8
168 204 15
168 212 6
169 54 7
169 183 4
169 214 23
169 215 3
169 238 20
170 54 10
170 84 23
170 132 13
170 169 17
170 183 5
170 229 35
170 240 25
170 254 2
170 265 3
170 286 17
171 43 13
171 77 6
171 82 12
171 106 1
171 137 1
171 185 18
171 199 12
171 203 6
171 241 5
172 62 2
172 63 18
172 126 9
172 183 2
172 196 6
172 201 5
172 242 8
173 25 3
173 67 18
173 77 15
173 80 9
173 95 12
173 110 11
173 119 21
173 172 4
173 205 5
173 226 7
173 250 1
173 267 5
173 268 32
173 279 9
173 281 8
174 51 5
174 91 6
174 114 2
174 122 1
174 127 1
174 130 18
174 143 8
174 162 3
174 180 19
174 224 16
174 243 7
174 248 2
175 10 2
175 16 10
175 66 27
175 88 46
175 97 4
175 149 7
175 151 2
175 168 28
175 176 11
175 193 25
175 204 26
175 211 4
175 212 3
175 244 3
175 259 25
176 66 33
176 73 14
176 88 3
176 149 24
176 168 28
176 175 2
176 204 15
176 212 5
176 221 11
176 244 5
176 256 16
177 85 18
177 122 26
177 191 43
177 197 6
177 203 27
177 207 18
177 220 9
177 269 43
177 280 26
177 290 13
178 25 12
178 52 12
178 114 24
178 135 12
178 146 15
178 158 5
178 210 29
178 225 3
178 235 16
178 252 30
178 258 16
178 266 10
178 274 22
179 134 19
179 166 22
179 213 14
179 222 21
179 234 34
179 270 3
179 277 6
179 278 43
179 291 8
180 81 3
180 99 3
180 130 1
180 231 13
180 262 39
181 13 12
181 81 6
181 96 4
181 98 14
181 157 2
181 173 14
181 188 10
181 220 10
181 223 13
181 226 14
181 252 12
181 261 32
181 263 26
182 15 7
182 19 29
182 81 40
182 96 50
182 105 5
182 117 13
182 157 72
182 184 23
182 186 27
182 201 21
182 208 28
182 267 5
182 268 55
182 279 7
183 88 14
183 125 3
183 142 5
183 196 2
183 222 13
183 276 2
183 277 15
183 282 24
183 284 10
184 120 4
184 218 12
184 246 15
184 281 5
184 286 7
185 57 1
185 77 16
185 115 1
185 116 4
185 137 8
185 149 10
185 199 18
185 204 3
185 219 9
185 236 12
185 241 33
185 259 24
185 275 42
186 15 9
186 19 4
186 69 3
186 81 16
186 96 7
186 114 4
186 117 30
186 157 14
186 181 25
186 182 3
186 225 12
186 226 13
186 228 14
186 264 3
186 267 29
186 279 22
187 1 22
187 62 11
187 63 15
187 93 22
187 126 6
187 145 12
187 172 26
187 201 22
187 205 25
187 214 24
187 270 26
187 281 32
188 20 5
188 25 52
188 44 17
188 52 21
188 75 10
188 125 2
188 169 16
188 195 19
188 231 14
188 253 25
188 287 19
188 289 12
189 49 7
189 76 8
189 85 34
189 153 12
189 162 26
189 177 23
189 183 14
189 191 14
189 196 10
189 207 6
189 269 48
190 10 36
190 46 12
190 53 7
190 72 16
190 93 33
190 97 2
190 103 2
190 133 23
190 142 9
190 164 7
190 167 6
190 220 12
190 221 4
190 236 12
190 249 17
190 277 1
191 82 17
191 85 2
191 122 13
191 189 2
191 207 6
191 228 31
191 269 32
192 6 6
192 47 8
192 56 15
192 69 18
192 97 2
192 147 5
192 149 6
192 150 20
192 176 5
192 247 23
193 67 13
193 78 2
193 84 26
193 94 21
193 120 23
193 208 3
193 280 37
193 287 17
193 290 31
194 120 12
194 122 36
195 25 41
195 43 18
195 44 7
195 52 11
195 75 22
195 77 5
195 94 8
195 184 14
195 193 16
195 266 8
195 287 65
196 86 1
196 107 18
196 155 4
196 200 6
196 230 13
197 8 14
197 46 16
197 71 19
197 104 1
197 164 4
197 201 3
197 265 5
197 281 8
197 286 29
198 116 17
198 123 3
198 169 5
198 184 10
198 218 9
198 229 10
198 231 6
198 263 8
198 283 8
198 286 2
198 289 11
199 82 2
199 106 6
199 109 5
199 137 30
199 203 17
199 233 2
200 73 2
200 88 13
200 106 12
200 142 6
200 153 8
200 209 8
200 242 15
200 256 12
200 275 6
201 63 2
201 117 3
201 122 26
201 172 5
201 210 13
201 250 6
202 53 1
202 63 13
202 65 5
202 78 2
202 150 10
202 168 13
202 219 3
202 257 12
202 259 3
202 285 8
203 82 5
203 106 6
203 122 11
203 238 1
204 66 24
204 88 22
204 123 2
204 168 37
204 212 1
205 63 12
205 92 47
205 117 13
205 126 4
205 161 24
205 172 12
205 187 13
205 201 14
205 219 5
205 232 8
205 242 27
205 267 17
205 289 13
206 1 10
206 6 7
206 34 12
206 37 3
206 47 31
206 56 53
206 61 20
206 111 16
206 123 21
206 147 32
206 192 30
206 217 34
206 221 33
206 268 50
207 85 3
207 93 7
207 269 13
208 160 1
208 213 7
208 240 2
208 284 1
208 289 1
209 69 14
209 73 7
209 109 1
209 200 13
209 203 9
209 211 7
209 223 16
209 242 2
209 253 1
209 256 27
210 19 7
210 114 15
210 159 5
210 182 1
210 201 5
210 205 6
210 235 26
211 39 20
211 53 12
211 73 4
211 109 6
211 116 24
211 153 18
211 199 13
211 200 22
211 203 5
211 242 29
211 256 4
211 275 41
212 18 7
212 57 16
212 66 19
212 88 65
212 149 9
212 168 23
212 175 17
212 176 11
212 204 6
212 233 6
212 241 23
212 244 27
212 259 15
213 13 2
213 247 1
213 278 6
213 284 23
214 20 15
214 89 13
214 215 11
214 238 7
214 251 10
214 255 4
214 284 13
215 20 1
215 93 2
215 108 24
215 135 13
215 166 28
215 214 11
215 238 8
215 251 5
215 263 5
216 7 1
216 21 22
216 33 6
216 74 13
216 84 18
216 86 15
216 107 20
216 108 14
216 131 13
216 155 27
216 165 34
216 194 6
216 196 17
216 231 21
216 260 35
217 22 3
217 79 2
217 84 36
217 95 15
217 98 8
217 110 16
217 143 1
217 173 5
217 235 8
217 250 28
217 264 4
217 279 37
217 280 24
217 281 15
218 87 3
218 94 1
218 246 14
218 283 14
219 53 2
219 65 3
219 69 20
219 78 30
219 103 8
219 113 10
219 150 1
219 157 6
219 166 2
219 202 29
219 236 6
219 271 22
219 285 6
220 13 1
220 67 21
220 96 15
220 181 8
220 226 18
220 232 7
220 268 35
220 281 17
221 12 1
221 27 10
221 46 3
221 85 1
221 133 23
221 164 8
221 167 5
221 179 21
221 237 9
221 253 22
221 257 13
222 234 12
222 245 6
222 276 15
222 277 6
222 278 15
222 282 10
223 89 3
223 115 13
223 141 14
223 159 27
223 247 14
223 255 20
223 287 7
223 288 3
224 36 9
224 116 16
224 117 16
224 127 12
224 130 5
224 153 5
224 180 4
224 262 16
225 21 20
225 79 13
225 102 7
225 114 14
225 172 16
225 178 1
225 210 29
225 235 6
225 275 14
226 8 14
226 13 9
226 62 2
226 89 33
226 157 1
226 160 3
226 173 19
226 181 19
226 220 15
226 257 12
226 259 9
226 261 30
226 265 13
226 281 41
227 25 8
227 32 20
227 33 2
227 49 20
227 60 4
227 80 30
227 100 1
227 107 18
227 120 12
227 129 9
227 205 2
227 230 16
227 243 15
227 273 26
228 32 2
228 35 18
228 67 16
228 119 9
228 207 2
228 255 14
228 260 4
228 262 10
228 269 8
228 272 2
229 54 22
229 75 9
229 161 5
229 169 14
229 181 7
229 198 20
229 240 15
229 283 9
230 13 11
230 33 16
230 49 4
230 130 6
230 177 10
230 193 14
230 194 1
230 227 9
230 243 7
230 271 11
230 288 10
231 35 18
231 87 17
231 184 26
231 198 18
231 218 71
231 239 1
231 246 32
231 283 42
231 286 46
231 290 17
232 15 15
232 58 2
232 62 7
232 63 17
232 76 2
232 83 7
232 85 16
232 110 32
232 117 7
232 126 25
232 148 7
232 154 21
232 156 11
232 172 33
232 187 11
232 201 63
232 205 30
232 279 32
233 82 7
233 106 6
233 137 4
233 148 2
233 171 29
233 199 2
233 203 23
233 223 19
233 236 15
233 241 3
233 252 12
233 255 31
233 268 11
233 275 3
234 93 2
234 134 7
234 166 21
234 179 12
234 245 10
234 249 9
234 257 4
234 270 8
234 278 31
234 285 5
234 291 37
235 85 14
235 102 8
235 158 14
235 210 9
235 213 37
235 214 18
235 218 2
235 225 2
235 231 7
235 246 5
235 250 7
235 260 18
235 274 2
236 69 1
236 77 3
236 78 23
236 150 2
236 202 4
236 207 2
236 271 6
236 285 1
236 288 19
237 8 3
237 27 6
237 40 9
237 71 5
237 116 19
237 124 6
237 125 31
237 149 19
237 167 9
237 188 2
237 221 4
237 253 26
237 254 4
237 289 38
238 108 1
238 135 11
238 162 6
238 214 9
238 215 10
238 251 6
238 252 16
238 259 3
239 17 31
239 32 24
239 35 37
239 67 51
239 80 7
239 119 31
239 143 19
239 180 4
239 186 5
239 207 20
239 220 21
239 228 37
239 255 31
239 262 40
239 272 14
240 54 7
240 92 21
240 161 2
240 169 11
240 251 11
240 261 16
240 265 38
240 286 2
240 287 14
241 8 1
241 77 10
241 199 2
241 259 4
241 275 2
242 31 1
242 73 10
242 92 9
242 109 2
242 153 1
242 166 4
242 200 1
242 209 2
242 247 2
242 288 12
243 16 16
243 33 19
243 49 1
243 60 7
243 100 11
243 150 18
243 155 6
243 224 9
243 230 12
243 272 2
244 26 18
244 56 4
244 66 9
244 72 16
244 88 40
244 149 2
244 151 4
244 168 30
244 176 17
244 204 38
244 211 11
244 212 8
245 8 12
245 58 1
245 134 58
245 166 24
245 179 17
245 222 4
245 234 23
245 257 11
245 263 2
245 270 27
245 278 28
245 282 2
246 20 6
246 184 8
246 198 12
246 247 12
246 283 13
247 214 15
247 223 1
248 35 17
248 36 8
248 78 22
248 85 3
248 112 1
248 116 4
248 127 11
248 171 11
248 174 4
248 180 22
248 224 23
249 92 22
249 93 16
249 103 5
249 106 22
249 133 8
249 142 36
249 166 12
249 190 3
249 234 10
249 257 3
250 28 8
250 67 10
250 70 1
250 79 5
250 110 16
250 169 8
250 172 16
250 201 10
250 217 3
250 252 20
250 264 3
250 279 18
251 214 1
251 215 8
251 238 20
251 255 13
251 263 5
251 268 3
251 270 10
252 20 6
252 135 15
252 255 14
252 257 7
252 278 4
252 291 2
253 27 1
253 170 2
253 195 8
253 287 13
254 4 2
254 29 25
254 42 6
254 111 20
254 132 16
254 139 4
254 142 14
254 198 19
254 204 5
254 258 11
254 284 13
255 209 10
255 251 10
255 268 5
255 288 3
256 73 31
256 109 6
256 133 16
256 142 19
256 153 12
256 168 18
256 185 4
256 200 12
256 211 34
256 242 24
257 240 6
257 255 49
257 261 4
257 270 12
257 288 2
257 291 2
258 29 8
258 42 2
258 84 26
258 111 35
258 112 10
258 132 4
258 139 14
258 210 6
258 254 8
258 273 4
259 77 6
259 137 5
259 162 14
259 171 16
259 185 1
259 238 29
259 241 2
259 275 14
259 288 12
260 21 2
260 41 1
260 67 8
260 107 6
260 165 13
260 191 9
260 196 12
261 90 10
261 92 6
261 279 18
261 281 14
261 287 4
262 32 18
262 35 25
262 67 31
262 117 23
262 119 20
262 122 11
262 143 8
262 177 15
262 207 15
262 228 32
262 269 25
262 272 18
263 108 10
263 135 14
263 184 1
263 214 17
263 215 3
263 238 16
263 251 11
264 26 13
264 44 8
264 79 3
264 95 2
264 110 20
264 181 17
264 229 9
264 250 12
264 261 16
264 268 6
264 279 27
265 54 5
265 169 25
265 170 15
265 229 44
265 240 2
265 257 1
266 13 18
266 95 11
266 169 15
266 173 18
266 195 2
266 261 9
266 283 12
266 286 18
266 289 32
267 2 2
267 19 4
267 58 12
267 81 20
267 96 4
267 117 16
267 147 6
267 157 14
267 182 21
267 204 11
267 286 37
268 173 3
268 252 24
268 255 18
268 284 6
268 287 11
269 32 6
269 82 5
269 85 5
269 122 3
269 191 1
269 207 8
269 220 5
270 134 8
270 179 16
270 234 14
270 255 21
270 257 14
270 278 17
271 53 11
271 78 5
271 89 14
271 202 10
271 285 3
272 35 18
272 67 20
272 96 1
272 119 17
272 143 10
272 220 1
272 228 3
272 239 17
272 262 11
272 290 27
273 25 16
273 84 17
273 94 30
273 120 5
273 125 2
273 184 8
273 193 10
273 280 45
273 290 6
274 25 28
274 102 3
274 160 8
274 172 38
274 210 8
274 225 14
274 235 9
275 13 3
275 78 6
275 162 13
275 185 1
275 200 1
275 241 2
275 259 10
276 47 4
276 50 15
276 77 11
276 136 3
276 222 2
276 263 6
276 277 23
276 291 24
277 26 5
277 50 2
277 133 20
277 136 1
277 166 31
277 183 17
277 199 23
277 222 14
277 276 9
277 282 1
278 134 1
278 166 5
278 252 8
278 270 8
278 284 8
279 95 13
279 252 1
279 268 22
280 287 11
280 290 4
281 169 2
281 184 8
281 261 18
281 266 4
282 26 12
282 222 8
282 257 16
282 263 6
282 276 14
282 277 16
282 291 19
283 184 17
283 198 1
283 231 3
283 246 3
283 286 5
284 40 18
284 208 1
284 289 5
285 53 7
285 142 7
285 236 10
286 170 16
286 184 1
286 198 3
286 218 16
286 231 8
286 246 25
286 283 20
287 193 2
287 280 2
288 108 1
288 247 18
288 257 3
289 208 6
289 213 13
289 252 26
289 284 9
290 94 5
290 120 2
290 273 16
290 280 34
291 252 9
