0 1 12
0 4 9
0 6 30
0 9 24
0 36 14
0 37 12
0 44 24
0 50 16
0 109 2
0 113 8
0 115 29
0 132 27
0 172 53
0 210 37
0 236 39
0 240 42
0 251 42
0 262 36
0 269 28
0 272 25
1 3 10
1 7 22
1 26 17
1 48 32
1 75 23
1 76 38
1 79 24
1 103 56
1 104 111
1 125 45
1 127 22
1 143 66
1 145 37
1 147 37
1 152 17
1 158 10
1 159 43
1 185 13
1 240 3
1 278 37
2 6 2
2 27 37
2 37 2
2 56 19
2 85 49
2 134 15
2 154 4
2 215 21
2 225 13
2 271 25
2 282 10
3 2 24
3 6 21
3 7 5
3 32 28
3 51 12
3 52 22
3 58 54
3 63 46
3 74 43
3 81 30
3 89 20
3 133 18
3 134 36
3 149 17
3 170 7
3 216 43
3 237 13
3 244 35
3 271 42
3 293 33
4 14 11
4 32 3
4 61 3
4 72 23
4 77 3
4 149 16
4 154 3
4 168 16
4 188 41
4 197 11
4 205 43
4 208 54
4 251 17
4 252 56
4 291 72
4 293 81
5 22 1
5 28 17
5 50 17
5 123 13
5 124 11
5 142 9
5 160 17
5 170 1
5 190 6
5 214 19
5 224 4
5 225 19
5 228 2
5 272 2
5 280 21
5 292 23
6 5 9
6 16 11
6 67 3
6 70 10
6 153 16
6 162 14
6 235 16
6 237 8
6 273 23
6 276 8
7 15 17
7 77 3
7 78 6
7 92 4
7 104 16
7 105 13
7 112 36
7 159 8
7 185 8
7 199 30
7 220 60
7 258 19
7 288 43
8 175 2
8 192 7
8 198 11
8 218 2
8 229 15
8 238 44
9 34 5
9 44 29
9 61 8
9 78 2
9 88 33
9 101 29
9 109 9
9 115 20
9 159 7
9 172 15
9 173 32
9 210 9
9 240 18
9 262 41
9 278 10
10 21 22
10 36 10
10 68 15
10 71 3
10 86 18
10 87 19
10 88 11
10 116 17
10 212 16
10 217 3
10 218 14
10 235 17
10 239 5
10 262 30
10 268 12
11 24 3
11 66 29
11 81 1
11 173 9
11 243 25
11 271 24
11 289 3
12 71 5
12 73 5
12 97 5
12 102 7
12 111 11
12 128 9
12 246 13
12 279 33
12 283 16
12 285 19
13 95 7
13 160 11
13 181 13
13 244 20
14 16 4
14 23 27
14 41 10
14 42 11
14 47 4
14 69 10
14 114 16
14 120 13
14 123 8
14 152 9
14 154 14
14 201 21
14 234 44
14 235 43
14 267 8
14 287 19
15 13 16
15 29 20
15 33 17
15 44 10
15 52 17
15 78 8
15 79 14
15 111 11
15 157 7
15 212 24
15 253 7
15 255 38
15 272 30
16 60 18
16 69 25
16 83 14
16 120 4
16 136 2
16 189 10
16 203 20
16 229 21
16 237 22
16 265 9
16 270 5
16 288 40
17 73 7
17 85 35
17 129 28
17 186 16
17 249 19
17 254 17
17 258 4
17 259 4
17 290 11
18 101 10
18 107 13
18 132 14
18 138 6
18 198 18
18 207 28
18 226 24
18 263 12
18 268 21
18 273 12
18 283 17
19 38 45
19 46 30
19 54 5
19 57 9
19 135 8
19 145 11
19 159 8
19 171 65
19 191 25
19 242 31
19 248 59
19 276 18
19 285 67
20 29 3
20 34 1
20 61 9
20 65 8
20 90 8
20 108 8
20 119 7
20 141 2
20 179 7
20 219 1
20 241 14
20 242 16
20 274 12
21 10 14
21 68 4
21 88 3
21 116 4
21 212 12
21 262 40
22 5 20
22 6 3
22 28 40
22 40 4
22 80 3
22 91 22
22 118 29
22 122 47
22 123 27
22 139 37
22 140 38
22 142 21
22 145 11
22 157 27
22 161 29
22 170 43
22 197 24
22 225 72
22 267 20
22 272 11
23 104 12
23 121 16
23 126 5
23 161 20
23 179 16
23 205 4
23 209 15
23 253 7
23 288 16
24 58 25
24 163 2
24 173 11
24 215 3
24 276 16
24 280 8
25 26 11
25 49 34
25 106 25
25 175 16
25 193 12
25 211 9
25 214 3
25 215 14
25 247 28
25 274 1
25 275 33
25 279 56
25 287 32
26 12 58
26 25 30
26 49 61
26 56 21
26 64 5
26 103 11
26 105 12
26 106 67
26 108 8
26 127 12
26 128 17
26 199 10
26 275 9
26 287 23
27 58 41
27 83 18
27 151 3
27 193 1
27 204 8
27 215 25
27 266 3
27 282 24
27 291 8
28 14 2
28 26 15
28 69 5
28 72 25
28 118 15
28 122 7
28 123 11
28 124 14
28 142 17
28 168 5
28 170 22
28 209 13
28 225 9
28 270 22
29 96 9
29 105 2
29 115 7
29 127 9
29 131 5
29 189 34
29 190 1
29 214 23
29 222 14
29 224 9
29 242 27
29 255 10
29 265 11
29 288 18
29 290 24
29 294 53
30 8 12
30 71 8
30 129 31
30 136 8
30 186 18
30 192 38
30 198 12
30 233 17
30 250 7
30 251 8
30 255 34
30 258 6
30 279 12
31 30 21
31 33 2
31 35 15
31 59 13
31 71 17
31 96 6
31 136 61
31 158 10
31 207 48
31 229 14
31 233 12
31 248 6
31 250 20
31 251 13
31 255 1
31 294 64
32 3 6
32 46 8
32 51 7
32 63 14
32 64 8
32 74 27
32 89 6
32 129 41
32 134 23
32 150 1
32 188 35
32 200 2
32 223 10
32 234 39
32 237 13
32 284 55
33 7 24
33 15 14
33 28 2
33 78 14
33 79 12
33 117 7
33 118 12
33 122 27
33 126 37
33 155 9
33 165 14
33 184 15
33 185 14
33 190 34
33 218 20
33 222 19
33 250 21
33 265 28
33 266 30
33 272 18
33 293 14
34 20 23
34 39 17
34 46 3
34 65 8
34 85 17
34 90 14
34 110 37
34 119 2
34 125 11
34 138 6
34 175 11
34 178 6
34 179 47
34 232 8
34 256 17
34 274 11
35 48 8
35 85 25
35 100 16
35 114 8
35 144 16
35 149 12
35 169 26
35 180 5
35 196 32
35 216 1
35 224 2
36 18 20
36 39 41
36 40 17
36 88 7
36 125 5
36 157 6
36 177 5
36 196 6
36 217 52
36 220 18
36 263 12
36 273 71
37 2 1
37 11 47
37 24 35
37 43 19
37 45 10
37 84 2
37 91 15
37 98 3
37 113 11
37 150 6
37 227 2
37 245 3
37 282 33
37 284 39
37 290 38
37 291 24
38 35 9
38 66 11
38 72 16
38 74 2
38 77 17
38 112 4
38 114 5
38 137 20
38 144 34
38 151 8
38 163 17
38 180 28
38 216 46
38 257 17
39 10 9
39 157 8
39 167 9
39 177 5
39 204 4
39 217 10
39 220 8
39 257 2
39 268 8
39 273 6
39 289 7
40 18 4
40 39 40
40 94 6
40 157 7
40 217 8
40 220 21
40 226 13
40 239 15
40 247 6
40 272 16
40 273 32
40 289 26
41 14 16
41 47 8
41 61 3
41 63 5
41 75 4
41 89 2
41 114 16
41 168 41
41 176 12
41 228 24
41 239 2
41 244 28
41 267 6
41 277 14
41 284 18
41 285 36
41 286 19
42 70 6
42 86 4
42 112 11
42 139 18
42 160 10
42 166 2
42 167 17
42 169 30
42 200 5
42 213 6
42 223 25
42 241 62
42 264 36
42 280 12
42 281 2
42 289 24
42 291 1
43 2 13
43 6 2
43 13 43
43 37 6
43 45 5
43 61 5
43 70 12
43 72 11
43 74 1
43 86 25
43 98 16
43 113 3
43 139 17
43 141 2
43 150 16
43 181 10
43 245 10
43 259 13
44 20 29
44 40 35
44 49 9
44 50 7
44 53 18
44 95 27
44 107 30
44 109 16
44 115 33
44 172 5
44 191 12
44 210 18
44 240 11
44 269 31
45 2 33
45 6 1
45 22 3
45 32 7
45 37 18
45 43 6
45 98 16
45 113 14
45 126 16
45 132 15
45 141 21
45 148 9
45 149 14
45 150 4
45 152 9
45 182 25
45 183 44
45 203 5
45 241 46
45 245 6
45 272 16
46 19 20
46 23 24
46 112 5
46 133 3
46 135 17
46 145 12
46 171 9
46 191 3
46 219 16
46 251 4
46 252 23
46 255 16
47 14 11
47 41 25
47 97 16
47 106 21
47 114 39
47 143 2
47 152 16
47 154 16
47 194 2
47 199 1
47 201 17
47 243 19
47 246 23
47 278 8
48 17 23
48 25 13
48 35 2
48 42 3
48 55 17
48 57 6
48 100 5
48 112 21
48 149 30
48 158 8
48 175 24
48 196 36
48 248 9
48 265 18
48 288 11
49 25 17
49 27 7
49 97 10
49 106 8
49 129 6
49 234 15
49 284 13
49 285 37
50 6 8
50 9 34
50 18 21
50 36 23
50 44 3
50 51 15
50 67 2
50 107 33
50 109 17
50 115 13
50 141 27
50 172 31
50 177 30
50 210 17
50 220 51
50 240 24
50 267 7
50 269 30
50 274 20
51 3 17
51 6 1
51 32 32
51 41 6
51 52 7
51 63 14
51 99 3
51 114 25
51 123 7
51 134 14
51 141 4
51 145 14
51 151 32
51 174 33
51 197 14
51 203 23
51 237 6
51 244 24
51 286 46
52 3 9
52 32 26
52 38 26
52 47 2
52 51 8
52 59 16
52 63 31
52 74 12
52 134 12
52 163 19
52 167 12
52 244 16
52 259 34
52 276 6
52 282 16
52 286 23
53 11 35
53 24 24
53 66 4
53 151 8
53 173 5
53 177 1
53 181 9
53 182 37
53 243 13
53 271 29
53 280 12
54 19 5
54 46 36
54 52 1
54 57 38
54 80 5
54 135 25
54 145 11
54 149 26
54 171 8
54 191 22
54 203 19
54 205 34
54 252 4
54 281 25
55 8 24
55 39 3
55 76 3
55 192 75
55 198 17
55 229 4
55 250 9
55 279 11
55 291 8
55 294 27
56 25 7
56 26 2
56 31 1
56 49 31
56 106 27
56 108 23
56 125 1
56 128 13
56 171 12
56 198 28
56 199 11
56 208 22
56 215 14
56 241 14
56 290 46
57 19 1
57 46 13
57 47 13
57 73 18
57 104 24
57 133 15
57 140 10
57 152 3
57 166 4
57 171 5
57 229 8
58 160 9
58 193 10
58 194 1
58 204 16
58 257 16
58 281 6
58 282 40
58 290 11
59 24 25
59 42 13
59 53 9
59 160 37
59 195 10
59 215 14
59 223 17
59 224 14
59 257 60
59 265 10
59 280 23
59 281 9
60 6 14
60 16 5
60 69 27
60 73 10
60 83 19
60 118 6
60 164 7
60 196 13
60 235 22
60 236 3
60 237 21
60 265 15
60 270 29
60 273 6
61 20 8
61 34 14
61 65 47
61 77 18
61 105 2
61 116 12
61 179 26
61 232 20
61 233 4
61 268 9
61 274 32
62 188 12
62 234 15
62 259 2
62 277 3
63 74 7
63 117 7
63 134 4
63 160 17
63 168 2
63 186 20
63 188 21
63 258 1
63 279 40
63 293 14
64 62 83
64 72 1
64 76 19
64 174 20
64 186 11
64 188 6
64 231 14
64 234 34
64 244 22
64 261 13
64 277 40
64 284 25
64 286 30
64 293 8
65 20 9
65 34 5
65 106 12
65 119 3
65 121 3
65 125 4
65 196 3
65 197 30
65 212 25
65 232 3
65 233 4
65 274 27
65 283 16
66 11 1
66 53 2
66 182 18
66 195 6
66 242 11
66 243 6
66 282 31
67 6 24
67 16 8
67 36 21
67 43 10
67 49 3
67 75 14
67 83 35
67 129 52
67 139 15
67 166 13
67 189 11
67 193 11
67 214 21
67 237 33
67 245 9
67 270 7
67 276 30
67 288 18
68 21 6
68 88 8
68 157 4
68 207 35
68 212 22
68 214 19
68 235 11
68 239 14
68 262 33
68 273 8
69 16 2
69 60 8
69 83 27
69 96 3
69 131 21
69 184 11
69 235 26
69 237 4
69 238 23
69 249 12
69 270 6
69 279 27
70 16 10
70 24 12
70 59 18
70 81 17
70 84 24
70 98 1
70 120 13
70 137 19
70 145 1
70 176 1
70 194 13
70 195 7
70 243 11
70 257 11
70 280 23
71 12 7
71 31 3
71 91 2
71 102 20
71 111 7
71 128 10
71 132 17
71 189 23
71 216 12
71 279 17
71 285 19
72 35 2
72 38 8
72 64 9
72 137 17
72 144 27
72 163 20
72 180 4
72 216 22
72 223 13
72 276 6
73 12 19
73 71 5
73 102 6
73 111 10
73 128 20
73 129 17
73 187 12
73 262 16
73 277 1
73 279 28
73 285 42
73 293 24
74 0 6
74 19 7
74 47 12
74 51 40
74 52 10
74 63 21
74 70 20
74 89 2
74 113 12
74 134 15
74 220 41
74 259 7
74 267 13
74 277 37
74 290 22
75 12 43
75 90 29
75 103 3
75 104 16
75 125 18
75 143 7
75 147 12
75 159 9
75 183 33
75 187 34
75 210 17
75 229 12
75 265 1
75 272 15
75 278 27
76 8 24
76 55 6
76 128 8
76 175 9
76 192 43
76 198 20
76 218 7
76 222 9
76 229 46
76 236 21
77 35 4
77 38 11
77 72 20
77 112 12
77 114 15
77 137 21
77 144 7
77 163 18
77 180 2
77 191 27
77 205 15
77 216 27
77 223 1
77 289 29
78 7 22
78 15 39
78 32 11
78 33 8
78 36 26
78 79 11
78 92 10
78 95 52
78 111 32
78 160 51
78 185 31
78 237 37
78 242 34
78 262 27
78 272 38
78 276 13
78 278 20
79 7 28
79 15 1
79 17 45
79 25 17
79 31 17
79 104 32
79 119 13
79 206 7
79 222 38
79 242 1
80 6 8
80 14 4
80 19 13
80 46 15
80 54 6
80 57 29
80 78 17
80 133 13
80 135 19
80 145 8
80 171 22
80 173 23
80 191 32
80 233 14
80 248 14
80 252 16
80 267 8
81 24 32
81 59 19
81 129 13
81 163 3
81 173 14
81 194 1
81 195 14
81 203 2
81 243 26
81 257 18
81 271 11
81 280 20
81 289 3
82 84 9
82 99 6
82 130 9
82 137 7
82 139 2
82 148 4
82 160 23
82 180 20
82 203 1
82 219 1
82 223 12
82 287 13
83 60 13
83 160 5
83 161 7
83 189 2
83 225 8
83 249 23
83 265 31
83 270 12
83 288 4
84 82 5
84 139 10
84 148 27
84 163 14
84 194 4
84 202 5
84 219 19
84 243 16
84 280 22
84 282 23
85 186 20
85 249 29
85 264 6
85 290 4
86 48 2
86 91 7
86 95 13
86 167 2
86 169 48
86 200 25
86 204 13
86 223 5
86 241 37
86 244 9
86 257 3
86 281 3
86 282 2
86 289 28
87 10 10
87 21 48
87 68 3
87 88 29
87 116 24
87 177 21
87 207 18
87 212 35
87 218 13
87 226 9
87 239 16
87 256 10
87 262 23
87 273 1
88 10 7
88 21 11
88 68 23
88 101 3
88 207 5
88 212 26
88 218 1
88 229 20
88 262 14
89 3 22
89 6 35
89 32 22
89 44 11
89 51 27
89 52 25
89 54 16
89 63 37
89 67 15
89 74 17
89 80 3
89 134 44
89 142 12
89 150 15
89 182 44
89 196 43
89 272 25
89 274 36
89 293 68
90 8 10
90 76 3
90 97 16
90 110 11
90 116 7
90 132 12
90 187 4
90 208 12
90 256 29
90 275 13
90 283 16
90 287 23
91 27 24
91 47 6
91 58 18
91 72 15
91 112 2
91 139 7
91 193 21
91 204 9
91 207 11
91 215 8
91 220 29
91 225 5
91 257 19
91 259 5
91 266 20
91 281 14
91 282 34
92 7 3
92 12 52
92 15 22
92 26 31
92 33 24
92 67 2
92 78 5
92 79 37
92 97 42
92 105 2
92 185 15
92 192 44
92 196 33
92 199 10
92 222 17
92 237 27
92 272 21
92 280 64
93 11 19
93 122 10
93 130 10
93 162 5
93 166 34
93 176 20
93 197 7
93 213 18
93 215 3
93 221 1
93 227 18
93 228 2
93 260 62
93 276 38
94 11 41
94 24 9
94 53 33
94 64 3
94 66 19
94 81 17
94 121 13
94 156 13
94 173 20
94 177 18
94 182 59
94 219 8
94 220 28
94 243 41
94 263 16
94 271 31
95 13 9
95 24 7
95 140 18
95 160 21
95 167 21
95 177 4
95 194 5
95 215 3
95 223 5
95 241 13
95 243 3
95 281 21
96 29 2
96 92 12
96 105 17
96 117 6
96 131 32
96 189 10
96 214 43
96 242 25
96 248 18
96 251 14
96 265 39
96 266 13
96 288 47
97 8 10
97 90 6
97 175 18
97 187 3
97 246 6
97 275 11
97 283 15
97 291 2
98 2 16
98 7 7
98 37 5
98 43 12
98 63 16
98 113 23
98 139 15
98 141 11
98 150 14
98 156 14
98 169 53
98 202 5
98 219 10
98 245 25
98 254 26
98 286 57
99 69 20
99 82 34
99 84 42
99 107 11
99 139 35
99 148 67
99 151 56
99 153 17
99 165 7
99 181 19
99 193 13
99 202 21
99 209 13
99 219 7
99 239 18
99 289 23
100 35 7
100 48 3
100 93 4
100 102 3
100 112 16
100 120 4
100 129 36
100 149 16
100 158 2
100 191 9
100 196 4
100 248 1
100 249 15
100 276 8
100 282 37
101 88 22
101 129 1
101 136 24
101 146 10
101 187 25
101 212 38
101 238 57
101 288 16
101 292 51
102 12 30
102 61 2
102 73 24
102 128 23
102 129 22
102 142 2
102 210 3
102 249 14
102 279 32
102 285 32
103 12 7
103 47 2
103 75 1
103 104 10
103 125 10
103 128 14
103 143 10
103 147 3
103 159 8
103 181 37
103 214 10
103 246 58
103 247 17
103 248 6
103 262 19
103 278 4
104 12 21
104 125 18
104 147 5
104 229 9
104 285 7
104 287 16
105 25 11
105 29 4
105 48 6
105 79 11
105 96 5
105 112 28
105 131 2
105 189 16
105 190 19
105 198 58
105 211 26
105 214 24
105 242 19
105 258 5
105 288 50
106 27 23
106 56 2
106 108 8
106 192 18
106 199 6
106 222 12
106 287 16
107 18 23
107 21 14
107 55 4
107 125 15
107 189 9
107 210 10
107 211 9
107 247 14
107 268 2
108 7 2
108 25 26
108 26 8
108 49 30
108 76 23
108 101 12
108 106 3
108 127 3
108 192 23
108 208 5
108 229 17
108 246 50
108 250 16
108 255 39
108 275 6
108 287 5
108 294 61
109 0 4
109 6 10
109 44 18
109 50 2
109 65 7
109 115 24
109 172 12
109 181 15
109 210 9
109 212 17
109 240 13
109 269 35
109 271 27
109 274 11
109 276 21
109 277 27
109 292 41
110 73 9
110 90 12
110 97 59
110 127 9
110 187 15
110 246 26
110 256 40
110 257 12
110 275 9
110 283 25
110 287 3
111 12 21
111 71 8
111 73 20
111 102 23
111 106 41
111 110 35
111 128 15
111 246 19
111 256 51
111 279 57
111 280 40
111 285 69
112 35 4
112 38 6
112 48 2
112 72 6
112 149 4
112 158 10
112 196 34
112 248 11
112 277 20
112 282 22
112 288 10
113 2 26
113 37 9
113 43 10
113 45 12
113 52 9
113 57 17
113 133 2
113 141 3
113 173 20
113 176 1
113 204 2
113 215 21
113 245 9
114 14 10
114 38 3
114 41 9
114 77 2
114 112 2
114 154 18
114 163 2
114 197 3
114 205 2
114 267 23
115 0 14
115 21 21
115 50 18
115 87 16
115 109 17
115 123 11
115 125 2
115 239 5
115 240 4
115 269 2
115 273 35
116 10 11
116 68 9
116 88 16
116 101 4
116 212 10
116 262 66
116 294 38
117 10 8
117 15 5
117 67 1
117 121 19
117 155 31
117 183 18
117 206 33
117 209 8
117 224 6
117 235 5
117 236 34
117 251 6
117 266 19
117 292 4
118 5 13
118 28 6
118 110 31
118 122 8
118 123 10
118 142 22
118 225 20
118 240 2
118 250 6
118 273 24
118 278 16
119 15 2
119 20 20
119 34 13
119 61 11
119 65 12
119 87 8
119 154 25
119 179 29
119 197 5
119 224 34
119 232 18
119 262 16
119 287 14
120 16 42
120 60 19
120 69 28
120 82 19
120 83 20
120 148 3
120 221 5
120 223 7
120 237 10
120 249 26
120 265 16
120 270 34
120 282 21
120 286 30
121 137 8
121 183 2
121 206 2
121 224 28
121 231 7
121 235 15
121 236 21
121 261 4
121 266 6
122 5 8
122 35 18
122 71 18
122 118 8
122 123 21
122 128 11
122 133 6
122 142 5
122 146 4
122 154 9
122 170 8
122 172 34
122 185 3
122 225 24
122 266 19
123 5 2
123 40 10
123 118 10
123 142 3
123 155 28
123 172 11
123 200 13
123 225 35
123 261 18
123 272 14
123 277 30
124 5 4
124 22 10
124 28 1
124 118 34
124 122 43
124 123 11
124 135 2
124 142 7
124 170 26
124 180 36
124 184 18
124 213 49
124 225 72
124 231 30
124 245 11
124 249 39
124 255 37
124 261 45
124 292 58
125 104 5
125 106 28
125 147 13
125 239 12
125 278 5
126 23 3
126 91 4
126 161 20
126 164 7
126 165 14
126 184 24
126 192 8
126 255 25
126 270 2
126 292 30
126 294 27
127 17 24
127 26 11
127 90 37
127 97 20
127 110 40
127 171 1
127 187 37
127 192 58
127 207 26
127 246 29
127 256 43
127 275 20
127 283 17
127 287 39
128 12 7
128 56 3
128 71 5
128 73 23
128 279 31
128 285 50
129 17 8
129 49 8
129 102 4
129 207 12
129 279 3
130 35 10
130 44 11
130 58 2
130 93 13
130 114 18
130 160 48
130 162 10
130 166 11
130 176 18
130 180 13
130 193 20
130 221 2
130 227 16
130 260 50
131 29 11
131 58 10
131 60 3
131 83 6
131 96 4
131 105 17
131 184 19
131 189 4
131 214 25
131 238 25
131 242 17
131 288 5
132 107 15
132 181 29
132 211 23
132 212 15
132 226 6
132 263 6
132 268 11
132 271 4
132 292 3
133 0 10
133 19 10
133 46 32
133 54 17
133 56 24
133 57 49
133 80 19
133 97 49
133 145 17
133 159 14
133 171 27
133 191 23
133 220 8
133 246 42
134 24 16
134 32 4
134 41 9
134 51 4
134 52 8
134 58 26
134 63 16
134 74 3
134 100 6
134 107 14
134 109 13
134 114 15
134 156 5
134 160 26
134 180 3
134 203 24
135 8 55
135 19 6
135 46 32
135 54 9
135 57 38
135 80 1
135 133 6
135 145 23
135 164 14
135 171 11
135 191 14
135 196 14
135 214 2
135 233 27
135 250 33
135 252 6
136 8 2
136 85 8
136 101 13
136 146 12
136 198 3
136 238 19
136 250 6
136 251 11
136 255 12
136 291 7
137 24 3
137 144 3
137 180 12
137 194 2
137 203 14
137 223 18
137 257 21
138 18 30
138 34 8
138 107 25
138 125 21
138 132 19
138 211 6
138 212 58
138 226 9
138 232 22
138 247 36
138 258 10
138 263 10
138 268 28
138 290 57
139 82 2
139 148 4
139 151 5
139 202 5
139 260 23
140 23 4
140 65 11
140 69 7
140 90 3
140 126 32
140 161 14
140 164 3
140 184 12
140 209 10
140 231 19
140 253 2
140 261 15
140 285 5
141 2 20
141 37 32
141 42 6
141 43 11
141 45 14
141 98 6
141 99 2
141 102 15
141 113 11
141 126 20
141 162 9
141 166 19
141 182 24
141 197 30
141 200 24
141 245 13
142 5 5
142 19 1
142 28 11
142 60 16
142 118 7
142 123 7
142 124 5
142 131 21
142 168 13
142 170 23
142 210 1
142 216 29
142 221 11
142 225 32
142 265 20
143 15 9
143 75 10
143 103 31
143 104 39
143 125 15
143 147 8
143 166 12
143 256 9
143 278 9
143 279 27
143 283 7
144 62 34
144 72 10
144 102 4
144 137 11
144 139 28
144 163 16
144 180 10
145 19 1
145 20 4
145 46 40
145 54 11
145 57 41
145 80 11
145 130 2
145 133 4
145 135 21
145 143 7
145 171 37
145 191 17
145 205 19
145 234 37
145 278 3
146 49 3
146 129 22
146 161 3
146 212 33
146 222 7
146 231 17
146 238 65
146 246 35
146 250 9
146 252 3
146 261 2
146 292 16
147 93 2
147 97 51
147 103 2
147 104 5
147 125 9
147 181 45
147 207 11
147 218 24
147 272 19
147 278 6
147 283 17
147 287 28
148 11 18
148 81 7
148 82 31
148 151 15
148 204 15
148 260 29
148 291 22
149 35 6
149 63 8
149 64 19
149 100 3
149 112 13
149 137 8
149 144 34
149 162 7
149 191 2
149 196 15
149 244 13
149 248 14
149 254 12
150 2 43
150 13 68
150 24 2
150 27 25
150 37 4
150 53 1
150 98 2
150 113 11
150 141 15
150 151 24
150 193 27
150 227 21
150 245 6
150 282 53
151 13 3
151 59 27
151 82 12
151 84 15
151 271 5
151 289 22
152 14 5
152 41 22
152 47 6
152 55 25
152 100 8
152 102 5
152 114 43
152 129 19
152 153 9
152 154 12
152 196 20
152 201 2
152 229 24
152 267 18
152 290 41
153 61 12
153 82 33
153 84 35
153 99 3
153 113 8
153 139 18
153 147 5
153 148 31
153 151 37
153 173 4
153 218 22
153 219 23
153 220 15
154 14 7
154 30 15
154 31 7
154 41 30
154 46 2
154 47 9
154 152 1
154 186 20
154 267 27
154 276 9
154 285 51
154 294 25
155 8 22
155 21 40
155 27 14
155 67 9
155 69 26
155 121 32
155 143 10
155 183 46
155 206 31
155 224 37
155 235 54
155 236 3
155 256 16
155 266 17
155 292 24
156 6 10
156 61 15
156 93 23
156 130 13
156 162 4
156 176 14
156 185 8
156 221 9
156 227 14
156 228 9
156 260 38
156 281 3
157 36 3
157 39 22
157 40 11
157 101 16
157 144 24
157 148 24
157 177 15
157 194 29
157 217 19
157 220 8
157 247 17
157 273 45
157 274 1
158 35 24
158 48 8
158 76 15
158 77 9
158 96 5
158 100 1
158 104 2
158 112 40
158 149 23
158 196 39
158 201 7
158 248 13
158 275 20
158 294 38
159 1 13
159 67 10
159 75 6
159 82 44
159 102 13
159 103 41
159 104 35
159 106 46
159 125 35
159 143 14
159 147 31
159 170 2
159 191 2
159 263 3
159 278 27
160 13 5
160 95 9
160 194 9
160 215 4
160 259 2
160 281 1
161 23 11
161 99 16
161 140 2
161 195 10
162 35 18
162 114 26
162 130 4
162 134 5
162 156 18
162 166 34
162 176 22
162 200 10
162 227 62
162 228 25
162 260 73
162 276 4
163 35 8
163 38 2
163 72 3
163 82 23
163 137 12
163 205 12
163 216 20
163 244 1
163 257 2
164 23 6
164 62 30
164 120 6
164 126 18
164 127 15
164 131 11
164 140 28
164 161 7
164 165 8
164 184 3
164 209 23
164 235 36
164 292 34
165 23 33
165 28 13
165 55 14
165 60 20
165 140 27
165 161 31
165 164 16
165 184 12
165 206 18
165 209 15
165 231 13
165 261 15
166 93 6
166 156 24
166 162 5
166 176 3
166 193 5
166 219 7
166 221 1
166 227 17
166 228 1
166 260 34
166 270 2
167 13 25
167 27 3
167 42 6
167 53 21
167 58 7
167 86 7
167 91 12
167 139 16
167 169 32
167 200 7
167 207 21
167 223 21
167 241 48
167 264 30
167 289 33
168 4 11
168 27 17
168 186 7
168 188 17
168 197 28
168 205 20
168 208 21
168 252 13
168 284 18
168 285 17
168 291 16
168 293 29
169 13 14
169 95 5
169 181 24
169 196 1
169 223 3
169 241 7
169 243 2
169 264 2
169 289 3
170 5 14
170 58 22
170 118 4
170 123 12
170 173 18
170 178 16
170 209 9
170 225 17
170 237 8
170 253 2
170 292 24
171 46 8
171 76 19
171 97 22
171 145 16
171 249 24
171 251 3
171 275 21
171 287 2
172 9 22
172 18 13
172 44 7
172 46 16
172 50 1
172 115 27
172 132 3
172 154 4
172 161 25
172 210 4
172 217 9
172 240 8
172 269 2
173 53 2
173 66 20
173 137 12
173 182 15
173 243 4
173 271 11
173 278 7
173 280 3
174 13 22
174 62 24
174 95 15
174 200 2
174 205 1
174 234 43
174 244 19
174 277 18
174 284 29
174 286 28
175 8 55
175 16 4
175 55 20
175 76 2
175 84 36
175 97 24
175 192 43
175 198 25
175 246 68
175 292 17
175 294 35
176 153 9
176 162 9
176 166 11
176 173 8
176 215 11
176 227 10
176 228 6
176 260 29
176 276 13
177 10 11
177 39 2
177 40 12
177 116 11
177 157 5
177 217 8
177 220 2
177 239 3
177 241 14
177 273 10
178 20 23
178 34 12
178 61 8
178 65 15
178 107 17
178 116 16
178 119 18
178 136 29
178 146 2
178 179 16
178 232 17
178 240 14
178 242 47
178 268 19
178 274 24
179 65 15
179 246 9
179 273 4
179 279 17
180 13 21
180 38 10
180 40 1
180 72 3
180 77 12
180 81 13
180 137 7
180 163 35
180 216 12
181 85 18
181 174 14
181 241 14
181 264 13
181 284 2
181 291 26
182 11 9
182 59 8
182 66 12
182 173 9
182 204 15
182 205 13
182 243 9
182 257 10
182 260 1
182 271 3
182 280 14
183 20 4
183 83 10
183 101 1
183 121 18
183 122 11
183 161 15
183 206 8
183 224 2
183 235 15
183 236 12
183 238 33
183 288 10
184 14 8
184 16 24
184 23 28
184 68 35
184 120 5
184 126 15
184 140 13
184 151 25
184 161 34
184 164 29
184 165 1
184 209 4
184 253 7
184 276 2
185 6 30
185 7 8
185 15 33
185 17 29
185 33 28
185 79 11
185 92 1
185 106 19
185 154 14
185 189 16
185 192 39
185 240 7
185 272 20
185 294 52
186 30 2
186 85 8
186 213 9
186 238 40
186 249 22
186 254 21
186 258 3
186 259 9
186 286 16
186 290 28
187 97 2
187 207 42
187 229 9
187 246 17
187 256 13
187 275 7
187 283 6
187 287 7
188 197 2
188 205 16
188 234 11
188 250 5
188 277 28
188 293 2
189 96 2
189 131 11
189 214 11
189 220 2
189 242 19
189 288 24
189 292 25
190 6 23
190 26 3
190 29 20
190 96 11
190 99 7
190 111 46
190 121 23
190 131 18
190 158 13
190 185 6
190 189 32
190 214 46
190 232 13
190 242 24
190 288 14
191 19 15
191 46 5
191 57 5
191 135 3
191 152 17
191 171 26
191 276 2
191 277 39
192 8 12
192 12 8
192 106 3
192 175 1
192 198 16
192 294 10
193 13 15
193 27 5
193 58 10
193 66 18
193 91 7
193 169 9
193 195 2
193 196 10
193 204 20
193 227 10
193 281 14
193 282 22
194 13 27
194 95 13
194 102 2
194 160 25
194 171 5
194 215 7
194 241 7
194 243 19
194 257 4
194 259 7
194 264 2
194 281 6
195 2 7
195 11 20
195 24 11
195 37 1
195 59 2
195 70 3
195 223 10
195 243 3
195 257 36
195 262 19
195 271 16
195 280 36
196 100 9
196 134 1
196 137 2
196 248 4
196 249 12
197 4 4
197 90 3
197 121 2
197 140 2
197 162 17
197 188 13
197 200 3
197 205 6
197 208 11
197 252 4
197 285 28
197 293 21
198 8 19
198 55 16
198 177 4
198 192 26
198 229 2
198 254 6
199 17 35
199 25 20
199 26 4
199 48 11
199 49 20
199 51 5
199 56 15
199 106 18
199 108 16
199 158 1
199 172 4
199 192 22
199 207 40
199 238 32
199 243 30
199 246 37
199 258 7
200 16 5
200 27 19
200 42 2
200 104 19
200 139 5
200 166 4
200 167 10
200 169 37
200 223 52
200 241 23
200 264 26
200 289 29
201 41 10
201 47 7
201 54 2
201 97 25
201 106 27
201 108 6
201 114 14
201 119 10
201 127 12
201 152 12
201 154 16
201 195 3
201 208 24
201 267 14
201 275 19
202 82 6
202 87 16
202 99 21
202 139 34
202 148 27
202 151 33
202 153 40
202 165 1
202 167 11
202 169 21
202 193 4
202 195 3
202 217 16
202 219 11
202 227 18
202 242 15
202 257 15
203 13 18
203 59 7
203 82 2
203 95 33
203 137 15
203 160 25
203 180 9
203 194 23
203 215 2
203 259 15
203 261 5
203 281 4
204 13 19
204 23 10
204 66 15
204 91 1
204 179 10
204 193 6
204 264 2
204 271 14
204 280 3
204 282 25
205 38 5
205 168 1
205 188 11
205 197 1
205 234 8
205 291 8
205 293 30
206 23 5
206 25 13
206 68 7
206 117 2
206 121 4
206 161 21
206 183 10
206 209 26
206 224 11
206 235 30
206 238 14
206 261 10
207 62 5
207 212 2
208 88 22
208 144 9
208 149 6
208 168 6
208 188 3
208 197 8
208 205 47
208 216 9
208 234 4
208 293 25
209 23 9
209 126 30
209 140 28
209 146 15
209 161 23
209 165 2
209 184 1
209 231 27
209 270 7
209 292 18
210 0 7
210 9 11
210 39 23
210 44 5
210 50 3
210 109 3
210 115 23
210 172 7
210 207 24
210 212 21
210 219 17
210 247 40
211 18 5
211 36 3
211 39 24
211 60 3
211 65 2
211 138 8
211 198 9
211 226 3
211 247 13
211 263 15
211 268 2
211 273 7
212 21 12
212 83 14
212 148 5
212 157 10
212 207 32
212 238 27
212 262 19
213 17 27
213 85 36
213 181 4
213 249 64
213 254 14
213 259 6
213 261 8
213 283 12
213 290 29
213 291 23
214 9 1
214 29 2
214 105 4
214 189 9
214 207 27
214 280 5
214 288 7
215 13 41
215 24 20
215 81 5
215 84 9
215 95 4
215 160 12
215 169 16
215 194 7
215 203 3
215 241 9
216 62 34
216 71 1
216 83 21
216 137 25
216 144 23
216 174 9
216 291 15
217 21 37
217 39 23
217 40 11
217 58 12
217 68 59
217 151 1
217 157 6
217 177 4
217 219 9
217 256 12
217 259 11
217 273 4
218 10 10
218 21 18
218 68 32
218 76 9
218 87 10
218 88 10
218 101 11
218 116 12
218 217 4
218 239 19
218 262 44
218 269 7
219 70 2
219 82 27
219 84 22
219 99 15
219 139 19
219 148 35
219 151 20
219 153 3
219 174 12
219 194 4
219 202 15
219 241 5
220 21 4
220 39 33
220 40 9
220 157 2
220 176 15
220 177 4
220 207 46
220 217 22
220 226 1
220 263 3
220 273 53
221 2 2
221 58 17
221 66 14
221 93 9
221 130 12
221 162 9
221 166 6
221 176 31
221 195 4
221 204 4
221 227 15
221 260 36
221 282 12
222 76 3
222 106 4
222 129 57
222 179 21
222 207 21
222 233 10
222 238 20
222 250 9
222 255 4
223 86 3
223 160 16
223 169 11
223 241 18
223 264 6
223 280 12
223 289 5
224 183 12
224 206 14
224 214 16
224 235 12
224 236 33
224 239 1
224 266 3
224 272 6
225 66 9
225 129 5
225 290 8
226 18 2
226 39 15
226 103 6
226 107 31
226 132 2
226 177 3
226 211 9
226 247 26
226 263 4
226 268 8
226 294 35
227 11 24
227 27 17
227 91 6
227 93 10
227 130 9
227 163 10
227 166 6
227 228 1
227 260 20
228 6 24
228 36 1
228 63 19
228 74 2
228 93 14
228 113 13
228 130 26
228 153 5
228 156 21
228 162 3
228 166 14
228 173 17
228 176 17
228 221 12
228 227 15
228 260 35
229 8 24
229 55 6
229 88 12
229 90 19
229 175 19
229 187 16
229 192 44
229 198 1
229 231 15
230 1 7
230 18 99
230 28 20
230 48 41
230 77 24
230 94 34
230 107 69
230 132 118
230 138 24
230 152 32
230 156 42
230 211 52
230 226 41
230 239 50
230 247 56
230 263 73
230 267 12
230 268 74
231 23 1
231 31 3
231 101 7
231 120 8
231 146 5
231 187 7
231 222 19
231 229 12
231 238 21
231 255 2
231 261 51
231 292 43
231 294 44
232 20 24
232 29 11
232 65 10
232 85 37
232 119 3
232 125 9
232 128 3
232 179 42
232 189 18
232 245 11
232 258 15
232 274 6
233 30 15
233 31 5
233 72 1
233 96 4
233 136 62
233 144 18
233 184 5
233 222 7
233 250 7
233 251 6
233 255 33
234 244 3
234 284 4
234 285 10
234 286 32
235 117 3
235 126 6
235 179 11
235 183 7
235 261 3
236 8 13
236 76 5
236 121 5
236 183 13
236 206 11
236 225 5
236 235 15
236 290 4
237 16 2
237 69 11
237 83 51
237 118 11
237 128 31
237 198 25
237 265 3
237 270 27
237 294 27
238 207 7
239 10 3
239 21 26
239 68 3
239 87 9
239 88 23
239 116 9
239 218 28
239 226 1
239 240 7
239 247 17
239 262 25
240 0 4
240 44 4
240 48 27
240 87 9
240 109 2
240 115 3
240 161 9
240 172 24
240 210 9
240 269 6
240 273 7
241 53 5
241 169 4
241 208 1
241 289 7
242 6 10
242 46 4
242 54 3
242 92 3
242 96 3
242 102 11
242 105 13
242 189 10
242 213 6
242 214 32
242 251 26
242 288 13
243 53 5
243 66 2
243 173 1
243 182 10
243 264 6
243 271 15
244 62 21
244 208 12
244 234 2
244 277 8
244 284 14
244 286 32
244 291 4
245 2 12
245 3 5
245 37 30
245 43 6
245 75 12
245 76 24
245 98 8
245 113 9
245 141 5
245 143 6
245 150 33
246 90 11
246 283 6
247 18 3
247 21 9
247 132 4
247 211 10
247 269 1
248 35 12
248 48 11
248 100 1
248 112 25
248 149 7
248 165 13
248 196 1
248 222 16
248 233 9
248 250 9
248 255 18
248 257 24
249 85 18
249 102 1
249 254 2
249 259 2
250 30 5
250 136 1
250 188 20
250 201 6
250 222 10
250 233 18
250 251 21
250 252 5
250 255 24
251 30 8
251 70 3
251 128 23
251 131 5
251 136 10
251 143 20
251 189 10
251 233 3
251 248 8
251 250 9
251 255 29
252 4 2
252 39 13
252 107 20
252 168 5
252 188 53
252 197 5
252 205 34
252 208 5
252 238 40
252 255 18
252 285 19
252 293 27
253 23 38
253 58 46
253 69 10
253 121 12
253 126 30
253 140 10
253 146 4
253 161 27
253 164 19
253 165 16
253 180 9
253 184 15
253 209 38
253 292 43
254 17 3
254 29 3
254 58 6
254 85 44
254 144 4
254 186 3
254 213 13
254 226 14
254 249 19
254 258 1
254 259 10
254 290 13
255 8 9
255 31 2
255 186 1
255 292 10
256 27 1
256 84 4
256 97 26
256 275 12
256 283 17
256 287 19
257 13 8
257 24 9
257 131 7
257 280 2
257 289 9
258 17 24
258 85 48
258 126 21
258 129 27
258 160 17
258 186 15
258 213 36
258 249 118
258 254 14
258 259 38
258 290 42
259 17 1
259 85 51
259 186 4
259 213 6
259 249 13
259 286 13
259 290 10
260 13 8
260 27 21
260 148 8
260 290 17
261 55 2
261 136 10
261 146 8
261 200 12
261 238 37
261 291 3
261 292 16
262 73 10
262 212 13
262 239 5
263 79 3
263 107 11
263 132 1
263 157 9
263 177 10
263 211 21
263 226 6
263 247 42
263 268 20
263 277 30
263 289 12
264 42 9
264 85 20
264 86 12
264 169 25
264 181 9
264 223 11
264 241 21
264 280 15
264 289 17
264 290 3
264 291 17
265 16 8
265 40 4
265 69 24
265 83 36
265 96 1
265 120 23
265 131 15
265 189 24
265 224 11
265 225 16
265 236 4
265 237 14
265 270 7
265 288 4
266 117 9
266 121 23
266 146 8
266 183 28
266 206 18
266 235 16
266 236 20
266 238 20
266 292 17
267 6 6
267 14 7
267 47 29
267 67 19
267 72 5
267 108 27
267 121 15
267 152 16
267 154 2
267 158 2
267 201 7
267 248 7
267 294 24
268 18 22
268 107 23
268 116 25
268 132 1
268 179 1
268 211 11
268 226 10
268 247 24
268 263 6
269 9 11
269 17 16
269 44 6
269 76 15
269 86 7
269 115 4
269 172 22
269 210 18
269 240 3
269 294 42
270 11 3
270 16 19
270 129 13
270 224 14
270 235 11
270 238 24
270 253 4
270 265 2
271 11 13
271 66 18
271 173 7
271 182 6
271 193 6
271 243 1
271 282 7
272 7 12
272 79 23
272 92 1
272 170 9
272 183 10
272 185 13
272 190 9
272 214 17
272 228 2
273 39 9
273 83 11
273 125 2
273 177 3
273 217 4
274 34 1
274 56 2
274 107 14
274 119 15
274 147 14
274 179 28
274 207 20
274 232 3
275 192 23
275 246 17
275 256 9
275 283 6
275 287 14
276 66 12
276 81 32
276 91 16
276 100 9
276 112 15
276 129 22
276 135 7
276 176 23
276 244 12
277 62 6
277 64 1
277 71 2
277 174 13
277 234 37
277 244 9
277 284 17
277 285 24
277 286 23
278 75 9
278 103 14
278 104 21
278 110 13
278 111 2
278 143 4
278 147 17
278 243 24
278 276 5
278 287 29
279 49 9
279 71 3
279 126 3
279 129 12
279 285 5
279 291 1
280 24 10
280 95 5
280 257 9
280 271 1
281 13 47
281 27 5
281 58 23
281 59 4
281 95 2
281 137 22
281 160 5
281 194 3
281 203 1
281 204 4
281 215 9
281 282 17
282 11 9
282 53 3
282 195 16
283 97 1
283 187 3
283 207 9
283 246 9
283 287 5
284 62 44
284 181 12
284 234 17
284 244 6
284 291 6
285 60 6
285 279 6
286 62 22
286 182 7
286 207 27
286 244 2
286 284 8
287 110 4
287 187 7
287 256 3
287 275 9
287 283 2
288 131 1
288 190 3
288 214 2
288 242 21
289 169 2
289 181 10
289 193 1
289 223 16
289 241 9
289 264 4
290 17 8
290 85 16
290 186 1
290 249 18
290 254 7
290 259 4
291 181 24
291 293 2
292 238 17
292 261 1
293 73 8
293 188 13
293 261 1
294 192 9
