0 11 26
0 20 26
0 36 32
0 39 25
0 57 14
0 65 40
0 91 6
0 114 29
0 122 7
0 129 16
0 139 10
0 167 15
0 221 11
0 228 47
0 234 20
0 237 14
1 70 27
1 79 1
1 147 10
1 230 11
1 234 21
1 242 4
1 268 20
1 272 15
2 1 17
2 3 1
2 8 13
2 13 13
2 25 27
2 49 7
2 57 8
2 59 27
2 76 19
2 83 7
2 111 19
2 160 19
2 181 38
2 196 24
2 244 30
2 264 21
2 267 18
3 21 6
3 23 21
3 41 50
3 50 21
3 57 14
3 101 17
3 109 56
3 114 26
3 122 23
3 136 17
3 150 5
3 161 30
3 167 2
3 172 10
3 180 35
3 206 10
3 207 26
3 217 18
3 229 11
3 252 21
3 278 46
4 2 7
4 5 11
4 7 28
4 11 14
4 22 12
4 32 11
4 55 6
4 56 70
4 61 21
4 80 27
4 90 6
4 97 29
4 102 23
4 112 28
4 128 3
4 151 28
4 153 8
4 197 6
4 263 6
4 296 31
5 3 18
5 8 4
5 15 9
5 16 24
5 27 15
5 31 9
5 101 2
5 115 24
5 123 11
5 131 9
5 149 52
5 183 16
5 243 24
5 264 9
5 280 39
6 25 3
6 40 11
6 52 12
6 81 11
6 86 7
6 148 1
6 190 34
6 195 17
6 232 1
6 233 15
6 258 51
6 280 17
6 290 60
6 292 23
6 293 30
7 10 6
7 54 8
7 74 16
7 78 10
7 105 26
7 122 3
7 124 18
7 125 9
7 167 2
7 171 35
7 199 5
7 209 8
7 275 16
7 297 46
8 6 11
8 28 1
8 30 13
8 32 17
8 37 22
8 53 26
8 62 17
8 72 11
8 86 30
8 106 45
8 107 18
8 122 5
8 160 8
8 234 27
8 237 21
8 247 18
9 49 2
9 162 11
9 185 1
9 188 15
9 241 34
9 272 13
9 274 19
10 73 3
10 87 3
10 91 17
10 92 22
10 104 5
10 120 37
10 135 8
10 189 27
10 198 7
10 209 6
10 244 23
10 252 7
10 257 33
10 267 4
10 275 15
10 276 15
11 114 7
11 123 26
11 129 13
11 152 18
11 226 9
11 228 11
11 237 18
11 271 6
11 285 47
11 293 28
12 51 4
12 105 5
12 176 13
12 244 2
12 265 2
12 267 1
12 285 33
13 96 6
13 108 21
13 132 36
13 138 5
13 140 20
13 150 12
13 163 15
13 208 5
13 217 12
13 227 59
13 238 2
13 243 35
14 9 3
14 22 38
14 33 20
14 44 31
14 60 9
14 69 29
14 88 35
14 92 29
14 151 4
14 161 40
14 162 36
14 179 26
14 189 18
14 194 17
14 210 50
14 212 31
14 229 11
14 245 20
14 248 42
15 5 10
15 8 17
15 27 32
15 40 24
15 47 54
15 58 14
15 68 9
15 76 9
15 115 16
15 131 7
15 149 42
15 163 19
15 165 30
15 166 4
15 255 30
15 264 14
16 69 10
16 164 4
16 174 3
16 181 28
16 183 24
16 189 4
16 195 9
16 203 11
16 207 7
16 211 4
16 213 3
16 214 27
17 45 21
17 64 9
17 78 3
17 91 5
17 103 7
17 129 11
17 130 7
17 146 1
17 152 16
17 184 27
17 191 11
17 224 14
17 271 16
17 281 20
18 24 10
18 34 21
18 137 16
18 152 16
18 170 3
18 192 12
18 230 34
18 240 13
18 242 22
18 281 18
19 43 26
19 142 16
19 145 2
19 190 10
19 219 10
19 269 21
19 270 21
19 279 24
19 290 12
19 292 14
20 19 9
20 29 17
20 35 22
20 64 16
20 130 7
20 146 3
20 177 13
20 184 11
20 191 3
20 232 14
20 284 4
20 285 30
21 3 21
21 8 1
21 41 16
21 50 20
21 60 31
21 67 37
21 99 48
21 101 41
21 137 73
21 150 22
21 180 18
21 201 62
21 217 34
21 229 25
21 259 1
22 25 24
22 48 37
22 69 12
22 141 8
22 212 15
22 236 30
22 248 37
22 277 5
22 281 44
22 283 31
22 286 25
22 287 36
22 293 8
22 297 43
23 16 40
23 66 32
23 80 20
23 116 2
23 128 13
23 129 9
23 153 12
23 164 8
23 174 37
23 181 55
23 189 19
23 191 21
23 204 35
23 207 6
23 213 33
23 214 15
23 219 12
23 223 21
23 290 35
24 18 32
24 65 1
24 67 42
24 89 22
24 130 30
24 133 6
24 137 46
24 152 22
24 157 5
24 170 19
24 228 39
24 230 27
24 237 5
24 240 31
24 242 22
24 271 21
24 276 19
25 5 1
25 59 6
25 76 3
25 82 16
25 132 22
25 141 14
25 160 5
25 289 11
25 291 20
26 1 18
26 16 6
26 70 6
26 71 12
26 79 20
26 106 22
26 117 13
26 118 11
26 147 12
26 234 32
26 242 14
26 245 8
26 268 30
26 296 48
27 47 12
27 66 3
27 110 7
27 113 17
27 115 13
27 131 14
27 149 27
27 219 7
27 223 19
27 251 23
27 256 11
27 258 27
27 264 8
28 8 6
28 32 15
28 64 9
28 86 14
28 106 22
28 107 15
28 114 6
28 145 17
28 176 10
28 255 1
28 265 82
28 278 30
28 283 27
28 297 36
29 12 16
29 19 12
29 32 7
29 35 2
29 130 19
29 177 8
29 191 9
29 234 3
29 271 8
29 276 21
29 279 17
30 17 36
30 20 1
30 29 5
30 35 21
30 64 9
30 65 8
30 83 7
30 91 16
30 103 5
30 184 8
30 221 6
30 250 2
30 271 35
30 281 36
31 5 19
31 15 25
31 27 11
31 68 22
31 115 5
31 127 4
31 131 10
31 144 41
31 149 20
31 174 5
31 182 21
31 194 26
31 195 16
31 235 22
31 251 2
32 78 2
32 86 2
32 106 10
32 107 4
32 149 9
32 188 11
32 215 19
32 278 4
33 37 11
33 38 5
33 50 2
33 54 7
33 57 3
33 72 10
33 79 17
33 87 7
33 105 16
33 121 4
33 138 6
33 192 20
33 226 25
33 243 9
33 257 19
33 274 19
33 287 19
33 289 21
34 18 18
34 24 9
34 48 27
34 97 5
34 133 13
34 135 3
34 137 19
34 178 36
34 225 17
34 234 31
34 257 27
34 276 28
34 281 6
35 29 10
35 64 8
35 108 22
35 130 16
35 133 3
35 137 7
35 146 8
35 152 4
35 177 2
35 272 5
35 276 2
35 281 39
36 11 41
36 28 4
36 34 18
36 39 15
36 90 13
36 111 14
36 114 13
36 129 23
36 191 16
36 204 22
36 228 44
36 232 42
36 237 18
36 276 21
37 8 4
37 12 2
37 28 31
37 32 22
37 33 28
37 42 15
37 53 13
37 64 5
37 67 32
37 80 1
37 86 17
37 89 26
37 106 31
37 161 7
37 177 30
37 229 14
37 248 19
37 263 13
38 32 9
38 33 8
38 47 27
38 57 4
38 72 37
38 87 8
38 138 22
38 153 22
38 171 4
38 176 27
38 184 19
38 201 8
38 214 24
38 226 20
38 233 14
38 244 26
38 266 3
38 297 66
39 11 25
39 18 32
39 20 11
39 36 8
39 47 42
39 78 22
39 129 15
39 147 2
39 187 14
39 192 38
39 228 50
39 237 18
39 240 21
39 271 24
39 281 34
40 6 1
40 19 21
40 110 4
40 165 18
40 190 3
40 210 8
40 223 2
40 233 12
40 234 7
40 255 9
40 258 13
40 270 3
40 280 8
40 290 27
40 292 7
40 293 4
41 13 15
41 25 11
41 39 3
41 45 9
41 50 14
41 85 3
41 101 1
41 106 13
41 109 21
41 111 11
41 122 3
41 138 23
41 140 40
41 150 24
41 180 2
41 217 2
41 229 17
41 257 26
41 264 2
41 274 38
41 282 20
41 291 17
42 153 11
42 159 3
42 168 7
42 178 8
42 179 18
42 192 8
42 206 4
42 256 10
42 265 18
42 272 22
42 297 69
43 227 6
43 279 16
43 280 4
44 60 2
44 96 4
44 136 2
44 150 6
44 178 6
44 247 1
44 272 22
44 282 8
44 296 3
45 13 1
45 48 15
45 63 19
45 112 16
45 198 9
45 248 10
46 126 4
46 181 18
46 195 5
46 255 5
46 269 36
47 165 1
47 210 16
47 222 4
47 241 11
47 269 37
47 285 16
48 120 1
48 205 1
48 257 12
48 281 9
49 87 14
49 89 40
49 119 13
49 132 9
49 140 3
49 157 16
49 162 4
49 175 25
49 185 10
49 236 7
49 254 8
49 282 16
49 285 42
50 3 17
50 101 2
50 106 27
50 109 20
50 112 11
50 144 10
50 150 21
50 168 3
50 180 3
50 217 11
50 229 10
50 231 14
50 254 5
50 289 25
51 12 28
51 65 6
51 67 42
51 105 64
51 176 49
51 238 12
51 244 22
51 267 21
51 282 17
51 287 38
51 289 30
52 19 10
52 43 14
52 47 41
52 75 3
52 116 4
52 123 2
52 154 3
52 182 18
52 210 60
52 215 2
52 236 30
52 268 5
52 269 39
52 279 23
52 293 14
53 8 19
53 11 6
53 12 24
53 28 17
53 32 35
53 37 9
53 62 2
53 86 12
53 91 16
53 98 9
53 106 14
53 107 22
53 159 18
53 184 22
53 211 24
53 248 22
53 264 30
54 7 20
54 10 22
54 12 45
54 43 34
54 63 15
54 78 12
54 100 14
54 124 32
54 127 6
54 166 5
54 171 10
54 197 19
54 260 37
54 262 27
54 295 53
55 4 22
55 22 24
55 32 12
55 42 11
55 56 24
55 61 25
55 65 6
55 80 31
55 90 56
55 102 20
55 112 30
55 128 38
55 138 33
55 141 29
55 214 24
55 221 6
55 236 64
56 34 10
56 61 4
56 79 6
56 80 9
56 90 14
56 93 61
56 102 4
56 112 22
56 113 18
56 138 11
56 151 19
56 273 38
57 21 1
57 33 13
57 38 15
57 53 4
57 55 7
57 59 17
57 72 18
57 79 8
57 87 10
57 114 1
57 136 14
57 138 14
57 189 13
57 226 30
57 231 29
57 241 19
57 252 3
58 110 22
58 116 66
58 119 3
58 137 6
58 154 9
58 165 22
58 208 2
58 223 36
58 224 2
58 289 7
59 9 25
59 25 3
59 27 10
59 76 11
59 82 2
59 108 29
59 121 8
59 154 14
59 160 19
59 207 10
59 215 7
59 246 30
59 295 55
60 44 13
60 49 2
60 136 15
60 159 1
60 161 5
60 178 14
60 282 21
60 286 20
60 296 24
61 4 16
61 34 5
61 55 2
61 56 29
61 77 8
61 78 19
61 80 15
61 90 24
61 95 13
61 106 23
61 140 23
61 151 3
61 187 9
61 193 5
61 205 5
61 240 35
61 283 49
62 99 17
62 107 6
62 157 16
62 201 20
62 202 24
62 225 20
62 259 5
62 278 25
62 283 40
63 84 11
63 112 13
63 156 6
63 193 20
63 248 10
63 262 17
63 263 15
64 17 7
64 91 4
64 152 16
64 184 31
64 221 10
64 232 8
64 250 39
64 271 48
65 20 24
65 29 25
65 35 29
65 91 10
65 130 58
65 146 17
65 152 21
65 168 20
65 177 21
65 191 26
65 230 22
65 278 22
65 292 13
66 8 13
66 16 16
66 143 11
66 145 6
66 164 35
66 165 7
66 174 17
66 181 39
66 190 30
66 195 5
66 200 14
66 205 11
66 207 21
66 213 21
66 214 12
66 224 30
66 235 9
67 12 30
67 52 13
67 265 38
67 267 1
67 289 2
68 5 16
68 15 33
68 27 14
68 115 23
68 123 36
68 126 9
68 131 1
68 142 20
68 145 17
68 149 14
68 185 18
68 212 21
68 251 16
68 264 26
69 22 4
69 51 18
69 113 22
69 124 6
69 141 6
69 153 4
69 191 11
69 207 4
69 217 14
69 220 21
69 242 19
69 248 33
69 263 15
69 266 18
69 278 17
69 286 31
69 287 47
69 297 61
70 26 7
70 45 24
70 71 3
70 79 1
70 112 22
70 147 28
70 157 1
70 208 16
70 234 33
70 250 9
70 268 34
70 271 18
70 276 17
71 1 47
71 8 4
71 26 29
71 34 8
71 63 34
71 70 2
71 79 3
71 103 7
71 107 6
71 118 20
71 147 25
71 234 37
71 237 5
71 249 27
71 268 29
72 33 8
72 57 18
72 83 3
72 87 3
72 135 26
72 138 8
72 173 14
72 223 5
72 224 10
72 226 3
72 241 8
72 247 1
72 274 15
73 88 1
73 205 3
73 260 3
73 268 5
73 289 5
74 52 1
74 98 25
74 126 18
74 129 11
74 143 14
74 172 9
74 194 25
74 198 11
74 204 4
74 205 15
74 209 10
74 211 22
74 218 11
74 219 13
74 239 11
75 47 19
75 58 11
75 81 3
75 154 3
75 181 2
75 182 11
75 183 4
75 194 2
75 210 23
75 222 3
75 246 19
75 284 2
76 2 14
76 25 13
76 38 3
76 59 10
76 83 14
76 94 4
76 108 28
76 111 9
76 140 40
76 160 27
76 176 29
76 194 23
76 214 8
76 227 31
76 255 29
76 291 14
77 7 16
77 10 3
77 48 19
77 73 72
77 88 50
77 90 9
77 95 19
77 98 8
77 158 2
77 178 28
77 205 28
77 216 19
77 218 10
77 249 35
77 260 69
77 277 23
78 7 10
78 22 18
78 47 26
78 89 34
78 130 9
78 166 14
78 171 2
78 178 11
78 198 22
78 199 18
78 231 7
78 279 35
78 283 23
79 1 18
79 26 7
79 63 5
79 70 13
79 90 2
79 116 6
79 118 5
79 172 5
79 197 18
79 230 18
79 234 39
79 268 48
79 283 15
80 4 1
80 48 38
80 54 14
80 55 4
80 56 26
80 58 7
80 63 18
80 90 14
80 102 5
80 124 3
80 128 2
80 157 14
80 193 17
80 198 23
80 255 33
80 262 31
80 295 55
81 28 1
81 43 27
81 75 5
81 105 21
81 110 7
81 154 13
81 182 23
81 183 33
81 194 13
81 203 13
81 223 17
81 224 37
81 241 3
81 246 11
81 247 1
81 284 26
82 2 14
82 7 28
82 31 29
82 53 3
82 59 20
82 76 28
82 90 21
82 94 2
82 111 21
82 121 4
82 140 39
82 155 29
82 160 42
82 168 11
82 215 10
82 264 12
82 280 43
83 9 42
83 43 23
83 72 1
83 111 6
83 148 15
83 162 28
83 185 19
83 188 46
83 196 3
83 226 33
83 227 17
83 232 4
83 234 10
83 241 48
83 255 8
83 274 9
84 44 8
84 45 28
84 63 9
84 112 20
84 135 6
84 179 9
84 193 23
84 206 9
84 247 11
84 248 25
84 262 19
84 263 14
84 275 17
84 276 6
84 277 18
85 3 17
85 21 25
85 41 3
85 50 13
85 56 11
85 101 38
85 109 20
85 113 16
85 122 13
85 124 9
85 139 6
85 150 29
85 179 19
85 180 16
85 217 26
85 220 23
85 263 10
85 287 82
86 8 16
86 32 17
86 37 1
86 62 14
86 67 15
86 73 9
86 106 10
86 107 7
86 224 12
86 263 14
86 273 6
86 278 12
86 283 39
87 33 10
87 38 11
87 41 5
87 57 9
87 72 12
87 89 15
87 138 28
87 141 5
87 185 10
87 188 8
87 200 31
87 221 23
87 226 27
87 229 7
87 238 15
87 291 22
88 73 15
88 95 10
88 143 14
88 158 26
88 178 8
88 183 17
88 193 8
88 211 3
88 216 21
88 239 9
88 260 11
88 261 23
88 277 16
89 49 9
89 175 2
89 254 2
89 288 17
89 291 24
89 294 8
90 1 35
90 4 4
90 29 8
90 80 4
90 102 17
90 122 11
90 137 24
90 184 3
90 215 10
90 244 17
90 273 15
91 17 18
91 64 14
91 130 4
91 177 9
91 184 21
91 221 1
91 250 12
91 262 12
91 271 19
91 276 21
92 22 3
92 44 7
92 97 2
92 120 24
92 145 10
92 162 12
92 198 16
92 203 17
92 210 39
92 227 28
92 246 26
92 248 11
92 252 2
93 119 3
93 134 4
93 144 3
93 175 4
93 200 6
93 231 1
93 246 3
93 285 18
93 287 6
93 295 41
94 0 10
94 2 35
94 21 10
94 25 43
94 46 36
94 59 26
94 68 10
94 76 16
94 82 32
94 87 22
94 111 15
94 116 10
94 121 29
94 160 40
94 162 28
94 188 6
94 252 29
94 290 53
95 73 19
95 77 10
95 88 2
95 91 1
95 98 20
95 158 7
95 216 21
95 224 4
95 257 9
95 260 14
95 275 9
95 277 4
96 13 28
96 25 6
96 132 56
96 138 11
96 140 72
96 163 5
96 189 3
96 196 20
96 227 20
96 229 17
96 238 21
96 243 25
96 259 9
97 10 33
97 44 20
97 48 15
97 59 11
97 73 22
97 84 1
97 89 23
97 92 6
97 120 33
97 143 6
97 176 24
97 189 9
97 198 56
97 247 7
97 252 18
97 257 36
97 275 50
97 276 30
98 48 16
98 73 38
98 88 43
98 95 1
98 158 17
98 216 23
98 257 15
98 260 23
98 277 19
99 67 4
99 272 15
99 273 5
99 278 1
99 283 40
100 7 7
100 14 1
100 28 8
100 36 10
100 44 11
100 54 11
100 61 23
100 78 30
100 85 15
100 92 9
100 98 24
100 120 16
100 124 9
100 166 2
100 167 16
100 171 34
100 199 11
100 256 13
101 41 1
101 67 4
101 99 22
101 105 20
101 109 12
101 150 8
101 180 15
101 192 44
101 220 14
101 297 51
102 4 14
102 46 30
102 56 8
102 61 36
102 80 14
102 85 11
102 90 17
102 95 27
102 106 30
102 128 7
102 144 25
102 166 17
102 186 12
102 220 23
102 228 21
102 247 40
102 252 9
103 17 8
103 26 12
103 30 9
103 34 7
103 64 22
103 71 2
103 91 5
103 93 36
103 107 8
103 184 32
103 221 24
103 249 23
103 250 6
103 271 33
104 9 18
104 10 3
104 16 10
104 22 4
104 142 15
104 166 5
104 182 10
104 190 22
104 205 18
104 236 38
104 239 3
104 243 21
104 245 14
104 269 27
104 274 25
104 285 51
104 292 18
105 12 3
105 32 20
105 67 9
105 176 1
105 244 9
105 267 8
105 287 21
105 294 3
106 86 2
106 93 2
106 107 2
106 249 8
106 283 5
106 297 27
107 1 6
107 26 2
107 28 10
107 32 11
107 37 15
107 38 3
107 86 5
107 106 20
107 211 10
107 272 8
107 277 14
108 132 12
108 155 3
108 185 2
108 188 6
108 279 3
108 281 9
109 21 7
109 32 12
109 44 17
109 49 6
109 50 6
109 92 20
109 122 19
109 150 22
109 180 4
109 185 19
109 217 6
109 219 4
109 223 33
109 229 5
109 282 7
110 58 22
110 108 20
110 116 12
110 142 10
110 165 13
110 224 32
110 258 8
110 270 1
110 280 13
110 290 11
110 292 18
111 25 17
111 59 9
111 76 6
111 82 13
111 121 9
111 160 20
111 188 35
111 226 4
111 233 29
111 243 20
111 251 10
111 252 27
111 274 16
112 45 21
112 63 5
112 93 10
112 135 16
112 154 39
112 193 2
112 262 18
112 275 15
113 176 10
113 192 21
113 202 5
113 249 12
113 265 21
113 266 9
113 296 24
113 297 64
114 11 3
114 26 2
114 29 3
114 36 5
114 39 10
114 139 3
114 149 5
114 171 19
114 190 7
114 228 19
114 237 14
114 238 31
114 242 10
114 256 10
114 273 25
115 5 20
115 27 12
115 31 1
115 52 13
115 149 7
115 190 32
115 191 17
115 210 24
115 219 10
115 223 45
115 251 2
115 252 24
115 264 36
115 290 39
116 43 2
116 110 10
116 143 6
116 165 16
116 200 4
116 223 20
116 290 1
117 19 9
117 43 43
117 134 18
117 135 18
117 145 24
117 215 13
117 219 26
117 236 21
117 246 30
117 270 6
117 279 7
117 280 2
117 292 19
118 1 26
118 6 6
118 26 20
118 50 6
118 70 29
118 71 19
118 79 9
118 99 40
118 133 13
118 147 17
118 196 3
118 234 50
118 250 32
118 263 16
118 268 50
118 276 32
118 282 27
119 9 5
119 93 23
119 144 1
119 175 12
119 236 10
119 261 36
119 285 22
119 287 34
119 288 8
119 295 51
120 73 17
120 147 2
120 158 1
120 189 5
120 205 11
120 239 3
120 252 2
120 261 27
120 267 14
120 269 84
120 289 18
121 2 17
121 16 15
121 25 43
121 50 1
121 59 8
121 76 4
121 82 28
121 111 1
121 160 12
121 168 9
121 203 16
121 244 14
121 266 20
121 294 53
122 2 1
122 21 2
122 50 17
122 85 9
122 101 39
122 104 16
122 109 2
122 117 3
122 180 18
122 222 40
122 244 20
122 282 15
123 35 16
123 43 18
123 45 20
123 46 27
123 126 22
123 145 1
123 148 2
123 195 16
123 204 27
123 232 4
123 235 50
123 255 15
123 270 25
123 279 4
123 284 21
123 293 13
124 27 7
124 78 20
124 100 4
124 114 32
124 120 2
124 133 40
124 158 27
124 166 1
124 167 4
124 171 44
124 199 9
124 228 25
124 231 41
124 261 39
125 29 7
125 45 22
125 63 36
125 84 15
125 112 34
125 145 13
125 151 13
125 159 1
125 193 22
125 248 7
125 262 37
125 263 7
125 275 8
125 285 46
126 46 13
126 92 18
126 154 25
126 181 1
126 182 20
126 195 26
126 204 7
126 232 3
126 235 33
126 255 9
126 258 17
126 280 1
127 7 19
127 9 26
127 30 7
127 48 72
127 54 4
127 78 18
127 100 29
127 104 10
127 124 34
127 129 26
127 166 14
127 171 23
127 172 16
127 199 21
127 231 61
127 245 33
128 4 3
128 8 15
128 37 5
128 56 70
128 61 34
128 80 26
128 90 16
128 102 14
128 119 27
128 136 19
128 180 1
128 249 25
128 256 10
128 285 63
128 286 22
129 11 12
129 114 22
129 124 12
129 125 9
129 143 15
129 148 12
129 153 21
129 187 14
129 228 8
129 237 34
129 281 15
130 20 1
130 35 5
130 165 11
130 177 7
130 188 12
130 240 14
130 258 6
130 268 25
131 5 4
131 15 1
131 27 13
131 31 7
131 37 17
131 68 2
131 112 25
131 115 16
131 121 18
131 149 21
131 161 6
131 213 2
131 251 14
131 264 3
131 280 7
131 292 29
131 294 15
132 140 31
132 227 1
132 243 21
132 265 25
132 294 23
133 18 7
133 70 16
133 137 52
133 140 34
133 146 2
133 170 29
133 227 18
133 230 8
133 240 42
133 242 21
134 58 20
134 81 10
134 105 18
134 110 26
134 116 72
134 142 33
134 155 13
134 165 65
134 182 13
134 210 33
134 215 21
134 223 21
134 224 12
134 236 2
135 45 16
135 63 31
135 98 8
135 112 1
135 125 24
135 193 24
135 242 32
135 248 6
135 262 4
135 263 1
135 275 3
136 44 7
136 60 1
136 89 14
136 108 49
136 161 15
136 178 4
136 192 4
136 282 11
136 296 31
137 170 3
137 230 5
137 240 9
137 276 3
137 281 9
138 33 29
138 57 12
138 72 2
138 96 16
138 99 29
138 156 18
138 179 6
138 212 8
138 226 25
138 282 15
139 5 20
139 11 35
139 21 20
139 26 12
139 36 8
139 39 35
139 92 16
139 97 7
139 114 37
139 129 36
139 137 46
139 147 14
139 153 18
139 174 23
139 187 39
139 191 19
139 214 6
139 228 99
139 237 34
140 43 6
140 108 13
140 163 7
140 176 6
140 227 6
140 238 8
140 288 25
141 9 26
141 14 11
141 20 32
141 22 7
141 45 18
141 57 3
141 69 12
141 86 15
141 120 11
141 121 10
141 198 28
141 212 11
141 248 24
141 251 10
141 252 1
141 257 23
141 277 13
142 35 6
142 58 25
142 116 36
142 117 11
142 165 22
142 223 26
142 224 29
142 261 10
142 292 21
142 295 31
143 48 27
143 74 4
143 89 18
143 120 8
143 205 17
143 211 2
144 93 14
144 119 2
144 175 3
144 200 4
144 231 11
144 285 54
144 287 51
144 295 28
145 19 35
145 43 37
145 52 18
145 117 15
145 204 21
145 213 11
145 219 23
145 270 26
145 279 29
145 292 28
145 293 6
146 18 18
146 20 2
146 29 23
146 35 4
146 40 11
146 58 15
146 86 2
146 130 15
146 177 16
146 191 3
146 240 25
146 242 9
146 271 5
147 1 14
147 26 3
147 35 16
147 79 25
147 99 20
147 118 4
147 170 16
147 175 6
147 234 23
147 242 12
147 264 7
147 268 11
147 279 7
148 11 23
148 46 24
148 118 1
148 123 24
148 126 38
148 195 41
148 204 13
148 214 11
148 228 30
148 232 14
148 235 36
148 255 56
148 264 4
149 5 12
149 58 5
149 68 4
149 229 12
149 243 15
149 289 5
150 101 12
150 109 3
150 122 9
150 156 9
150 161 19
150 168 3
150 176 24
150 180 3
150 217 10
150 229 18
150 262 29
150 282 6
150 297 45
151 48 64
151 86 14
151 88 6
151 106 23
151 193 11
151 201 30
151 208 31
151 220 12
151 257 25
151 260 31
151 272 12
151 286 16
151 296 18
152 18 18
152 20 4
152 24 22
152 133 42
152 137 39
152 170 27
152 177 4
152 191 4
152 202 29
152 230 10
152 240 14
152 242 17
153 5 1
153 18 17
153 111 2
153 143 16
153 155 65
153 156 9
153 168 8
153 190 1
153 196 20
153 197 1
153 249 15
153 256 21
153 272 19
154 46 4
154 47 59
154 52 8
154 75 14
154 194 1
154 210 18
154 215 1
154 222 19
154 236 17
154 269 35
154 292 4
154 293 4
155 42 8
155 108 14
155 173 5
155 192 8
155 222 29
155 253 8
155 267 1
155 272 9
155 289 17
156 42 13
156 99 29
156 101 9
156 153 10
156 155 22
156 159 16
156 168 30
156 179 24
156 197 20
156 201 1
156 206 3
156 256 10
156 272 36
156 289 11
157 62 10
157 99 35
157 177 32
157 201 16
157 202 15
157 225 16
157 267 25
157 273 5
157 278 43
157 283 14
158 73 13
158 77 1
158 88 4
158 95 10
158 98 4
158 216 7
158 256 3
158 260 11
158 261 19
158 277 13
158 286 15
158 296 11
159 42 8
159 60 16
159 101 2
159 138 10
159 153 8
159 155 1
159 156 21
159 168 9
159 175 12
159 179 3
159 197 4
159 201 26
159 247 4
159 256 4
159 272 17
160 2 17
160 59 12
160 63 3
160 111 3
160 121 1
160 132 10
160 136 45
160 163 4
160 180 3
160 254 20
160 294 40
160 296 25
161 1 14
161 44 30
161 60 7
161 108 20
161 136 23
161 149 5
161 178 14
161 216 14
161 231 15
161 247 10
161 282 14
161 296 43
162 185 15
162 188 11
162 226 2
162 238 3
162 241 6
162 253 38
163 51 9
163 96 9
163 132 34
163 140 20
163 175 31
163 176 13
163 227 24
163 238 10
163 241 12
163 243 27
163 244 11
164 9 8
164 16 2
164 23 12
164 66 2
164 81 15
164 104 14
164 116 15
164 144 6
164 149 14
164 165 4
164 174 3
164 181 27
164 196 5
164 207 7
164 213 1
165 110 3
165 223 12
165 224 4
165 256 5
165 258 2
165 269 17
166 7 7
166 54 5
166 78 7
166 98 7
166 100 9
166 124 16
166 147 5
166 171 27
166 236 13
166 237 21
166 259 25
166 296 22
167 7 41
167 10 24
167 14 21
167 54 19
167 68 5
167 78 41
167 100 30
167 107 17
167 109 37
167 116 41
167 124 46
167 127 14
167 166 17
167 171 65
167 199 15
167 218 47
167 252 32
167 275 50
168 144 16
168 155 9
168 179 17
168 195 3
168 206 4
168 222 15
168 254 7
168 256 27
168 272 14
168 287 17
169 89 11
169 108 9
169 136 20
169 173 15
169 227 9
169 241 25
169 253 21
169 254 16
169 288 25
169 291 18
169 294 45
169 295 50
170 18 14
170 34 12
170 92 5
170 137 44
170 178 3
170 230 4
170 238 14
170 240 8
170 242 3
170 248 9
170 281 20
171 78 11
171 109 2
171 166 3
171 193 19
171 224 27
171 242 24
171 293 18
172 1 16
172 74 1
172 143 33
172 203 11
172 205 16
172 209 3
172 211 17
172 216 16
172 218 29
172 238 16
172 239 9
172 243 11
172 261 10
173 72 1
173 89 5
173 105 9
173 169 2
173 236 1
173 253 8
173 254 13
173 261 12
173 285 35
173 288 67
173 291 23
173 294 13
174 6 5
174 16 16
174 59 16
174 66 9
174 75 21
174 134 23
174 142 23
174 164 25
174 181 55
174 186 6
174 207 3
174 213 6
174 222 14
174 235 13
175 49 8
175 93 15
175 119 17
175 144 1
175 200 10
175 231 2
175 266 5
175 285 30
175 287 54
175 288 18
175 295 13
176 12 5
176 67 17
176 105 30
176 108 3
176 244 20
176 268 7
176 289 4
177 11 7
177 17 9
177 20 20
177 35 3
177 64 14
177 67 6
177 130 13
177 141 15
177 191 12
177 235 11
177 284 28
177 293 11
178 42 2
178 44 3
178 136 11
178 161 2
178 201 3
178 208 16
178 247 5
178 272 31
178 296 10
179 60 5
179 62 7
179 86 29
179 153 22
179 155 34
179 168 18
179 206 26
179 217 20
179 220 7
179 256 8
179 272 63
180 109 9
180 122 3
180 163 20
180 164 11
180 213 14
180 229 14
180 234 2
180 266 29
180 288 12
180 291 28
181 16 1
181 46 6
181 47 4
181 126 15
181 174 5
181 213 9
181 216 3
181 244 10
182 75 1
182 110 4
182 183 12
182 194 8
182 203 16
182 210 16
182 222 13
182 246 15
182 253 2
182 270 8
182 284 3
182 293 3
183 46 1
183 75 14
183 117 1
183 142 10
183 182 3
183 222 11
183 246 17
183 269 29
183 270 6
183 280 4
183 284 8
184 17 8
184 30 21
184 45 4
184 234 15
184 250 5
184 271 13
184 292 8
185 9 1
185 35 19
185 105 3
185 162 15
185 188 34
185 200 4
185 238 3
185 241 3
185 274 21
185 291 3
186 17 25
186 21 21
186 30 28
186 64 34
186 91 41
186 103 18
186 143 20
186 152 21
186 184 33
186 196 7
186 217 3
186 221 44
186 234 16
186 250 17
186 256 25
186 271 56
187 0 8
187 11 15
187 36 11
187 39 13
187 114 20
187 127 2
187 129 17
187 139 1
187 146 17
187 184 9
187 203 15
187 211 12
187 228 30
187 237 15
187 248 16
187 281 13
188 9 4
188 19 17
188 43 6
188 226 6
188 241 28
188 279 5
188 291 1
189 10 23
189 92 24
189 97 13
189 120 4
189 145 2
189 176 16
189 198 35
189 211 8
189 223 32
189 270 29
189 277 13
189 288 27
190 27 2
190 40 6
190 154 10
190 193 1
190 219 3
190 258 12
190 280 10
190 290 8
190 292 12
190 293 5
191 20 6
191 29 18
191 35 34
191 89 7
191 130 22
191 146 24
191 177 3
191 241 7
191 248 5
192 42 11
192 62 4
192 113 4
192 220 9
192 257 36
192 265 29
192 266 12
192 286 8
192 296 10
192 297 48
193 1 6
193 45 21
193 63 3
193 95 1
193 112 5
193 125 4
193 262 25
194 47 13
194 58 13
194 75 1
194 81 5
194 108 14
194 182 5
194 183 18
194 222 26
194 246 14
194 284 2
195 25 14
195 46 12
195 52 14
195 105 3
195 123 6
195 126 9
195 145 1
195 204 3
195 232 11
195 235 28
195 255 10
195 274 15
196 9 51
196 83 16
196 101 8
196 104 13
196 119 12
196 129 12
196 162 42
196 179 23
196 185 28
196 188 54
196 241 52
196 246 50
196 274 16
196 295 27
197 12 44
197 42 23
197 67 47
197 153 3
197 155 17
197 156 7
197 159 13
197 168 63
197 179 1
197 206 26
197 218 19
197 220 4
197 239 20
197 256 44
197 272 27
198 7 8
198 46 16
198 58 10
198 92 10
198 98 4
198 120 8
198 130 13
198 135 13
198 171 15
198 184 33
198 267 21
198 285 50
199 7 9
199 28 17
199 48 50
199 54 8
199 78 15
199 88 19
199 100 10
199 118 3
199 120 26
199 124 25
199 143 14
199 166 16
199 167 8
199 171 36
199 218 16
199 226 12
199 252 9
200 18 11
200 49 16
200 93 8
200 108 15
200 119 5
200 144 2
200 175 1
200 231 1
200 248 4
200 285 43
200 287 21
200 295 28
201 99 24
201 157 9
201 202 12
201 225 14
201 257 1
201 266 12
201 268 1
201 273 12
201 278 11
201 283 41
202 12 35
202 99 37
202 157 4
202 225 9
202 259 8
202 265 50
202 278 14
202 283 12
203 46 15
203 47 18
203 75 22
203 182 20
203 183 74
203 194 16
203 222 22
203 243 24
203 246 7
203 261 11
203 284 15
204 44 4
204 46 21
204 108 19
204 126 28
204 148 16
204 165 18
204 193 11
204 195 7
204 224 6
204 232 16
204 235 29
204 255 26
204 284 17
205 18 8
205 172 4
205 211 2
205 231 18
205 239 4
205 269 16
205 286 18
206 25 2
206 42 14
206 44 19
206 72 2
206 98 2
206 153 1
206 155 39
206 159 27
206 161 2
206 168 23
206 173 3
206 197 1
206 247 4
206 256 15
206 272 32
206 287 27
207 5 1
207 16 15
207 23 1
207 66 12
207 115 15
207 164 24
207 173 34
207 174 4
207 181 36
207 203 10
207 213 24
207 214 8
207 226 1
207 243 14
207 252 20
207 269 45
208 47 19
208 58 14
208 95 18
208 136 4
208 143 16
208 170 5
208 178 12
208 218 21
208 257 56
208 260 15
208 261 26
208 262 1
208 276 19
208 281 28
209 48 13
209 73 21
209 74 18
209 132 27
209 143 26
209 150 29
209 172 16
209 205 28
209 218 41
209 239 3
209 245 7
209 275 2
209 281 44
210 47 26
210 222 27
210 269 20
210 285 14
211 73 31
211 143 8
211 158 2
211 205 20
211 209 22
211 218 19
212 22 4
212 38 1
212 69 21
212 72 27
212 85 4
212 102 11
212 109 2
212 124 3
212 138 19
212 141 20
212 156 9
212 213 17
212 220 14
212 247 24
212 248 15
212 249 18
213 9 14
213 16 13
213 66 3
213 142 15
213 145 12
213 148 4
213 164 7
213 174 5
213 181 8
213 214 5
213 216 10
213 233 1
214 16 16
214 23 22
214 56 3
214 66 7
214 104 1
214 164 32
214 166 36
214 174 28
214 181 26
214 207 1
214 212 2
214 213 29
214 233 4
215 19 2
215 47 63
215 52 18
215 154 16
215 210 63
215 232 2
215 236 10
215 246 27
215 261 15
215 269 109
216 73 9
216 77 18
216 95 7
216 98 11
216 113 6
216 158 25
216 239 6
216 260 14
216 261 32
216 269 17
216 277 19
217 41 18
217 101 39
217 106 3
217 122 5
217 138 15
217 161 12
217 180 17
217 196 16
218 48 17
218 143 11
218 172 9
218 205 10
218 239 7
218 297 60
219 19 24
219 43 12
219 117 18
219 223 10
219 233 2
219 235 4
219 246 33
219 258 17
219 270 37
219 279 31
219 290 25
219 292 33
220 62 1
220 113 10
220 151 10
220 192 5
220 202 2
220 265 27
220 297 56
221 17 20
221 30 2
221 64 8
221 91 20
221 103 16
221 184 20
221 203 3
221 225 8
221 250 15
221 271 16
221 272 11
221 276 9
222 75 2
222 81 19
222 116 3
222 183 20
222 194 17
222 210 11
222 235 1
222 246 9
222 284 7
223 110 12
223 142 3
223 165 1
223 224 2
223 258 8
223 290 1
224 58 5
224 116 28
224 126 4
224 165 5
224 194 7
224 195 3
224 223 39
224 231 4
225 29 23
225 62 19
225 99 14
225 113 2
225 157 5
225 242 4
225 259 5
225 278 6
225 283 50
226 38 16
226 50 22
226 72 1
226 87 8
226 162 13
226 164 2
226 169 32
226 241 12
226 274 16
227 132 5
227 140 4
227 173 10
227 188 8
227 243 5
227 288 23
227 294 11
228 11 10
228 17 8
228 96 15
228 129 1
229 3 22
229 25 14
229 60 3
229 72 14
229 85 2
229 92 1
229 101 12
229 109 16
229 122 3
229 162 35
229 163 18
229 180 30
229 212 1
229 215 7
229 217 8
230 18 6
230 35 4
230 74 16
230 137 5
230 170 15
230 177 6
230 225 8
230 240 20
230 242 15
230 268 9
230 271 12
230 276 21
230 281 27
231 93 14
231 119 7
231 144 6
231 149 9
231 175 6
231 200 9
231 215 5
231 285 33
231 287 61
231 295 34
232 46 26
232 123 2
232 126 23
232 148 2
232 189 16
232 195 1
232 204 8
232 235 15
232 236 11
232 246 4
232 255 16
233 9 7
233 19 3
233 40 9
233 104 1
233 148 9
233 190 38
233 223 38
233 258 13
233 279 8
233 280 22
233 290 30
233 292 11
233 293 5
234 144 4
234 249 19
235 43 13
235 46 29
235 112 3
235 165 8
235 240 5
235 255 19
236 47 34
236 154 15
236 183 19
236 210 10
236 215 9
236 269 26
237 11 2
237 39 5
237 139 2
237 168 10
237 175 14
237 228 17
237 276 4
238 13 5
238 116 6
238 132 45
238 140 13
238 159 11
238 163 2
238 227 36
238 243 10
238 294 2
239 43 15
239 143 14
239 172 8
239 205 14
239 206 7
239 209 11
239 211 20
239 218 2
239 235 21
239 245 6
239 261 20
240 93 34
240 133 3
240 137 17
240 242 3
240 284 3
241 83 2
241 162 3
241 185 19
241 215 14
241 224 5
241 226 1
242 133 6
242 137 39
242 152 7
242 158 6
242 170 14
242 240 4
242 277 5
242 281 5
243 79 5
243 140 13
243 163 7
243 227 7
244 12 14
244 13 4
244 67 26
244 105 13
244 180 2
244 222 32
244 289 59
245 74 7
245 92 12
245 135 12
245 143 20
245 172 13
245 189 15
245 205 52
245 209 1
245 211 25
245 218 31
245 239 38
245 255 9
245 275 16
246 81 1
246 183 3
246 203 9
246 215 14
246 267 5
246 295 19
247 44 30
247 60 25
247 95 16
247 136 38
247 161 42
247 178 10
247 282 11
247 294 24
247 296 24
248 37 20
248 48 12
248 84 2
248 159 1
248 179 2
249 62 5
249 113 16
249 192 20
249 220 10
249 265 57
249 266 16
249 286 11
249 297 37
250 17 13
250 30 16
250 64 7
250 70 2
250 91 17
250 103 7
250 133 26
250 174 8
250 184 18
250 221 1
250 271 22
251 5 14
251 15 9
251 27 7
251 31 8
251 68 17
251 93 17
251 115 16
251 131 4
251 149 50
251 264 8
251 287 44
251 295 42
252 0 13
252 22 13
252 36 1
252 68 9
252 73 5
252 82 12
252 92 22
252 131 3
252 141 5
252 148 8
252 187 6
252 189 1
252 198 3
253 75 3
253 89 13
253 108 19
253 162 8
253 169 2
253 185 4
253 254 57
253 288 10
253 291 12
253 294 14
254 89 15
254 108 13
254 169 5
254 173 5
254 175 4
254 288 14
254 291 5
254 294 31
255 46 10
255 117 7
255 194 14
255 195 24
255 232 8
255 235 15
255 284 19
255 290 14
256 42 22
256 45 30
256 56 41
256 155 6
256 156 6
256 158 23
256 159 18
256 168 11
256 272 44
256 283 69
257 34 10
257 216 1
257 260 2
257 261 15
257 281 16
258 40 1
258 47 20
258 190 5
258 223 6
258 233 4
258 253 16
258 280 2
258 284 2
258 290 3
259 62 21
259 99 31
259 157 12
259 201 31
259 202 21
259 225 8
259 228 2
259 240 4
259 273 4
259 278 30
259 283 17
260 46 1
260 48 18
260 73 24
260 88 10
260 151 21
260 216 6
260 261 6
260 277 5
261 173 5
261 269 4
261 296 8
262 1 18
262 45 18
262 112 9
262 256 2
263 45 22
263 63 16
263 67 27
263 84 3
263 112 18
263 125 1
263 135 1
263 193 25
263 254 45
263 262 5
263 275 26
264 5 17
264 9 14
264 15 9
264 17 8
264 27 10
264 31 20
264 115 9
264 131 30
264 149 35
264 214 8
264 251 2
265 12 3
265 202 16
265 297 34
266 67 5
266 113 13
266 144 16
266 220 23
266 249 10
266 256 15
266 265 33
266 286 12
266 297 86
267 12 28
267 67 27
267 105 5
267 120 11
267 142 16
267 155 9
267 176 25
267 244 18
267 289 31
268 71 3
268 211 8
268 234 20
268 261 26
269 93 13
269 284 4
270 19 5
270 43 27
270 117 9
270 126 1
270 210 38
270 279 2
270 280 20
270 284 4
270 290 13
270 292 10
271 184 6
271 191 1
272 42 1
272 151 1
273 32 20
273 62 13
273 99 16
273 157 56
273 201 16
273 202 22
273 225 3
273 249 27
273 259 19
273 278 18
273 283 37
274 72 1
274 83 4
274 162 14
274 164 1
274 185 11
274 188 19
274 196 6
274 207 1
274 241 17
275 45 31
275 63 16
275 84 19
275 112 30
275 125 1
275 193 31
275 211 14
275 262 11
275 263 14
276 20 7
276 137 9
276 170 4
276 208 11
276 240 6
276 257 8
276 281 15
277 48 6
277 73 17
277 88 5
277 95 9
277 98 4
277 107 6
277 158 19
277 198 6
277 260 5
278 99 6
278 106 2
278 202 13
278 283 49
279 45 12
279 142 13
279 232 2
279 236 17
279 270 32
280 6 4
280 40 8
280 190 18
280 258 14
280 288 22
280 290 23
281 48 5
281 208 4
281 262 2
282 44 39
282 49 8
282 51 2
282 60 9
282 136 11
282 161 11
282 178 43
282 296 31
283 259 9
283 286 5
284 43 7
284 75 17
284 81 15
284 182 7
284 183 16
284 222 18
284 246 26
284 269 26
285 93 2
285 175 4
285 200 5
285 287 31
285 295 22
286 113 24
286 192 30
286 220 23
286 249 31
286 265 21
286 266 24
286 297 83
287 93 4
287 295 29
288 119 3
288 253 1
288 291 1
289 12 23
289 67 16
289 105 19
289 176 16
289 267 10
290 40 13
290 165 7
290 190 4
290 258 6
290 280 12
290 293 3
291 149 4
291 169 2
291 176 2
291 253 1
291 254 12
291 288 7
291 294 27
292 19 6
292 43 34
292 145 14
292 279 23
292 293 6
293 19 6
293 40 4
293 190 12
293 233 5
293 258 37
293 280 19
293 290 18
294 89 4
294 169 5
294 173 3
294 244 5
294 253 6
294 288 8
295 175 3
295 285 12
296 44 19
296 178 1
