0 2 23
0 18 4
0 34 20
0 46 23
0 62 9
0 64 21
0 79 15
0 81 19
0 87 28
0 94 17
0 136 12
0 148 3
0 186 31
0 192 11
0 202 29
0 205 15
1 3 4
1 5 10
1 10 25
1 12 19
1 19 15
1 20 20
1 39 15
1 47 2
1 48 31
1 54 26
1 67 25
1 118 5
1 152 51
1 155 48
1 173 7
1 218 39
1 220 46
1 228 15
1 254 23
1 264 42
2 20 21
2 37 15
2 41 4
2 42 18
2 65 28
2 96 7
2 97 14
2 106 58
2 117 27
2 140 38
2 150 15
2 164 37
2 201 9
2 228 34
2 242 41
2 259 11
2 273 70
3 4 8
3 6 9
3 21 21
3 38 14
3 40 21
3 57 40
3 67 29
3 68 34
3 69 40
3 90 18
3 131 18
3 136 11
3 137 16
3 168 11
3 190 13
3 199 24
3 275 21
3 284 20
4 18 10
4 49 17
4 85 10
4 89 1
4 158 8
4 162 18
4 179 42
4 193 42
4 200 13
4 214 11
4 222 16
4 248 2
4 286 13
5 18 5
5 63 11
5 64 34
5 72 16
5 76 8
5 145 2
5 169 25
5 170 16
5 189 9
5 214 1
5 237 21
5 242 18
5 245 26
5 256 10
5 258 22
5 262 42
5 297 33
6 0 3
6 7 1
6 17 14
6 55 1
6 59 27
6 60 9
6 107 8
6 118 3
6 127 29
6 142 9
6 181 10
6 185 7
6 197 7
6 212 5
6 232 19
6 234 14
6 236 16
6 239 1
7 9 1
7 31 6
7 33 19
7 72 8
7 100 9
7 127 5
7 141 2
7 175 7
7 182 3
7 220 21
7 251 35
7 291 12
7 296 39
8 4 25
8 11 18
8 13 20
8 29 18
8 44 21
8 49 41
8 63 9
8 85 13
8 89 15
8 116 30
8 145 2
8 151 36
8 152 20
8 200 30
8 212 16
8 220 45
8 222 31
8 232 2
8 233 8
8 248 3
8 251 45
8 266 27
9 7 6
9 10 1
9 99 20
9 107 19
9 111 12
9 122 18
9 154 5
9 167 2
9 230 28
9 232 11
9 237 18
9 263 34
9 269 10
9 291 28
10 8 16
10 12 8
10 39 1
10 48 16
10 54 22
10 56 8
10 143 2
10 152 25
10 155 24
10 173 8
10 226 4
10 242 19
10 271 27
11 5 6
11 19 7
11 49 5
11 112 6
11 115 22
11 192 13
11 197 12
11 214 3
11 217 19
11 222 13
11 234 59
11 252 30
11 262 30
11 269 15
11 279 12
11 297 50
12 7 2
12 29 4
12 37 29
12 39 11
12 43 14
12 48 3
12 50 3
12 54 5
12 108 14
12 136 4
12 152 10
12 155 15
12 171 21
12 173 19
12 228 6
12 264 26
13 4 4
13 44 10
13 49 12
13 58 1
13 60 7
13 71 15
13 85 11
13 172 22
13 200 13
13 209 6
13 223 5
13 233 24
13 239 2
13 245 10
13 248 3
14 146 9
14 174 4
14 189 2
14 237 3
14 290 17
15 21 12
15 33 13
15 36 13
15 135 13
15 190 2
15 204 18
15 227 47
15 257 45
15 267 32
15 270 24
15 272 36
15 276 24
15 288 26
16 7 27
16 31 31
16 65 46
16 95 14
16 97 1
16 141 24
16 175 31
16 182 26
16 185 10
16 212 10
16 214 6
16 251 51
16 263 34
16 283 30
16 296 19
17 6 22
17 55 6
17 60 7
17 81 16
17 121 10
17 127 15
17 164 15
17 181 3
17 184 3
17 185 24
17 197 24
17 201 15
17 232 20
17 236 42
17 239 9
17 283 24
18 5 4
18 64 18
18 76 14
18 129 8
18 134 19
18 151 12
18 169 18
18 223 3
18 245 10
18 264 8
18 281 49
18 286 23
19 4 21
19 11 2
19 22 41
19 61 25
19 64 22
19 112 11
19 148 11
19 160 38
19 164 43
19 177 6
19 183 11
19 188 34
19 192 23
19 196 9
19 214 28
19 220 37
19 222 10
19 234 40
19 271 60
20 42 11
20 97 4
20 116 40
20 134 21
20 161 18
20 170 8
20 175 9
20 210 25
20 215 22
20 273 43
21 14 19
21 23 22
21 35 8
21 52 23
21 73 7
21 78 19
21 120 6
21 138 17
21 146 28
21 158 8
21 202 8
21 250 7
21 270 18
21 272 21
21 290 16
22 11 20
22 43 15
22 70 11
22 105 2
22 118 8
22 121 30
22 139 11
22 176 1
22 205 9
22 213 1
22 234 2
22 236 9
22 271 35
22 282 7
23 14 43
23 21 16
23 35 28
23 52 17
23 78 17
23 102 13
23 128 8
23 146 10
23 180 11
23 204 5
23 257 14
23 267 14
23 272 16
23 288 9
23 290 23
24 0 23
24 6 11
24 14 44
24 16 23
24 22 16
24 34 10
24 39 9
24 44 29
24 46 32
24 47 11
24 51 14
24 52 31
24 81 27
24 87 52
24 94 45
24 118 17
24 121 44
24 158 9
24 258 48
25 0 7
25 43 8
25 118 4
25 139 4
25 155 11
25 156 5
25 157 18
25 180 10
25 183 16
25 222 16
25 264 14
25 273 13
26 77 1
26 102 7
26 143 14
26 146 8
26 194 7
26 210 8
26 259 4
26 265 2
27 114 7
27 178 9
27 197 1
27 229 10
27 261 13
28 62 8
28 68 2
28 75 13
28 101 9
28 147 5
28 187 10
28 213 7
28 225 7
28 227 16
28 258 16
28 284 17
29 0 3
29 4 26
29 8 1
29 13 10
29 18 1
29 64 2
29 172 25
29 200 47
29 205 7
29 212 7
29 220 24
29 233 7
29 248 4
29 280 18
30 134 3
30 159 12
30 165 5
30 169 13
30 179 4
30 187 8
30 191 13
30 196 1
30 241 1
30 242 2
30 246 2
30 275 8
30 280 10
30 284 12
31 7 3
31 95 14
31 121 6
31 127 2
31 141 5
31 175 12
31 182 2
31 197 10
31 232 2
31 272 13
31 296 13
32 18 27
32 35 20
32 40 15
32 58 13
32 59 14
32 66 22
32 71 20
32 82 3
32 88 10
32 92 11
32 106 20
32 113 22
32 124 19
32 132 21
32 156 2
32 158 7
32 192 3
33 68 9
33 75 3
33 92 7
33 179 20
33 227 8
33 293 3
34 24 4
34 46 24
34 51 2
34 79 16
34 81 11
34 87 15
34 94 11
34 102 20
34 145 2
34 156 5
34 212 8
34 238 26
34 241 23
34 269 7
34 285 29
35 14 17
35 78 43
35 138 1
35 146 31
35 174 30
35 178 13
35 225 25
35 243 3
35 290 13
36 11 7
36 15 27
36 62 1
36 84 5
36 135 12
36 152 10
36 158 10
36 204 18
36 225 20
36 243 21
36 257 55
36 267 43
36 272 44
36 288 36
36 290 13
37 26 20
37 74 12
37 96 10
37 140 23
37 176 3
37 195 4
37 198 3
37 259 27
37 264 14
38 28 7
38 52 4
38 62 11
38 68 18
38 88 12
38 170 23
38 189 13
38 204 19
38 227 34
38 231 2
38 258 13
39 2 27
39 10 10
39 47 8
39 48 8
39 49 15
39 54 14
39 93 37
39 96 20
39 115 31
39 140 15
39 152 18
39 155 36
39 164 21
39 173 26
39 174 46
39 208 20
39 228 7
39 277 56
40 17 15
40 33 33
40 55 14
40 75 16
40 84 51
40 92 36
40 149 27
40 153 13
40 156 25
40 158 12
40 221 19
40 223 16
40 248 9
40 286 26
40 293 37
41 1 5
41 2 7
41 20 52
41 42 19
41 94 20
41 97 11
41 108 3
41 115 48
41 117 11
41 141 28
41 145 21
41 150 21
41 172 49
41 201 13
41 212 11
41 215 46
41 226 8
42 2 2
42 20 5
42 41 7
42 97 5
42 117 4
42 122 1
42 150 11
42 174 25
42 192 23
42 201 13
42 206 20
42 215 2
42 221 24
42 267 13
42 268 1
42 282 29
42 291 33
43 25 2
43 173 2
43 221 10
43 222 3
43 264 1
44 4 7
44 8 10
44 13 8
44 29 4
44 49 34
44 71 22
44 125 3
44 133 22
44 140 8
44 159 27
44 174 33
44 200 34
44 233 23
44 236 9
44 242 34
44 248 8
44 253 11
44 256 14
44 262 11
45 28 22
45 36 4
45 38 22
45 62 3
45 68 21
45 70 25
45 135 7
45 147 3
45 189 22
45 195 7
45 204 25
45 227 52
45 231 2
45 257 32
45 258 24
46 73 10
46 92 31
46 94 43
46 97 11
46 145 5
46 149 31
46 202 23
46 206 17
46 287 40
46 293 40
47 2 22
47 10 9
47 12 18
47 39 9
47 41 12
47 48 10
47 51 1
47 54 12
47 93 30
47 117 15
47 118 15
47 120 4
47 132 25
47 139 15
47 152 26
47 155 10
47 173 44
47 196 32
47 228 22
47 266 11
48 12 8
48 54 32
48 108 11
48 143 4
48 152 31
48 155 7
48 213 3
48 222 5
48 228 12
48 239 16
48 280 19
48 290 30
48 294 68
49 13 13
49 29 7
49 30 7
49 85 4
49 93 16
49 144 9
49 162 45
49 166 8
49 220 7
49 233 20
49 248 6
50 37 18
50 55 15
50 71 13
50 73 15
50 74 8
50 96 23
50 109 5
50 140 19
50 172 27
50 195 14
50 208 13
50 215 3
50 234 11
50 259 3
51 0 15
51 3 4
51 24 14
51 34 24
51 46 78
51 54 20
51 79 60
51 81 18
51 87 23
51 94 79
51 118 29
51 125 36
51 137 38
51 141 17
51 142 8
51 153 37
51 169 16
51 233 41
51 247 21
51 264 47
52 14 45
52 21 17
52 33 11
52 35 12
52 62 9
52 78 51
52 113 1
52 146 19
52 253 6
52 257 33
52 258 10
52 287 22
52 290 41
53 27 32
53 65 9
53 130 6
53 235 10
53 261 8
53 283 11
54 12 10
54 39 11
54 55 8
54 143 24
54 152 11
54 155 6
54 173 10
54 181 17
54 194 21
54 228 11
54 232 4
54 266 26
54 268 16
55 6 6
55 16 14
55 17 1
55 127 3
55 154 17
55 181 11
55 232 14
55 236 28
55 239 1
56 94 9
56 101 6
56 137 12
56 187 4
56 206 5
56 225 30
56 227 24
56 233 11
56 243 22
56 267 17
56 285 8
56 290 15
57 14 31
57 90 5
57 118 19
57 131 9
57 136 21
57 157 29
57 168 26
57 184 15
57 187 30
57 199 26
57 243 20
57 275 15
57 290 29
58 32 14
58 35 31
58 38 7
58 52 8
58 57 2
58 66 16
58 82 14
58 93 8
58 148 3
58 158 19
58 187 40
58 189 12
58 192 2
58 204 26
58 225 13
59 60 3
59 68 10
59 141 1
59 178 11
59 197 31
59 213 11
59 235 26
59 296 25
60 65 9
60 99 15
60 121 12
60 178 9
60 213 32
60 216 15
60 224 4
60 225 11
60 230 13
60 235 21
61 65 17
61 71 17
61 103 2
61 116 15
61 132 13
61 162 5
61 163 1
61 210 2
61 211 16
61 220 35
61 229 16
61 252 5
61 294 11
62 28 9
62 35 4
62 45 8
62 68 18
62 110 4
62 147 2
62 204 2
62 227 31
62 231 5
62 250 32
62 258 35
62 259 13
63 59 35
63 70 21
63 72 5
63 105 20
63 120 1
63 125 26
63 126 21
63 142 10
63 209 14
63 234 14
63 276 16
63 280 10
64 11 2
64 18 20
64 30 6
64 106 27
64 165 16
64 169 27
64 280 16
65 27 22
65 53 26
65 83 1
65 114 5
65 197 25
65 227 10
65 229 9
65 261 16
65 282 23
65 283 19
66 25 5
66 96 11
66 118 3
66 146 1
66 189 16
66 231 15
66 258 23
66 272 9
66 297 44
67 38 16
67 45 15
67 57 19
67 69 27
67 90 8
67 131 24
67 136 13
67 161 33
67 168 9
67 189 2
67 199 23
67 231 4
67 275 4
68 28 7
68 38 10
68 102 25
68 144 2
68 149 12
68 227 11
68 284 6
68 294 21
69 3 9
69 4 6
69 57 13
69 67 12
69 76 13
69 90 25
69 131 3
69 136 3
69 137 32
69 168 1
69 170 33
69 199 15
69 202 7
69 245 28
69 275 8
69 278 26
70 63 1
70 125 6
70 142 2
70 163 8
70 189 3
70 207 14
71 61 25
71 116 25
71 161 6
71 162 33
71 163 27
71 186 2
71 211 9
71 215 13
71 220 25
71 226 7
71 254 25
71 294 35
72 70 33
72 105 9
72 114 4
72 125 2
72 142 16
72 175 10
72 209 34
72 216 3
72 217 12
72 229 9
72 276 28
73 33 7
73 133 5
73 179 19
73 202 11
73 203 8
73 227 10
73 240 8
73 288 9
73 289 11
73 292 28
73 295 36
74 37 5
74 50 3
74 70 22
74 96 5
74 140 13
74 141 5
74 172 17
74 176 13
74 195 23
74 208 7
74 259 10
74 276 31
75 30 1
75 33 20
75 40 4
75 92 18
75 94 12
75 128 9
75 133 17
75 156 16
75 223 18
75 248 11
75 274 16
75 275 15
75 283 13
76 5 12
76 18 2
76 33 28
76 62 15
76 64 31
76 74 1
76 111 34
76 125 6
76 147 25
76 156 19
76 169 50
76 245 11
76 254 6
76 273 29
76 289 13
76 290 35
77 26 18
77 80 21
77 102 30
77 104 3
77 118 14
77 143 7
77 251 8
77 265 19
78 14 13
78 101 12
78 146 8
78 174 21
78 225 8
78 250 15
78 290 7
79 0 4
79 13 3
79 24 11
79 46 16
79 81 4
79 84 9
79 87 23
79 94 26
79 119 6
79 153 22
79 179 19
79 236 24
79 240 24
79 274 14
79 287 36
80 26 8
80 102 14
80 189 1
80 265 9
80 271 15
80 282 2
81 24 12
81 34 23
81 46 37
81 51 26
81 58 4
81 78 19
81 79 4
81 87 18
81 94 23
81 156 14
81 179 19
81 192 37
81 240 34
81 267 27
81 270 11
81 281 19
82 25 17
82 32 16
82 46 14
82 54 9
82 66 51
82 115 17
82 148 25
82 157 20
82 158 11
82 169 4
82 192 12
82 206 13
82 244 7
82 250 21
83 28 16
83 65 10
83 80 30
83 173 5
83 197 14
83 210 20
83 215 16
83 218 20
83 252 29
83 265 33
83 271 19
83 282 16
83 283 54
83 290 16
84 33 7
84 75 22
84 86 4
84 133 16
84 152 8
84 156 3
84 223 16
84 238 10
84 250 5
84 272 5
85 13 8
85 29 8
85 44 25
85 49 57
85 61 24
85 63 19
85 74 14
85 89 7
85 150 5
85 163 21
85 184 6
85 200 34
85 203 19
85 212 23
85 214 5
85 226 47
85 233 10
86 129 4
86 193 19
86 238 16
86 244 16
86 250 6
86 281 10
86 286 9
86 292 5
87 0 12
87 34 3
87 46 18
87 81 2
87 86 22
87 94 10
87 129 18
87 233 5
87 242 18
87 250 26
87 281 16
87 286 31
87 287 19
87 289 25
88 14 3
88 45 4
88 56 10
88 101 14
88 137 24
88 161 45
88 187 36
88 204 14
88 225 31
88 243 2
89 1 3
89 4 75
89 8 15
89 13 14
89 29 31
89 34 9
89 44 55
89 49 24
89 67 9
89 85 11
89 118 19
89 145 20
89 158 22
89 177 16
89 194 16
89 200 32
89 211 9
89 212 31
89 233 47
89 248 2
89 294 43
90 3 3
90 6 12
90 10 16
90 25 11
90 57 6
90 67 2
90 82 4
90 131 11
90 136 2
90 137 8
90 157 24
90 168 1
90 180 14
90 199 3
90 244 14
90 275 9
91 65 23
91 76 6
91 103 17
91 143 11
91 145 1
91 160 15
91 179 30
91 186 43
91 205 43
91 207 68
91 211 9
91 226 19
91 246 42
91 247 29
91 255 9
91 277 86
92 33 14
92 75 7
92 84 16
92 124 19
92 221 15
92 223 35
92 270 16
92 274 9
93 110 4
93 132 12
93 143 8
93 177 4
93 218 18
93 219 10
93 249 18
93 266 11
93 271 25
93 297 25
94 4 2
94 34 5
94 38 22
94 55 1
94 87 2
94 250 22
94 281 5
94 295 3
95 7 21
95 9 12
95 16 13
95 31 45
95 72 21
95 84 5
95 100 10
95 119 3
95 141 27
95 164 17
95 182 26
95 209 2
95 251 40
95 296 41
96 37 7
96 50 1
96 74 9
96 140 2
96 172 2
96 195 5
96 208 3
96 211 5
96 259 2
96 273 30
97 2 4
97 20 24
97 22 14
97 41 3
97 55 3
97 73 42
97 117 13
97 125 9
97 148 10
97 150 12
97 201 9
97 233 16
97 246 17
97 261 53
97 285 81
98 106 17
98 138 28
98 149 2
98 151 4
98 240 2
98 274 21
98 285 22
98 286 4
98 287 5
98 292 6
98 293 41
99 31 12
99 107 2
99 154 4
99 224 3
99 230 3
99 236 4
99 263 1
100 7 21
100 16 7
100 31 30
100 83 34
100 95 33
100 99 13
100 125 11
100 141 17
100 175 13
100 182 43
100 195 34
100 251 40
100 263 7
100 283 29
100 296 57
101 56 9
101 187 23
101 225 10
101 243 14
101 249 4
101 267 11
101 290 14
102 80 16
102 251 4
102 273 15
103 70 21
103 160 15
103 166 7
103 186 43
103 205 18
103 207 41
103 234 13
103 246 7
103 247 1
103 277 22
104 37 2
104 68 13
104 93 24
104 110 42
104 121 9
104 132 28
104 147 14
104 149 20
104 177 9
104 218 20
104 219 10
104 249 22
104 266 18
104 268 29
104 271 6
104 289 10
105 18 1
105 70 34
105 72 4
105 74 9
105 77 17
105 120 9
105 125 1
105 126 8
105 209 8
105 215 11
105 276 2
105 278 17
106 280 7
106 285 4
106 293 10
107 26 26
107 96 11
107 99 5
107 111 7
107 122 6
107 154 13
107 167 1
107 197 7
107 230 31
107 235 20
107 237 2
107 263 20
108 26 23
108 86 38
108 129 35
108 188 5
108 193 3
108 211 5
108 238 43
108 244 9
108 269 2
108 281 8
108 286 16
109 27 26
109 53 33
109 114 10
109 130 23
109 186 10
109 224 18
109 229 18
109 239 2
109 241 6
109 261 34
109 283 25
109 289 2
110 25 2
110 93 6
110 101 8
110 132 35
110 218 17
110 219 17
110 249 8
110 261 12
111 9 34
111 27 17
111 31 21
111 41 15
111 59 6
111 74 3
111 99 31
111 107 26
111 167 9
111 230 28
111 237 31
111 263 18
111 287 33
112 10 3
112 11 14
112 22 22
112 45 23
112 64 15
112 80 24
112 92 16
112 118 8
112 138 40
112 151 41
112 204 26
112 210 17
112 214 12
112 222 38
112 234 15
112 271 49
112 282 30
112 292 38
113 33 27
113 80 13
113 147 24
113 157 8
113 161 21
113 170 4
113 180 19
113 257 12
113 284 31
114 15 3
114 27 20
114 53 27
114 99 4
114 109 3
114 171 7
114 178 8
114 197 8
114 229 2
114 261 7
114 282 6
114 283 15
115 64 4
115 128 24
115 164 18
115 215 16
115 219 12
115 252 9
115 260 15
115 279 1
115 297 35
116 162 13
116 163 10
116 196 8
116 220 18
116 254 5
116 279 1
116 288 16
116 294 11
117 2 4
117 20 24
117 26 16
117 41 4
117 42 21
117 65 15
117 86 40
117 97 11
117 110 24
117 129 10
117 135 32
117 150 2
117 172 7
117 204 24
117 215 1
117 217 21
117 259 17
117 283 16
118 43 2
118 124 3
118 131 3
118 198 6
118 206 9
118 222 15
118 236 6
118 255 2
119 36 2
119 56 19
119 88 28
119 92 5
119 101 23
119 137 10
119 152 3
119 168 12
119 187 45
119 206 27
119 225 31
119 243 44
119 267 24
119 272 20
119 288 10
120 28 11
120 63 23
120 70 37
120 72 15
120 105 7
120 113 21
120 125 23
120 127 8
120 142 15
120 200 15
120 209 1
120 254 11
121 59 12
121 70 8
121 109 1
121 113 32
121 146 2
121 150 7
121 154 1
121 178 31
121 189 31
121 213 26
121 216 3
121 224 3
121 230 2
122 11 20
122 99 18
122 111 10
122 123 31
122 154 12
122 167 3
122 197 7
122 216 5
122 221 10
122 230 33
122 235 42
122 237 27
122 283 7
123 27 12
123 126 1
123 164 7
123 217 3
123 262 11
123 276 16
123 278 9
123 291 14
124 23 5
124 32 1
124 35 24
124 58 13
124 66 14
124 68 17
124 82 3
124 119 22
124 158 8
124 168 11
124 189 21
124 192 5
124 209 14
124 227 12
124 293 23
125 10 17
125 56 10
125 70 18
125 72 18
125 105 15
125 120 5
125 123 13
125 171 8
125 209 4
125 254 5
126 123 9
126 191 4
126 217 8
126 241 11
126 253 7
126 256 14
126 262 1
126 275 3
126 276 24
126 291 13
127 6 14
127 55 10
127 130 10
127 181 5
127 205 13
127 232 17
127 236 6
127 239 3
127 243 8
127 261 12
128 115 6
128 164 14
128 252 14
128 260 16
128 279 16
128 285 31
128 291 7
128 297 25
129 75 8
129 86 16
129 193 33
129 223 2
129 229 15
129 238 9
129 244 19
129 281 12
129 286 4
130 27 14
130 33 7
130 53 13
130 65 6
130 109 12
130 114 12
130 171 24
130 182 20
130 197 15
130 229 28
130 241 11
130 254 12
130 261 11
130 283 14
131 3 1
131 36 21
131 67 10
131 69 1
131 90 23
131 144 35
131 168 10
131 199 11
131 203 4
131 221 14
131 225 39
131 275 12
131 284 18
132 93 7
132 219 18
132 268 10
132 280 1
132 282 7
133 73 2
133 179 8
133 202 10
133 240 9
133 250 18
133 292 17
133 295 38
134 30 3
134 70 15
134 77 3
134 159 3
134 241 4
134 242 7
135 78 14
135 101 4
135 174 15
135 204 19
135 225 10
135 257 26
135 258 12
135 261 8
135 267 16
135 272 23
135 273 8
135 288 21
136 28 24
136 35 25
136 57 7
136 67 2
136 69 4
136 73 33
136 90 1
136 94 7
136 101 27
136 131 7
136 146 36
136 168 27
136 275 16
137 15 8
137 17 20
137 56 5
137 101 19
137 135 6
137 180 9
137 187 18
137 189 14
137 225 34
137 243 26
137 258 7
138 98 13
138 106 8
138 151 10
138 161 9
138 174 5
138 285 3
138 287 20
138 293 17
139 25 3
139 43 30
139 80 3
139 118 24
139 156 12
139 183 7
139 222 18
139 249 21
139 264 9
139 266 9
139 271 18
140 37 2
140 74 8
140 96 14
140 99 23
140 107 13
140 172 4
140 195 17
140 208 8
140 259 10
140 283 21
141 31 4
141 74 18
141 98 15
141 175 14
141 182 2
141 203 4
141 204 19
141 251 32
141 296 28
142 22 17
142 63 10
142 70 20
142 72 17
142 103 2
142 105 7
142 107 14
142 123 1
142 125 29
142 143 26
142 145 8
142 182 27
142 209 55
142 230 12
142 237 8
142 278 27
143 26 10
143 30 2
143 77 2
143 80 28
143 102 32
143 194 3
143 196 28
143 210 14
143 218 1
143 271 25
143 282 9
144 14 3
144 113 18
144 147 1
144 157 3
144 180 19
144 270 2
144 277 6
144 284 3
145 5 27
145 18 29
145 22 5
145 48 4
145 64 40
145 76 23
145 118 15
145 167 4
145 169 32
145 183 3
145 185 26
145 245 19
146 14 5
146 23 5
146 28 5
146 53 3
146 78 4
146 174 21
146 195 2
146 273 42
146 290 6
147 113 3
147 144 8
147 157 12
147 161 17
147 170 5
147 174 20
147 180 19
147 190 4
147 245 9
147 267 2
147 284 9
148 14 48
148 22 10
148 32 11
148 36 15
148 58 38
148 62 12
148 66 52
148 124 30
148 158 19
148 174 26
148 192 10
148 233 18
148 247 10
148 273 29
148 290 14
149 98 5
149 106 19
149 138 16
149 144 5
149 174 1
149 287 12
149 294 3
150 2 19
150 10 1
150 20 21
150 42 28
150 118 16
150 147 13
150 197 11
150 201 35
150 203 25
150 208 6
150 209 26
150 295 43
151 70 2
151 98 6
151 103 2
151 106 26
151 138 2
151 149 31
151 250 16
151 285 16
151 287 9
151 293 1
152 12 3
152 43 6
152 102 30
152 155 9
152 173 11
152 209 11
152 288 15
153 13 2
153 33 31
153 38 13
153 40 4
153 64 2
153 75 13
153 76 16
153 84 11
153 92 8
153 169 10
153 223 33
153 245 23
153 285 21
154 9 3
154 31 21
154 99 13
154 107 3
154 111 15
154 167 6
154 230 34
154 232 12
154 235 20
154 237 15
154 263 17
155 23 9
155 40 1
155 152 2
155 173 4
155 219 6
155 249 9
155 270 5
156 33 22
156 62 2
156 75 22
156 84 1
156 92 7
156 153 20
156 189 31
156 223 18
156 238 12
156 257 18
156 272 19
157 113 8
157 144 19
157 147 2
157 161 8
157 258 2
157 268 2
157 270 14
157 284 10
158 45 4
158 56 17
158 58 4
158 66 24
158 82 4
158 124 9
158 144 12
158 189 27
158 192 8
158 227 32
158 263 20
159 134 5
159 191 8
159 241 15
159 260 9
159 262 1
159 277 18
160 91 3
160 103 19
160 105 5
160 186 24
160 189 14
160 205 38
160 207 17
160 234 2
160 246 21
160 247 9
160 276 5
160 277 45
161 101 1
161 144 12
161 157 1
161 180 9
161 190 24
161 270 4
161 284 1
162 61 14
162 91 7
162 116 2
162 129 8
162 163 22
162 211 8
162 220 27
162 223 18
162 245 4
162 294 31
163 61 1
163 116 4
163 191 16
163 220 3
163 294 3
164 115 7
164 123 1
164 128 2
164 260 18
164 278 19
164 279 1
164 297 34
165 30 14
165 134 22
165 146 11
165 240 8
165 250 6
165 285 12
166 27 26
166 85 9
166 98 29
166 123 38
166 126 12
166 217 60
166 245 19
166 252 15
166 253 34
166 256 31
166 262 50
166 276 22
166 278 39
166 291 37
167 9 16
167 99 13
167 107 13
167 111 12
167 112 6
167 122 13
167 150 17
167 154 17
167 189 38
167 199 16
167 209 2
167 213 4
167 230 22
167 237 40
167 263 35
167 296 12
168 69 18
168 78 45
168 88 12
168 90 6
168 92 12
168 189 38
168 275 13
168 288 24
169 5 9
169 64 12
169 79 6
169 84 4
169 193 8
169 223 9
169 238 31
169 293 11
169 295 20
170 113 19
170 144 18
170 147 17
170 157 12
170 161 8
170 180 17
170 219 16
170 270 24
170 273 31
170 284 7
170 288 5
171 16 6
171 26 10
171 27 17
171 53 25
171 59 14
171 65 11
171 109 13
171 114 8
171 178 17
171 229 30
171 261 11
171 263 5
172 37 20
172 42 13
172 74 1
172 96 16
172 140 8
172 195 8
172 215 7
172 259 21
173 10 8
173 28 21
173 48 4
173 54 9
173 106 25
173 112 10
173 139 22
173 152 14
173 155 7
173 210 5
173 228 9
173 252 29
173 292 29
174 238 7
174 273 5
174 289 14
174 290 10
175 7 5
175 95 19
175 100 9
175 120 4
175 140 10
175 141 16
175 182 15
175 223 12
175 251 17
175 259 18
175 261 6
175 296 16
176 37 21
176 43 24
176 50 17
176 74 9
176 96 32
176 140 5
176 172 15
176 195 2
176 208 14
176 235 20
176 259 6
176 264 16
177 93 7
177 104 15
177 110 47
177 132 35
177 155 13
177 176 10
177 194 7
177 218 26
177 219 17
177 222 7
177 249 8
177 266 44
177 268 5
178 59 1
178 213 3
178 224 2
178 229 11
178 243 4
178 283 32
179 202 2
179 203 1
179 238 3
179 240 30
179 289 9
179 292 36
179 293 7
179 295 19
180 113 8
180 144 6
180 147 13
180 157 5
180 202 8
180 270 20
180 273 5
180 284 8
181 6 10
181 17 2
181 55 9
181 98 40
181 117 10
181 118 3
181 127 1
181 185 8
181 224 18
181 232 17
181 236 8
181 239 16
181 275 20
182 7 5
182 20 7
182 31 22
182 141 8
182 175 11
182 207 18
182 229 10
182 244 12
182 251 12
182 296 23
183 21 8
183 25 32
183 43 30
183 64 3
183 104 3
183 110 16
183 118 15
183 120 15
183 139 19
183 172 34
183 177 3
183 198 17
183 206 22
183 222 34
183 264 18
184 6 21
184 17 12
184 19 10
184 55 14
184 58 8
184 82 1
184 95 19
184 100 14
184 127 26
184 138 40
184 181 19
184 185 40
184 232 63
184 236 49
184 239 30
184 255 3
185 17 7
185 25 22
185 53 14
185 55 24
185 127 14
185 139 16
185 181 34
185 214 13
185 232 30
185 236 26
185 239 4
185 282 9
185 296 3
186 103 12
186 160 6
186 163 44
186 205 23
186 207 12
186 246 8
186 247 2
186 260 23
186 277 19
187 14 10
187 56 7
187 77 1
187 135 3
187 225 1
187 257 12
187 297 3
188 86 47
188 108 21
188 129 35
188 132 15
188 193 37
188 233 13
188 238 9
188 244 3
188 252 10
188 281 12
188 286 2
189 88 8
189 101 2
189 146 6
189 174 33
189 237 10
189 257 12
189 288 7
190 113 27
190 144 18
190 147 10
190 157 20
190 161 38
190 170 9
190 180 9
190 187 12
190 267 16
190 270 17
190 284 40
191 86 6
191 128 10
191 134 15
191 159 8
191 163 22
191 165 19
191 241 24
191 242 18
191 250 15
191 280 17
191 282 5
192 5 22
192 29 5
192 32 2
192 58 2
192 66 35
192 82 44
192 119 14
192 124 12
192 131 7
192 148 8
192 155 9
192 158 14
192 206 27
192 214 7
193 108 8
193 238 33
193 295 40
194 26 60
194 77 36
194 80 15
194 102 43
194 143 14
194 210 2
194 211 10
194 265 42
194 268 3
194 271 45
194 294 94
194 297 25
195 22 6
195 37 17
195 43 5
195 50 5
195 74 15
195 96 26
195 172 9
195 176 14
195 259 23
195 271 24
196 26 9
196 77 6
196 80 44
196 93 14
196 102 58
196 110 17
196 143 16
196 180 15
196 194 14
196 210 17
196 259 9
196 265 7
196 266 2
196 273 7
197 53 10
197 65 2
197 111 3
197 213 9
197 229 1
197 280 4
197 283 7
198 25 8
198 37 18
198 43 56
198 61 24
198 77 7
198 139 25
198 176 19
198 183 11
198 206 34
198 220 2
198 222 46
198 264 30
198 271 62
198 282 10
199 3 11
199 22 29
199 69 4
199 90 14
199 136 31
199 149 33
199 168 19
199 237 4
199 275 31
199 293 18
200 13 1
200 29 5
200 44 9
200 49 19
200 159 10
200 253 4
201 2 17
201 20 42
201 42 17
201 50 15
201 63 16
201 70 18
201 74 18
201 97 7
201 105 18
201 117 15
201 150 4
201 205 1
201 207 27
202 133 18
202 179 4
202 221 8
202 227 15
202 240 12
202 289 5
202 292 15
202 295 25
203 14 7
203 98 15
203 133 35
203 166 9
203 179 2
203 202 42
203 240 32
203 274 1
203 289 1
203 292 37
203 295 38
204 36 8
204 67 5
204 120 2
204 135 1
204 189 4
204 227 3
204 257 21
204 267 23
204 272 16
204 288 41
205 106 17
205 207 13
205 246 6
205 273 15
205 277 5
206 25 6
206 40 13
206 43 20
206 124 13
206 138 9
206 139 8
206 156 10
206 222 18
206 264 22
207 70 17
207 128 5
207 134 13
207 160 3
207 205 4
207 277 15
208 26 13
208 37 27
208 49 12
208 50 16
208 74 26
208 96 19
208 140 18
208 172 27
208 176 26
208 179 26
208 195 48
208 198 23
208 200 7
208 234 13
208 259 21
208 265 29
209 29 3
209 70 15
209 105 9
209 120 6
209 125 20
209 160 8
209 164 5
209 187 40
209 265 12
210 26 21
210 77 18
210 80 16
210 102 39
210 106 34
210 194 10
210 249 12
210 264 12
210 265 15
210 271 22
211 61 21
211 71 2
211 93 14
211 116 35
211 162 14
211 163 16
211 220 6
211 254 16
211 287 3
211 294 10
212 4 30
212 13 3
212 20 12
212 44 3
212 49 44
212 60 12
212 125 8
212 200 14
212 233 1
212 242 9
212 248 27
212 275 2
213 178 15
213 197 5
213 235 4
213 273 4
213 283 5
214 8 6
214 11 16
214 19 2
214 22 24
214 44 4
214 112 5
214 150 8
214 157 15
214 159 51
214 162 30
214 226 3
214 234 19
214 241 21
214 245 13
214 247 6
215 20 4
215 49 2
215 83 22
215 116 8
215 237 1
215 271 44
215 282 46
215 294 45
216 18 9
216 23 13
216 32 2
216 59 16
216 60 2
216 114 10
216 121 26
216 130 4
216 178 29
216 213 52
216 224 1
216 235 20
216 241 19
217 123 1
217 126 5
217 182 9
217 224 8
217 253 4
217 256 17
217 262 11
217 276 5
217 291 31
218 93 9
218 104 11
218 110 10
218 132 36
218 154 7
218 177 30
218 219 19
218 249 18
218 266 4
218 268 30
218 294 30
219 93 5
219 102 22
219 104 13
219 265 5
219 266 2
220 71 3
220 103 6
220 116 6
220 154 3
220 163 2
220 294 15
221 73 5
221 98 34
221 106 36
221 138 54
221 149 34
221 151 46
221 273 17
221 274 2
221 285 41
221 287 38
221 293 40
222 25 1
222 43 1
222 139 11
222 207 10
223 33 34
223 40 6
223 75 5
223 84 21
223 153 6
223 159 7
223 162 15
223 169 17
223 249 11
224 23 13
224 27 26
224 59 18
224 60 3
224 121 21
224 178 38
224 213 15
224 216 11
224 235 42
224 252 10
224 261 12
224 291 18
225 14 20
225 88 7
225 101 3
225 187 3
225 288 4
226 5 8
226 115 14
226 128 17
226 164 4
226 204 24
226 247 2
226 252 31
226 260 29
226 279 5
226 282 8
226 285 37
226 297 90
227 68 14
227 270 4
228 10 2
228 11 15
228 12 21
228 39 6
228 48 7
228 60 24
228 106 42
228 116 23
228 152 34
228 155 54
228 163 29
228 173 14
228 214 15
228 278 18
229 27 15
229 53 15
229 99 3
229 114 3
229 261 2
229 283 19
230 31 10
230 42 1
230 99 4
230 122 6
230 213 5
230 237 4
230 263 10
230 276 8
231 28 25
231 38 6
231 45 19
231 52 12
231 62 8
231 66 10
231 68 50
231 77 34
231 110 1
231 137 14
231 190 12
231 218 18
231 222 3
231 227 24
231 258 26
231 273 31
232 16 6
232 35 2
232 109 19
232 127 15
232 236 11
232 239 2
233 4 14
233 11 7
233 29 5
233 200 15
233 212 1
233 242 2
233 295 37
234 22 16
234 71 22
234 112 6
234 181 15
234 208 9
234 215 8
234 222 21
234 254 36
234 271 50
234 293 25
235 60 1
235 92 9
235 121 6
235 130 7
235 168 1
235 178 17
235 197 8
235 213 19
236 60 31
236 92 1
236 181 16
236 232 5
236 283 35
236 287 25
237 99 14
237 107 2
237 115 7
237 230 3
238 86 2
238 129 7
238 193 11
238 267 6
239 6 11
239 17 8
239 27 17
239 55 5
239 56 23
239 127 13
239 181 22
239 185 30
239 232 16
239 236 38
239 283 31
239 296 22
240 73 16
240 86 21
240 174 24
240 179 18
240 250 14
240 289 6
240 295 31
241 30 1
241 128 17
241 134 17
241 163 4
241 242 1
241 274 10
241 279 4
241 280 13
242 30 3
242 134 11
242 159 36
242 165 12
242 191 13
242 241 8
242 280 5
242 295 5
243 14 19
243 78 38
243 88 9
243 187 11
243 191 2
243 225 42
243 290 10
244 86 12
244 108 2
244 129 3
244 157 26
244 188 1
244 193 25
244 229 8
244 238 23
244 268 10
244 269 1
244 286 13
245 18 7
245 64 44
245 76 6
245 160 1
245 169 6
245 247 9
245 252 27
245 269 3
246 160 9
246 186 20
246 205 9
246 207 53
246 247 14
246 253 30
246 277 75
246 296 25
246 297 116
247 91 1
247 103 2
247 117 29
247 133 15
247 160 14
247 186 14
247 188 25
247 191 9
247 200 16
247 205 30
247 207 28
247 213 14
247 277 15
248 4 13
248 11 12
248 13 8
248 49 6
248 85 12
248 134 25
248 153 11
248 200 21
248 207 20
248 233 2
248 245 6
249 104 3
249 110 8
249 132 20
249 218 2
249 219 24
249 266 1
249 268 13
249 271 7
249 277 16
250 133 2
250 165 12
250 257 20
250 271 6
250 272 12
250 274 13
250 283 1
250 284 14
250 289 3
250 295 15
251 31 23
251 175 11
251 178 31
251 190 9
252 128 3
252 133 24
252 164 15
252 260 3
252 297 49
253 123 10
253 126 1
253 165 4
253 256 21
253 276 12
253 278 11
253 280 6
253 291 22
254 30 4
254 61 20
254 116 3
254 162 7
254 163 52
254 198 9
254 200 10
254 211 2
254 220 41
254 294 13
255 15 33
255 91 13
255 103 17
255 113 13
255 126 9
255 160 18
255 186 42
255 205 26
255 207 62
255 209 17
255 243 23
255 246 30
255 247 22
255 277 39
256 123 9
256 134 11
256 159 23
256 262 12
256 276 24
256 278 9
256 291 25
257 147 6
257 190 5
257 267 3
257 288 2
258 15 1
258 33 18
258 38 21
258 43 18
258 68 18
258 180 22
258 227 16
259 50 14
259 96 5
259 114 6
259 172 4
259 176 7
259 195 11
259 208 8
259 215 9
260 52 11
260 115 17
260 128 6
260 134 24
260 165 4
260 252 13
260 297 22
261 27 20
261 53 19
261 114 11
261 130 4
261 162 20
261 171 5
261 176 10
261 178 24
261 229 2
262 64 10
262 123 17
262 126 6
262 217 17
262 253 7
262 276 5
262 278 32
262 291 25
263 99 13
263 100 10
263 107 25
263 122 12
263 230 23
263 237 16
264 25 6
264 43 17
264 77 19
264 104 14
264 118 14
264 161 31
264 206 12
264 222 19
265 26 9
265 43 10
265 77 8
265 80 8
265 102 10
265 143 4
265 194 5
265 196 5
265 210 3
265 261 9
265 271 6
266 93 1
266 110 7
266 132 15
266 155 8
266 190 6
266 218 23
266 219 18
266 249 8
267 78 10
267 88 5
267 204 4
267 257 10
267 272 5
267 288 17
268 93 16
268 110 6
268 132 15
268 177 13
268 219 15
268 235 12
268 236 5
268 249 6
268 266 13
269 86 56
269 108 21
269 129 22
269 188 34
269 193 46
269 195 20
269 216 13
269 238 32
269 244 14
269 279 12
269 281 26
269 286 46
270 92 7
270 113 23
270 144 9
270 147 21
270 157 21
270 161 12
270 170 5
270 180 4
270 190 7
270 257 4
271 61 20
271 80 2
271 250 3
272 27 1
272 227 3
272 257 24
272 267 3
272 288 33
273 102 12
273 165 4
273 174 17
273 205 7
273 250 2
274 34 17
274 86 2
274 98 5
274 151 14
274 165 12
274 193 21
274 202 36
274 203 5
274 241 25
274 242 2
274 250 17
274 292 27
275 57 9
275 67 5
275 69 7
275 106 24
275 131 4
275 136 15
275 168 1
275 199 11
276 166 2
276 217 13
276 256 11
276 278 5
276 291 13
277 205 1
277 207 3
278 123 13
278 126 11
278 217 20
278 253 10
278 256 6
278 262 19
278 276 26
278 291 8
279 115 6
279 159 15
279 164 2
279 165 63
279 226 34
279 252 40
279 260 55
279 297 88
280 106 3
280 134 17
280 159 11
280 165 30
280 191 19
280 242 7
280 273 7
281 86 10
281 108 15
281 188 7
281 193 31
281 238 25
281 244 21
281 286 12
282 26 3
282 37 3
282 65 6
282 83 5
282 143 5
282 271 20
283 197 3
283 235 1
284 30 10
284 113 15
284 147 19
284 157 1
284 161 3
284 170 3
284 180 13
284 190 10
284 270 15
285 106 13
285 138 3
285 149 39
285 151 3
285 287 6
285 293 4
286 108 24
286 129 17
286 188 7
286 191 10
286 193 10
286 238 53
286 281 7
287 68 5
287 98 3
287 106 31
287 138 3
287 149 25
287 151 6
288 88 1
288 101 1
288 257 11
288 267 13
289 133 31
289 169 6
289 179 20
289 202 2
289 203 7
289 250 10
289 292 25
289 295 30
290 21 2
290 35 12
290 78 1
290 146 6
290 187 18
290 225 11
291 126 12
291 253 1
291 256 23
291 276 8
292 133 3
292 202 11
292 240 18
292 295 19
293 106 10
293 138 20
293 149 24
293 285 14
293 287 17
294 61 7
294 116 22
294 163 3
294 211 8
294 220 21
294 254 2
295 179 3
295 292 7
296 182 4
296 251 18
