0 1 9
0 31 18
0 35 1
0 36 16
0 38 17
0 78 13
0 80 19
0 95 5
0 109 7
0 122 17
0 123 9
0 141 7
0 174 30
0 249 36
0 265 21
0 266 29
0 286 12
0 292 32
1 4 2
1 22 26
1 42 18
1 46 48
1 60 16
1 76 5
1 91 14
1 157 3
1 195 25
1 202 24
1 231 55
1 240 9
1 258 54
1 260 22
1 265 16
1 271 40
1 278 10
2 20 29
2 32 17
2 86 3
2 89 5
2 169 22
2 221 14
2 247 18
2 251 36
2 282 57
2 289 48
3 0 17
3 2 10
3 4 11
3 5 4
3 9 1
3 46 5
3 64 17
3 65 7
3 101 78
3 133 25
3 134 30
3 138 13
3 167 19
3 197 52
3 211 13
3 224 35
3 225 41
3 299 46
4 7 27
4 8 17
4 21 14
4 30 42
4 48 48
4 91 34
4 102 1
4 111 47
4 131 4
4 138 1
4 142 13
4 148 21
4 186 14
4 211 35
4 260 8
4 262 29
4 300 27
5 2 20
5 24 12
5 25 2
5 29 13
5 85 68
5 90 9
5 99 19
5 106 22
5 107 6
5 108 28
5 115 11
5 116 5
5 121 28
5 137 14
5 182 50
5 190 27
5 208 44
5 251 18
6 1 27
6 5 14
6 20 23
6 21 11
6 35 24
6 42 40
6 47 21
6 64 43
6 70 13
6 88 9
6 99 44
6 102 25
6 107 13
6 131 30
6 147 20
6 150 32
6 153 23
6 228 15
6 244 14
6 272 54
7 57 8
7 81 7
7 121 1
7 171 15
7 177 8
7 207 6
7 210 10
7 223 3
7 230 6
7 231 2
7 274 15
7 289 31
7 292 18
7 299 21
8 42 11
8 43 13
8 57 3
8 125 1
8 180 4
8 219 21
8 232 4
8 257 15
8 268 6
8 287 25
9 3 5
9 27 42
9 38 18
9 61 5
9 65 18
9 71 11
9 101 32
9 133 25
9 134 31
9 138 34
9 143 12
9 162 5
9 197 16
9 222 22
9 291 62
10 5 19
10 11 54
10 12 15
10 24 1
10 25 16
10 37 5
10 52 24
10 72 14
10 85 3
10 106 18
10 107 48
10 108 5
10 110 2
10 115 9
10 116 24
10 126 8
10 132 10
10 167 40
10 209 2
10 280 38
11 12 16
11 14 11
11 26 15
11 64 14
11 67 8
11 87 9
11 124 13
11 139 3
11 149 11
11 181 14
11 267 1
11 275 14
11 288 59
12 63 1
12 72 2
12 122 15
12 139 10
12 141 3
12 149 5
12 228 53
12 265 6
12 275 20
13 16 9
13 65 9
13 126 8
13 165 7
13 172 11
13 176 8
13 225 16
13 241 13
13 251 5
13 272 25
13 280 5
13 296 14
14 11 18
14 19 10
14 26 6
14 73 2
14 87 43
14 122 1
14 175 7
14 181 3
14 260 9
14 275 20
14 288 34
15 66 11
15 83 3
15 177 13
15 180 14
15 191 6
15 193 6
15 232 3
15 233 9
15 279 10
15 287 9
15 300 43
16 13 15
16 126 8
16 172 28
16 225 34
16 251 7
16 252 11
16 272 32
16 280 16
16 296 29
17 2 34
17 9 5
17 20 1
17 32 26
17 33 9
17 49 3
17 54 1
17 55 2
17 86 1
17 93 8
17 118 9
17 120 16
17 131 11
17 146 8
17 156 20
17 187 19
17 200 14
17 221 53
17 227 16
17 247 46
18 253 7
18 282 7
19 58 14
19 128 2
19 145 37
19 190 18
19 220 11
19 226 32
19 252 40
19 256 33
19 260 29
19 271 22
19 273 37
20 9 3
20 32 1
20 33 2
20 86 11
20 93 20
20 119 5
20 187 24
20 221 6
20 283 21
20 289 29
20 290 34
21 7 38
21 28 14
21 35 26
21 64 32
21 99 20
21 104 23
21 114 3
21 131 9
21 147 2
21 217 1
21 233 26
21 253 23
21 269 51
21 292 9
22 1 7
22 32 19
22 76 11
22 79 10
22 144 6
22 156 17
22 163 26
22 224 19
22 231 29
22 246 11
22 295 33
23 18 44
23 113 6
23 282 28
23 285 15
23 298 49
23 299 22
24 5 7
24 10 1
24 15 27
24 25 19
24 78 15
24 85 4
24 86 21
24 107 6
24 108 9
24 114 10
24 115 14
24 126 11
24 132 13
24 178 18
24 182 24
24 229 42
24 260 13
25 5 17
25 16 49
25 19 13
25 32 9
25 85 10
25 89 19
25 106 26
25 107 21
25 115 11
25 132 5
25 170 13
25 178 11
25 182 16
25 260 14
25 269 14
26 12 22
26 14 4
26 67 27
26 87 15
26 90 9
26 105 27
26 175 40
26 190 14
26 198 25
26 261 9
26 265 7
26 288 27
27 208 20
27 222 3
27 263 10
27 272 16
27 281 14
27 285 12
28 34 20
28 62 36
28 130 20
28 158 21
28 183 49
28 195 2
28 219 12
28 239 29
28 247 2
28 257 33
28 279 46
28 287 22
29 51 11
29 87 5
29 160 4
29 162 31
29 216 2
29 243 18
29 255 21
29 259 17
29 281 5
29 293 8
30 4 1
30 34 31
30 48 14
30 56 2
30 102 7
30 104 20
30 111 15
30 127 1
30 148 8
30 162 14
30 199 18
30 215 30
30 233 19
31 0 9
31 29 11
31 36 11
31 123 20
31 141 12
31 147 12
31 174 31
31 186 13
31 249 28
31 265 17
31 266 10
31 283 16
32 86 7
32 187 3
32 241 19
32 276 17
32 284 22
33 2 14
33 17 4
33 32 29
33 35 8
33 86 24
33 108 23
33 118 17
33 140 18
33 180 16
33 206 17
33 221 19
33 276 36
33 278 34
34 23 2
34 53 16
34 62 20
34 72 1
34 130 39
34 158 14
34 183 44
34 186 2
34 195 4
34 239 11
34 279 27
35 6 7
35 13 5
35 47 10
35 64 12
35 99 11
35 109 6
35 114 29
35 131 32
35 147 18
35 151 24
35 176 9
35 211 13
35 228 29
35 272 22
35 289 16
35 296 28
36 0 12
36 25 5
36 27 39
36 31 6
36 38 12
36 45 2
36 60 10
36 123 30
36 174 15
36 181 19
36 205 15
36 227 6
36 249 52
36 265 45
36 266 10
37 19 30
37 60 1
37 64 31
37 128 20
37 145 13
37 154 17
37 170 3
37 178 11
37 226 22
37 252 34
37 256 70
37 258 44
37 260 73
37 266 20
37 271 13
37 273 16
37 288 14
38 0 3
38 31 13
38 67 16
38 95 7
38 123 25
38 146 11
38 150 11
38 174 19
38 197 10
38 249 26
38 265 24
38 266 6
39 11 2
39 27 12
39 52 4
39 94 3
39 164 1
39 192 18
39 197 27
39 201 5
39 208 37
39 220 12
39 222 14
39 259 8
39 286 14
39 291 43
40 8 35
40 23 36
40 38 4
40 45 26
40 70 3
40 71 4
40 88 8
40 92 23
40 110 12
40 113 13
40 121 36
40 146 12
40 183 31
40 217 7
40 262 25
40 294 21
41 58 23
41 61 13
41 143 6
41 179 10
41 185 11
41 187 12
41 196 6
41 206 2
41 245 14
41 258 16
41 261 35
41 263 31
41 270 20
41 298 25
42 49 2
42 54 16
42 56 32
42 58 36
42 88 10
42 175 2
42 178 20
42 182 4
42 206 28
42 263 21
42 282 28
42 284 16
43 8 21
43 57 13
43 63 13
43 125 20
43 180 5
43 203 31
43 219 28
43 232 15
43 257 1
43 269 15
43 287 26
43 300 16
44 7 40
44 23 41
44 40 9
44 70 33
44 71 9
44 92 8
44 93 10
44 110 28
44 121 39
44 146 24
44 147 41
44 155 18
44 166 40
44 203 17
44 217 16
44 241 52
44 262 26
44 289 54
44 300 54
45 7 13
45 18 62
45 58 23
45 89 9
45 161 40
45 189 19
45 215 45
45 234 29
45 235 25
45 253 48
45 270 1
45 282 37
46 4 2
46 22 20
46 41 17
46 52 20
46 54 7
46 58 17
46 88 10
46 185 35
46 190 27
46 206 2
46 217 27
46 222 24
46 231 35
46 258 26
47 21 17
47 24 10
47 64 54
47 88 2
47 99 23
47 114 20
47 115 3
47 125 18
47 131 39
47 142 12
47 147 38
47 161 36
47 172 15
47 193 14
47 214 22
47 251 20
48 30 8
48 88 12
48 91 17
48 102 15
48 109 7
48 111 22
48 113 23
48 148 6
48 194 5
48 195 21
48 211 24
48 239 13
48 298 11
49 42 4
49 56 11
49 58 21
49 82 15
49 99 1
49 135 33
49 145 8
49 163 16
49 178 5
49 214 30
49 230 33
49 258 17
49 263 43
49 276 37
49 278 11
50 109 5
50 191 16
50 219 16
50 223 28
50 242 10
50 257 2
50 268 14
50 279 32
51 11 5
51 12 32
51 66 10
51 72 9
51 122 13
51 139 32
51 141 16
51 149 12
51 174 33
51 181 7
51 237 2
51 281 51
51 288 45
52 39 5
52 57 22
52 90 4
52 164 12
52 168 16
52 197 9
52 248 14
53 191 20
53 193 1
53 199 9
53 229 2
53 233 19
53 279 15
54 18 21
54 74 12
54 97 16
54 113 2
54 201 2
54 224 16
54 244 7
54 247 26
54 248 20
54 277 1
54 282 25
54 297 26
54 298 32
55 2 21
55 4 3
55 17 16
55 20 4
55 32 23
55 33 33
55 72 27
55 86 17
55 88 25
55 93 25
55 95 1
55 96 12
55 107 12
55 118 35
55 129 29
55 136 36
55 184 8
55 187 34
55 195 25
55 221 11
55 227 15
55 241 38
56 49 2
56 58 19
56 88 3
56 116 4
56 140 6
56 178 13
56 203 9
56 241 16
56 261 10
57 8 2
57 43 6
57 63 5
57 173 11
57 203 3
57 219 12
57 233 2
57 287 11
58 88 12
58 136 3
58 178 16
58 253 6
58 273 14
58 282 20
59 28 11
59 34 9
59 113 18
59 155 4
59 158 13
59 183 40
59 239 12
59 279 34
59 287 12
60 1 1
60 16 15
60 22 17
60 46 27
60 72 21
60 76 10
60 79 6
60 84 7
60 107 20
60 120 24
60 132 9
60 148 25
60 226 22
60 231 27
60 273 15
60 286 18
60 297 36
61 41 30
61 52 6
61 105 13
61 174 16
61 179 10
61 196 2
61 232 19
61 240 1
61 261 33
61 263 26
61 270 17
62 34 14
62 59 9
62 130 4
62 158 3
62 177 12
62 183 31
62 195 30
62 233 10
62 239 6
62 279 15
62 287 17
63 8 12
63 43 3
63 57 7
63 111 3
63 204 14
63 232 31
63 257 18
63 268 6
63 287 66
63 298 13
64 21 8
64 32 2
64 35 8
64 81 10
64 114 6
64 131 8
64 147 13
64 189 21
64 228 35
64 249 8
64 299 12
65 3 9
65 9 17
65 12 26
65 18 25
65 25 4
65 101 39
65 105 21
65 133 12
65 134 17
65 138 17
65 144 11
65 188 7
65 194 26
65 198 4
65 245 7
65 261 14
65 270 22
66 8 12
66 15 8
66 83 20
66 125 8
66 177 21
66 180 9
66 185 1
66 193 7
66 233 13
66 262 6
66 294 21
66 300 15
67 11 2
67 14 20
67 87 14
67 155 6
67 175 24
67 198 5
67 212 10
67 288 13
68 18 38
68 50 57
68 82 5
68 109 6
68 116 16
68 147 7
68 154 20
68 162 25
68 165 17
68 221 4
68 223 11
68 233 26
68 234 14
68 268 73
68 275 4
69 2 2
69 30 2
69 56 4
69 57 25
69 113 25
69 123 15
69 125 47
69 130 15
69 140 21
69 173 32
69 180 17
69 203 34
69 219 17
69 265 3
69 269 26
69 294 30
70 23 37
70 40 2
70 45 6
70 48 11
70 71 12
70 113 38
70 121 7
70 146 11
70 195 15
70 217 8
70 239 19
70 271 46
71 23 50
71 40 8
71 44 2
71 66 32
71 70 13
71 88 7
71 92 14
71 110 24
71 121 8
71 125 41
71 140 9
71 146 22
71 211 14
71 217 16
71 221 19
71 279 60
72 12 8
72 43 31
72 122 7
72 139 2
72 141 4
72 149 4
72 157 28
72 175 57
72 215 48
72 281 20
72 283 29
73 8 18
73 34 2
73 53 37
73 59 15
73 94 11
73 104 15
73 109 31
73 135 25
73 151 19
73 155 47
73 191 14
73 193 15
73 199 50
73 220 15
73 262 4
74 54 11
74 75 1
74 97 14
74 209 2
74 223 16
74 224 11
74 242 14
74 244 4
74 277 17
74 291 23
74 297 34
75 22 9
75 78 19
75 82 5
75 84 13
75 98 4
75 120 6
75 134 14
75 201 7
75 208 24
75 227 17
75 250 21
75 295 29
76 1 3
76 22 33
76 38 2
76 46 19
76 60 10
76 61 33
76 79 1
76 105 12
76 133 15
76 178 14
76 196 13
76 197 5
76 231 53
76 236 3
76 237 2
76 258 28
76 261 7
76 269 37
76 284 34
77 112 12
77 135 10
77 155 16
77 157 5
77 167 6
77 168 18
77 175 25
77 177 4
77 194 1
77 205 11
77 229 19
77 236 12
77 295 26
78 57 52
78 75 6
78 79 6
78 82 29
78 84 8
78 98 19
78 120 12
78 140 5
78 152 17
78 175 49
78 240 3
78 284 33
78 290 37
78 291 54
78 298 18
79 1 18
79 22 28
79 46 8
79 74 16
79 76 15
79 86 4
79 118 3
79 120 37
79 166 7
79 169 15
79 174 37
79 175 42
79 208 19
79 211 8
79 228 20
79 231 39
79 240 18
79 244 11
79 264 22
80 20 20
80 31 19
80 36 12
80 38 23
80 52 21
80 64 6
80 95 8
80 117 42
80 123 29
80 184 3
80 240 14
80 249 44
80 255 25
80 265 23
80 266 16
80 281 38
81 137 14
81 171 13
81 210 10
81 230 26
81 268 11
81 274 3
81 278 19
81 289 40
81 292 18
81 299 46
82 50 21
82 73 23
82 75 3
82 84 6
82 113 28
82 116 15
82 120 15
82 133 7
82 138 16
82 184 4
82 207 25
82 210 6
82 214 3
83 15 17
83 43 1
83 59 3
83 193 8
83 203 2
83 219 7
83 223 23
83 262 12
83 294 12
84 16 19
84 32 23
84 78 10
84 81 27
84 82 17
84 98 12
84 120 37
84 148 5
84 156 22
84 207 16
84 222 4
84 230 34
84 268 16
84 296 23
84 298 28
85 10 6
85 24 13
85 25 25
85 31 7
85 37 14
85 60 19
85 107 14
85 108 28
85 115 24
85 132 10
85 164 3
85 205 26
85 208 36
85 218 20
85 226 22
85 281 28
86 20 28
86 33 25
86 68 14
86 75 16
86 112 5
86 118 11
86 165 19
86 221 18
86 232 21
86 242 27
86 298 13
87 11 4
87 12 29
87 14 2
87 26 1
87 67 17
87 174 14
87 175 28
87 181 2
87 198 22
87 272 13
87 275 9
87 288 47
88 2 3
88 58 2
88 60 10
88 80 16
88 145 21
88 149 10
88 174 18
88 188 4
88 231 6
88 232 15
88 233 13
89 29 18
89 117 37
89 162 10
89 175 27
89 216 10
89 243 11
89 252 5
89 255 13
89 259 17
89 266 6
89 293 38
90 14 23
90 27 17
90 39 13
90 111 13
90 153 1
90 197 6
90 222 45
90 231 12
90 259 10
90 264 9
90 285 19
91 8 24
91 14 21
91 30 13
91 34 10
91 48 1
91 111 14
91 148 13
91 177 3
91 186 6
92 15 19
92 23 31
92 32 33
92 33 16
92 43 11
92 44 13
92 55 11
92 70 7
92 71 5
92 110 26
92 121 11
92 146 22
92 217 6
92 219 29
92 235 37
92 269 36
93 2 11
93 27 37
93 39 47
93 52 50
93 65 3
93 88 17
93 90 35
93 94 22
93 124 2
93 138 12
93 144 22
93 164 29
93 197 40
93 220 12
93 222 76
93 241 12
93 248 30
94 27 13
94 39 16
94 52 13
94 74 15
94 87 7
94 90 17
94 93 1
94 164 5
94 197 28
94 222 42
94 255 6
94 257 4
94 281 2
94 286 18
95 0 19
95 9 13
95 24 24
95 30 20
95 31 34
95 36 28
95 38 17
95 39 27
95 40 5
95 60 14
95 80 24
95 88 19
95 123 42
95 124 7
95 141 26
95 209 18
95 232 27
95 249 71
95 265 33
95 266 16
96 2 21
96 17 12
96 20 4
96 22 18
96 32 1
96 33 13
96 55 8
96 86 22
96 103 16
96 118 18
96 143 2
96 187 43
96 188 52
96 197 26
96 215 57
96 221 26
96 227 21
96 236 26
96 254 35
96 286 66
97 54 15
97 62 14
97 74 13
97 164 3
97 201 5
97 224 13
97 237 2
97 248 8
97 277 11
97 278 17
97 291 29
97 297 46
98 13 9
98 42 20
98 48 23
98 68 2
98 75 6
98 78 5
98 82 13
98 116 15
98 120 32
98 141 2
98 154 23
98 184 2
98 189 17
99 6 8
99 9 3
99 13 10
99 21 6
99 35 7
99 64 54
99 98 4
99 114 19
99 166 31
99 172 12
99 225 15
99 274 17
99 284 17
99 287 25
100 98 7
100 108 6
100 152 33
100 156 22
100 161 13
100 165 9
100 172 2
100 200 24
100 227 22
100 237 21
100 246 14
100 247 28
100 274 43
100 284 31
100 290 28
101 56 19
101 65 5
101 105 8
101 134 6
101 174 15
101 175 24
101 192 8
101 235 13
101 285 24
101 293 10
102 4 11
102 30 13
102 48 15
102 91 24
102 98 3
102 103 20
102 111 10
102 139 7
102 148 13
102 183 16
102 211 18
102 214 1
102 221 6
102 223 35
102 230 19
103 22 5
103 97 4
103 169 31
103 208 15
103 218 10
103 234 6
103 240 4
103 264 19
103 291 54
103 295 83
103 297 15
104 7 6
104 53 29
104 63 10
104 151 18
104 155 8
104 158 6
104 185 12
104 186 5
104 191 23
104 199 7
104 232 8
104 268 26
104 292 12
105 27 4
105 39 3
105 164 8
105 190 12
105 198 9
105 250 11
105 258 13
105 261 25
105 270 20
106 8 28
106 24 4
106 28 6
106 58 24
106 85 16
106 94 19
106 115 6
106 132 11
106 193 27
106 206 8
106 256 17
106 271 16
107 40 2
107 69 3
107 85 16
107 106 3
107 108 25
107 115 4
107 162 23
107 182 4
107 189 35
107 241 21
107 299 34
108 5 11
108 10 3
108 25 1
108 48 14
108 83 8
108 106 7
108 115 9
108 168 28
108 173 33
108 215 11
108 235 27
108 282 19
109 50 31
109 56 21
109 68 4
109 82 15
109 116 4
109 154 11
109 165 3
109 210 14
109 223 2
109 268 54
109 287 6
109 296 19
110 23 69
110 31 6
110 34 12
110 40 8
110 53 25
110 70 35
110 71 1
110 92 1
110 94 7
110 111 14
110 121 10
110 146 11
110 149 20
110 199 13
111 30 3
111 88 11
111 102 4
111 137 14
111 148 6
111 151 3
111 191 25
111 211 2
111 245 4
112 42 9
112 77 10
112 135 25
112 167 16
112 168 20
112 205 21
112 229 40
112 256 18
113 178 3
113 191 5
113 199 7
113 233 14
113 258 8
113 271 4
113 300 66
114 2 3
114 6 27
114 21 12
114 33 9
114 35 2
114 64 12
114 99 11
114 121 2
114 142 6
114 147 4
114 158 17
114 189 16
114 246 30
114 251 22
114 284 17
115 5 4
115 57 27
115 106 10
115 107 9
115 108 11
115 117 22
115 128 39
115 132 14
115 179 4
115 245 5
115 294 39
116 50 30
116 68 9
116 91 11
116 97 16
116 109 2
116 154 7
116 165 21
116 207 14
116 223 35
116 225 12
116 234 23
116 253 2
116 263 16
116 268 18
117 22 22
117 29 16
117 52 10
117 89 13
117 130 1
117 160 1
117 174 13
117 243 24
117 259 18
117 267 19
117 293 29
118 2 7
118 20 34
118 32 18
118 67 21
118 75 4
118 78 4
118 86 5
118 96 1
118 105 22
118 187 32
118 221 1
118 242 35
118 250 6
118 290 26
119 86 3
119 144 18
119 166 31
119 192 2
119 220 31
119 249 7
119 250 4
119 254 20
119 283 35
119 285 12
119 290 17
119 297 19
120 68 2
120 78 7
120 98 1
120 123 3
120 131 2
120 246 9
120 247 31
120 285 16
120 298 20
121 23 27
121 43 13
121 70 14
121 71 4
121 110 8
121 130 24
121 173 30
121 191 23
121 232 26
121 233 28
122 29 9
122 141 17
122 149 5
122 162 7
122 174 27
122 175 20
122 243 9
122 281 22
122 293 3
123 0 8
123 36 6
123 38 12
123 80 6
123 88 11
123 105 1
123 175 20
123 234 42
123 238 19
123 249 7
123 265 7
123 266 17
123 276 6
123 281 13
124 159 7
124 202 6
124 204 9
124 213 24
124 216 10
124 228 7
124 238 15
124 243 26
124 258 19
124 267 6
124 293 3
125 15 3
125 63 11
125 140 3
125 145 3
125 173 9
125 180 5
125 203 6
125 211 3
125 219 3
125 269 4
125 287 4
126 13 9
126 16 2
126 74 16
126 75 3
126 169 16
126 172 23
126 176 11
126 225 15
126 227 10
126 251 10
126 272 15
126 280 16
126 296 40
127 15 25
127 28 31
127 57 16
127 59 10
127 62 18
127 66 42
127 83 22
127 91 12
127 155 13
127 177 15
127 185 12
127 193 54
127 199 8
127 222 13
127 262 19
127 292 14
128 19 2
128 190 5
128 226 2
128 252 1
128 256 17
128 263 5
128 271 2
128 273 4
128 278 19
129 136 18
129 137 16
129 163 33
129 241 11
129 252 20
129 258 16
129 276 38
129 278 10
130 59 10
130 62 9
130 91 3
130 158 8
130 183 24
130 195 6
130 199 8
130 279 21
130 294 12
131 17 10
131 64 5
131 81 18
131 99 11
131 114 4
131 147 36
131 158 27
131 219 18
131 253 23
131 282 10
131 298 51
132 5 15
132 19 21
132 25 8
132 56 26
132 85 11
132 93 5
132 103 16
132 106 28
132 107 20
132 108 43
132 115 15
132 136 35
132 182 7
132 223 24
132 258 69
133 101 33
133 115 7
133 134 25
133 138 13
133 139 7
133 166 64
133 179 16
133 245 13
133 256 37
133 261 44
133 274 36
133 298 32
134 3 4
134 45 19
134 56 4
134 75 6
134 94 9
134 101 6
134 105 17
134 133 6
134 138 13
134 183 25
134 212 1
134 228 4
134 244 3
134 259 26
134 270 16
134 272 43
135 77 24
135 155 15
135 157 2
135 167 18
135 168 11
135 170 5
135 191 16
135 203 26
135 229 17
135 262 13
135 273 23
136 58 5
136 129 5
136 137 2
136 163 27
136 240 10
136 241 13
136 273 2
136 276 12
136 278 14
137 27 17
137 105 15
137 129 7
137 136 9
137 163 26
137 276 6
137 278 9
138 21 3
138 39 27
138 45 15
138 65 3
138 101 21
138 129 9
138 133 3
138 134 10
138 143 19
138 190 34
138 197 7
138 248 11
138 249 6
139 12 13
139 27 3
139 72 25
139 98 11
139 122 60
139 141 13
139 149 32
139 162 13
139 216 5
139 220 24
139 238 28
139 281 30
140 15 13
140 91 16
140 125 23
140 173 52
140 180 34
140 203 32
140 219 30
140 222 5
140 269 53
140 292 12
140 294 34
141 0 13
141 8 18
141 12 25
141 29 8
141 72 11
141 139 3
141 149 2
141 175 18
141 266 8
141 281 56
142 1 16
142 3 14
142 30 27
142 48 6
142 56 13
142 69 11
142 79 3
142 91 75
142 102 46
142 111 30
142 130 12
142 146 5
142 184 15
142 211 34
143 27 20
143 61 15
143 82 8
143 164 19
143 179 45
143 192 14
143 196 23
143 206 15
143 245 19
143 261 26
143 263 53
143 270 53
144 52 2
144 119 5
144 166 20
144 192 3
144 218 15
144 220 22
144 254 8
144 285 5
145 37 7
145 42 17
145 128 22
145 191 31
145 204 5
145 226 17
145 252 11
145 256 20
145 260 20
145 271 24
145 273 7
145 294 46
146 23 39
146 40 6
146 44 1
146 56 1
146 70 5
146 109 1
146 110 5
146 118 8
146 121 4
146 122 11
146 217 7
146 223 32
147 5 5
147 6 4
147 21 13
147 35 2
147 45 2
147 47 5
147 64 21
147 84 9
147 90 8
147 99 15
147 114 1
147 131 20
147 207 13
147 255 20
147 268 13
148 30 14
148 48 20
148 70 8
148 74 17
148 91 10
148 102 10
148 107 5
148 111 28
148 142 2
148 158 24
148 194 9
148 195 33
148 211 4
148 272 12
148 298 15
149 12 9
149 51 17
149 72 3
149 89 17
149 109 23
149 122 7
149 141 2
149 174 9
149 175 30
149 179 16
149 186 3
149 243 14
149 281 13
150 11 13
150 119 15
150 124 36
150 153 15
150 164 10
150 202 14
150 204 26
150 213 8
150 216 23
150 221 4
150 228 6
150 238 15
150 267 13
151 43 23
151 50 14
151 51 15
151 53 12
151 73 9
151 78 12
151 104 17
151 111 4
151 113 15
151 155 15
151 186 25
151 191 46
151 193 21
151 199 14
151 257 18
151 269 30
152 90 5
152 156 7
152 192 17
152 200 4
152 237 17
152 246 6
152 247 17
152 284 25
152 290 12
152 297 30
152 298 26
153 77 17
153 101 12
153 124 6
153 159 2
153 163 32
153 204 27
153 213 10
153 228 7
153 238 29
153 267 13
153 293 17
154 13 21
154 50 22
154 109 4
154 155 12
154 165 3
154 171 21
154 173 27
154 205 7
154 223 23
154 225 31
154 251 15
154 268 17
155 53 6
155 104 18
155 180 5
155 189 4
155 191 6
155 226 18
155 281 1
156 63 12
156 152 9
156 237 3
156 239 8
156 246 6
156 284 33
156 290 31
156 298 23
157 58 23
157 77 7
157 112 31
157 135 29
157 167 11
157 168 10
157 170 5
157 181 9
157 194 13
157 205 41
157 229 60
157 231 6
157 252 34
158 28 14
158 59 23
158 62 16
158 154 5
158 183 18
158 195 1
158 239 24
158 257 8
158 279 43
158 300 24
159 90 15
159 124 3
159 137 13
159 150 8
159 152 15
159 153 23
159 164 6
159 202 15
159 204 45
159 213 9
159 216 15
159 228 19
159 238 32
159 277 17
159 288 59
160 16 6
160 29 1
160 89 14
160 117 18
160 159 9
160 162 21
160 198 17
160 213 8
160 243 36
160 253 41
160 255 23
160 259 8
160 267 11
160 293 30
161 18 23
161 112 6
161 185 5
161 215 21
161 234 20
161 235 14
161 253 20
161 282 17
162 62 10
162 89 10
162 117 17
162 160 8
162 243 8
162 259 11
162 267 23
162 281 19
162 287 3
163 137 22
163 166 3
163 241 16
163 242 6
163 258 30
163 276 23
163 278 26
163 291 37
164 27 2
164 39 14
164 52 33
164 61 12
164 90 33
164 93 3
164 94 9
164 105 27
164 129 10
164 192 28
164 197 9
164 222 6
164 229 9
165 12 7
165 50 11
165 68 5
165 109 1
165 116 17
165 120 8
165 154 9
165 156 2
165 171 2
165 199 18
165 218 25
165 223 27
165 258 14
165 268 4
165 298 18
166 169 5
166 192 2
166 220 12
166 254 8
167 19 7
167 49 2
167 77 3
167 128 3
167 135 4
167 136 29
167 168 23
167 194 10
167 205 19
167 207 9
167 229 11
167 258 33
167 263 15
168 53 9
168 157 4
168 167 9
168 239 10
168 271 5
168 273 1
168 291 31
169 208 19
169 218 57
169 223 17
169 242 28
169 246 21
169 264 4
169 286 6
169 291 32
169 295 19
170 58 25
170 77 9
170 112 2
170 135 10
170 157 15
170 167 27
170 168 27
170 194 4
170 205 10
170 229 15
170 280 9
171 7 21
171 64 3
171 81 10
171 207 3
171 210 28
171 221 1
171 230 6
171 268 21
171 274 16
171 289 46
171 292 21
171 299 9
172 13 13
172 81 17
172 176 7
172 225 1
172 251 4
172 268 5
172 274 2
172 296 36
173 125 21
173 203 19
173 269 13
173 300 13
174 113 18
174 175 53
174 190 5
174 229 2
174 238 8
174 243 2
175 67 4
176 16 3
176 64 1
176 98 19
176 99 3
176 126 1
176 172 13
176 225 22
176 237 27
176 251 13
176 272 19
176 280 14
176 296 42
177 15 14
177 66 2
177 83 38
177 104 12
177 109 7
177 173 20
177 193 7
177 215 1
177 242 1
177 262 16
178 42 13
178 46 16
178 49 17
178 56 18
178 58 8
178 170 5
178 214 8
178 256 3
178 286 6
178 298 10
179 18 12
179 52 8
179 61 13
179 77 3
179 178 1
179 261 19
179 263 5
179 270 42
180 57 1
180 83 28
180 125 5
180 173 3
180 279 25
180 294 11
181 14 6
181 26 22
181 43 1
181 67 8
181 87 2
181 175 46
181 265 16
181 266 12
181 275 3
181 288 24
182 5 12
182 10 2
182 24 10
182 36 15
182 55 12
182 85 13
182 88 19
182 106 12
182 108 18
182 115 16
182 129 11
182 132 5
182 222 16
182 241 44
182 244 10
183 158 1
183 235 10
183 279 12
184 17 15
184 20 18
184 25 9
184 33 16
184 50 45
184 75 16
184 78 11
184 82 20
184 84 39
184 88 3
184 98 21
184 114 20
184 120 39
184 129 24
184 136 26
184 162 23
184 202 17
184 228 6
184 234 43
184 244 5
185 15 5
185 66 22
185 83 52
185 127 6
185 128 30
185 155 2
185 177 14
185 193 30
185 200 4
185 233 35
185 256 2
185 262 6
185 294 18
185 300 27
186 28 15
186 53 56
186 62 12
186 73 40
186 88 7
186 104 28
186 155 42
186 156 30
186 173 47
186 191 51
186 232 6
186 233 16
187 2 16
187 20 15
187 27 20
187 33 5
187 75 4
187 86 9
187 221 6
187 227 16
187 248 28
187 283 20
188 3 19
188 9 7
188 45 1
188 65 18
188 97 22
188 101 22
188 103 4
188 133 30
188 134 31
188 138 26
188 163 22
188 196 16
188 197 5
188 265 14
188 284 28
189 18 24
189 81 8
189 161 34
189 215 12
189 222 3
189 235 4
189 253 17
189 282 5
190 38 3
190 103 5
190 113 15
190 174 16
190 175 15
190 226 22
190 229 20
190 233 11
190 258 30
190 300 39
191 51 2
191 73 4
191 113 12
191 155 11
191 193 1
191 199 2
192 119 13
192 144 4
192 166 4
192 197 12
192 250 3
192 254 24
192 259 23
192 283 19
192 285 40
192 288 7
193 15 13
193 50 21
193 83 1
193 234 2
194 44 9
194 56 20
194 63 18
194 77 3
194 112 42
194 135 39
194 157 37
194 167 56
194 168 38
194 170 14
194 195 22
194 205 21
194 229 53
194 252 15
194 271 43
195 28 21
195 34 2
195 59 54
195 130 2
195 158 1
195 183 33
195 223 3
195 239 9
195 279 34
195 292 2
196 27 16
196 41 19
196 49 5
196 61 25
196 163 28
196 179 12
196 187 21
196 206 14
196 245 27
196 261 47
196 263 23
196 270 24
196 278 8
197 16 4
197 27 11
197 52 6
197 94 7
197 222 1
197 270 6
198 42 14
198 67 8
198 105 3
198 174 17
198 175 43
198 181 5
198 242 26
198 250 2
198 288 21
199 50 1
199 53 17
199 104 3
199 151 2
199 155 13
199 183 36
199 186 20
199 191 18
199 223 12
199 234 12
199 235 3
199 239 9
200 100 3
200 120 4
200 152 11
200 156 5
200 237 10
200 246 2
200 247 13
200 282 4
200 284 28
200 289 9
200 290 24
200 298 46
201 14 7
201 22 4
201 54 11
201 74 11
201 97 3
201 209 8
201 224 25
201 244 6
201 248 25
201 277 40
201 285 34
201 295 46
201 297 47
202 52 12
202 87 16
202 101 8
202 124 5
202 150 14
202 153 17
202 204 19
202 238 15
202 267 4
202 275 8
202 293 18
203 66 4
203 125 10
203 173 22
203 180 10
203 269 23
203 285 13
203 294 8
204 63 19
204 124 2
204 153 4
204 213 2
205 77 13
205 135 22
205 157 8
205 167 14
205 168 19
205 170 3
205 226 8
205 229 32
205 258 21
205 288 4
206 41 11
206 49 6
206 61 17
206 101 13
206 143 5
206 179 16
206 231 13
206 245 13
206 257 13
206 261 17
206 263 41
206 270 31
207 7 7
207 81 12
207 171 19
207 210 2
207 274 24
207 289 33
207 292 21
207 299 13
207 300 13
208 27 11
208 103 4
208 218 39
208 242 31
208 286 3
208 291 12
208 295 6
209 18 14
209 54 28
209 74 26
209 97 7
209 102 3
209 177 2
209 201 11
209 224 19
209 244 5
209 248 11
209 264 7
209 277 10
209 286 10
209 297 47
210 7 24
210 20 1
210 50 18
210 81 3
210 171 12
210 207 14
210 230 29
210 274 5
210 289 37
210 292 21
210 296 18
210 299 44
211 16 13
211 30 17
211 53 13
211 91 15
211 102 6
211 111 23
211 185 18
211 193 21
212 27 2
212 105 21
212 119 20
212 144 26
212 166 43
212 192 31
212 220 16
212 246 6
212 250 29
212 254 12
212 283 23
212 284 18
212 285 29
213 82 12
213 139 2
213 150 1
213 153 3
213 160 4
213 198 5
213 202 22
213 204 16
213 216 3
213 238 19
213 277 4
214 1 6
214 16 28
214 42 26
214 49 7
214 56 9
214 58 50
214 66 17
214 84 33
214 125 15
214 157 3
214 178 7
214 231 37
214 262 9
214 292 26
214 299 27
215 18 23
215 234 7
215 253 3
215 279 5
216 36 8
216 87 18
216 124 9
216 150 5
216 153 13
216 159 4
216 202 19
216 204 18
216 213 22
216 228 22
216 238 31
216 249 12
216 265 2
217 22 16
217 23 51
217 40 33
217 70 2
217 71 7
217 92 4
217 110 24
217 121 24
217 243 29
217 253 42
217 255 11
218 144 10
218 264 3
218 291 20
218 295 13
219 53 8
219 63 6
219 173 17
219 203 16
219 232 25
219 287 21
220 27 9
220 52 2
220 192 14
220 212 2
220 250 4
220 254 7
220 285 8
221 32 10
221 55 1
221 99 3
221 100 12
221 161 5
221 187 23
221 227 16
221 280 13
222 27 5
222 52 20
222 137 9
222 197 16
222 297 38
223 68 4
223 104 16
223 109 18
223 116 6
223 191 16
223 268 13
223 276 18
224 32 10
224 209 3
224 218 43
224 248 12
224 277 9
224 295 72
224 297 30
225 13 2
225 154 5
225 161 1
225 172 13
225 251 12
225 272 19
225 274 5
225 296 15
226 37 3
226 66 2
226 128 11
226 229 9
226 252 23
226 256 7
226 258 38
226 271 21
226 273 2
227 2 1
227 17 8
227 18 38
227 20 13
227 32 14
227 33 6
227 86 48
227 96 2
227 118 12
227 187 21
227 215 38
227 240 4
227 254 1
227 276 36
227 284 25
228 49 5
228 105 18
228 124 16
228 150 10
228 153 8
228 159 19
228 202 13
228 204 18
228 213 11
228 238 5
228 284 25
228 287 16
229 135 5
229 168 7
229 170 5
229 193 5
230 7 16
230 161 1
230 171 3
230 207 14
230 221 14
230 264 14
230 274 8
230 289 33
230 292 10
230 299 18
231 76 5
231 178 31
231 252 27
231 296 12
231 300 58
232 8 10
232 43 3
232 53 19
232 57 37
232 63 12
232 173 6
232 219 5
232 257 6
232 287 16
233 173 10
233 190 2
233 203 1
233 211 8
233 232 2
233 242 1
233 258 9
233 279 7
233 300 8
234 18 18
234 183 26
234 189 10
234 235 22
234 253 14
234 282 24
235 18 18
235 63 11
235 161 16
235 189 12
235 215 33
235 234 8
235 253 17
235 282 7
235 300 15
236 22 5
236 129 11
236 136 48
236 137 56
236 156 31
236 163 8
236 173 16
236 187 19
236 240 27
236 241 14
236 276 32
236 278 10
237 152 5
237 156 1
237 163 1
237 200 15
237 246 21
237 268 11
237 284 5
237 289 33
238 124 3
238 174 5
238 198 1
238 202 5
238 204 21
238 213 15
238 228 10
238 281 4
239 34 19
239 59 2
239 130 25
239 151 15
239 183 63
239 195 16
239 214 4
239 257 5
239 279 29
240 105 20
240 129 21
240 136 2
240 137 35
240 163 20
240 189 15
240 236 1
240 241 39
240 276 28
240 278 10
241 27 26
241 129 17
241 136 11
241 137 5
241 276 8
241 278 10
242 113 16
242 169 1
242 190 16
242 198 2
242 208 6
242 233 5
242 254 5
242 258 14
242 291 13
242 295 10
242 300 9
243 89 4
243 115 8
243 160 8
243 162 5
243 174 11
243 259 29
243 267 17
243 293 6
244 27 32
244 54 29
244 74 10
244 97 32
244 112 12
244 140 14
244 201 20
244 209 9
244 224 12
244 248 31
244 277 11
244 297 65
245 41 20
245 61 22
245 143 6
245 179 40
245 183 14
245 206 17
245 258 22
245 261 19
245 263 13
245 270 16
245 293 14
246 152 2
246 156 9
246 200 9
246 218 13
246 237 21
246 247 19
246 276 27
246 284 12
246 290 10
246 298 35
247 152 10
247 156 11
247 193 9
247 237 19
247 246 6
247 284 13
247 290 33
247 298 16
248 74 17
248 209 6
248 277 10
248 283 8
248 297 38
249 12 4
249 41 12
249 165 20
249 265 4
249 266 14
250 119 3
250 144 13
250 166 19
250 192 21
250 212 10
250 220 23
250 242 18
250 252 12
250 254 16
250 283 6
250 285 27
251 13 5
251 16 1
251 32 7
251 126 24
251 172 7
251 225 18
251 272 12
251 280 4
251 296 10
252 37 2
252 128 9
252 226 2
252 231 12
252 256 35
252 260 1
252 271 16
252 273 5
252 291 16
253 18 4
253 45 1
253 50 3
253 161 1
253 183 5
253 215 11
253 234 2
253 282 10
254 144 3
254 166 22
254 212 10
254 220 3
254 283 4
254 285 29
254 290 5
255 29 11
255 83 29
255 89 1
255 117 11
255 129 15
255 162 3
255 243 38
255 259 4
255 267 6
255 281 16
255 293 11
256 226 15
256 231 8
256 260 10
256 271 12
256 273 2
257 43 2
257 53 16
257 57 21
257 180 7
257 219 37
257 269 12
257 287 26
258 233 1
258 256 17
258 300 25
259 89 5
259 101 10
259 141 6
259 160 9
259 162 6
259 216 8
259 243 13
259 255 5
259 267 10
259 293 4
260 19 1
260 113 22
260 128 21
260 135 3
260 137 8
260 226 46
260 252 10
260 256 17
260 271 5
260 273 1
261 18 4
261 27 13
261 61 16
261 166 18
261 263 12
261 270 1
262 15 40
262 53 3
262 66 7
262 83 24
262 127 17
262 177 12
262 180 18
262 185 27
262 193 30
262 233 17
262 257 11
262 279 3
262 300 19
263 112 2
263 245 9
263 261 6
263 270 14
264 137 10
264 169 9
264 208 44
264 218 32
264 290 41
264 291 83
264 295 8
265 89 12
265 95 5
265 123 1
265 249 13
265 275 1
266 12 3
266 36 11
266 38 7
266 80 1
266 122 6
266 249 10
266 265 16
267 29 12
267 68 3
267 89 14
267 117 4
267 160 1
267 243 2
267 255 1
267 259 12
267 293 16
268 66 13
268 154 4
268 165 7
268 296 11
269 57 4
269 180 21
269 233 16
269 280 4
269 294 22
270 61 2
270 62 6
270 103 5
270 179 4
270 206 2
270 245 6
270 261 16
270 263 12
271 113 8
271 128 11
271 260 3
271 273 11
271 300 18
272 13 9
272 172 25
272 176 4
272 225 4
272 280 3
272 296 14
273 94 13
273 128 21
273 145 6
273 226 25
273 252 9
273 256 23
273 258 5
273 260 16
273 271 27
274 81 7
274 161 3
274 210 4
274 230 1
274 289 1
274 292 17
274 299 39
275 11 21
275 14 2
275 26 17
275 51 5
275 67 22
275 87 24
275 175 11
275 181 10
275 198 2
275 241 12
275 288 12
276 137 6
276 163 15
276 241 9
277 54 11
277 74 9
277 97 5
277 209 3
277 224 9
277 237 17
277 242 36
277 244 6
277 248 4
277 286 11
277 297 34
278 129 4
278 136 14
278 137 22
278 163 6
278 236 2
278 240 7
278 241 11
278 276 28
279 183 11
280 13 25
280 16 10
280 172 6
280 225 18
280 251 9
280 272 3
280 296 24
281 12 21
281 51 2
281 113 16
281 139 2
281 175 2
282 18 5
282 189 10
282 200 5
282 215 10
282 234 5
282 235 16
282 253 3
283 144 14
283 166 44
283 212 15
283 220 14
283 254 14
283 285 8
284 100 10
284 200 9
284 237 13
285 119 1
285 144 9
285 166 21
285 220 7
285 254 7
285 283 11
286 103 13
286 169 10
286 208 1
286 218 11
286 264 42
286 291 100
286 295 39
287 57 8
287 127 3
287 219 22
287 232 2
287 233 11
287 257 2
288 175 10
288 198 4
289 274 5
289 292 6
289 299 2
290 152 1
290 218 13
290 237 7
290 246 9
290 247 12
290 284 30
291 208 6
291 295 3
292 230 5
292 274 8
292 289 2
292 299 22
293 162 25
293 243 6
293 255 9
293 259 29
294 8 22
294 15 3
294 125 19
294 173 27
294 203 31
294 233 14
294 269 3
295 208 6
295 218 9
295 291 12
296 251 3
296 272 26
297 152 4
298 64 4
298 246 2
298 247 4
299 289 13
300 215 4
