0 23 3
0 30 8
0 42 32
0 58 3
0 70 11
0 105 18
0 113 35
0 116 18
0 125 4
0 148 5
0 154 15
0 172 33
0 181 31
0 194 23
0 211 19
0 220 47
0 251 13
0 298 26
0 299 47
1 45 8
1 60 3
1 67 27
1 74 15
1 79 35
1 96 7
1 123 7
1 130 3
1 164 18
1 171 3
1 244 2
1 252 4
1 256 35
1 280 6
2 5 12
2 27 19
2 60 15
2 63 34
2 65 20
2 71 72
2 85 20
2 111 4
2 112 2
2 113 4
2 115 7
2 124 6
2 148 10
2 158 9
2 263 6
2 271 35
2 291 21
2 294 4
2 299 65
3 0 17
3 2 3
3 84 1
3 92 7
3 109 16
3 140 40
3 152 13
3 158 24
3 174 10
3 176 4
3 214 30
3 216 39
3 229 6
3 269 42
3 285 30
3 300 9
4 6 11
4 7 6
4 18 10
4 50 14
4 118 13
4 129 11
4 166 42
4 187 37
4 189 62
4 193 15
4 198 34
4 212 28
4 214 9
4 218 6
4 246 34
5 25 10
5 109 6
5 140 8
5 143 15
5 188 12
5 200 2
5 250 2
5 255 29
5 277 20
6 11 25
6 21 6
6 24 19
6 48 1
6 69 30
6 72 36
6 83 21
6 86 2
6 90 3
6 132 17
6 138 42
6 151 28
6 269 10
6 285 60
6 286 44
6 298 27
7 1 3
7 2 9
7 33 5
7 45 11
7 112 7
7 118 17
7 131 14
7 161 7
7 197 14
7 210 10
7 238 6
7 244 5
7 257 22
7 284 18
8 9 17
8 11 7
8 38 3
8 46 9
8 49 6
8 52 6
8 58 24
8 90 19
8 91 3
8 92 15
8 100 6
8 152 14
8 153 27
8 161 38
8 185 30
8 214 29
8 290 24
8 301 55
9 10 4
9 12 2
9 28 1
9 39 7
9 40 10
9 73 22
9 88 39
9 93 4
9 104 4
9 129 14
9 196 24
9 263 12
9 271 6
9 292 11
10 13 8
10 26 26
10 51 35
10 109 45
10 120 38
10 140 21
10 152 2
10 176 4
10 178 47
10 186 17
10 196 5
10 208 30
10 229 15
10 235 67
10 268 9
10 290 33
11 6 9
11 10 12
11 21 4
11 24 35
11 60 2
11 72 13
11 77 16
11 79 30
11 83 30
11 86 13
11 102 19
11 138 21
11 151 47
11 252 60
11 272 38
11 282 25
11 284 21
11 293 66
12 0 4
12 14 3
12 37 4
12 43 26
12 48 6
12 68 12
12 90 5
12 99 10
12 116 30
12 148 14
12 171 22
12 172 9
12 177 18
12 185 2
12 196 18
12 216 10
12 239 14
12 270 12
12 285 31
12 297 64
13 10 7
13 14 15
13 26 7
13 38 10
13 51 28
13 84 16
13 109 20
13 120 30
13 125 6
13 134 15
13 146 27
13 147 21
13 178 8
13 208 9
13 229 6
13 268 12
13 291 18
13 300 13
14 5 21
14 12 15
14 43 16
14 48 5
14 63 14
14 72 5
14 76 2
14 110 8
14 116 39
14 141 14
14 148 14
14 171 22
14 269 17
14 271 26
14 295 32
15 9 22
15 13 5
15 28 1
15 39 1
15 52 2
15 73 11
15 88 43
15 101 21
15 104 8
15 129 20
15 131 25
15 160 9
15 196 10
15 197 6
15 220 36
15 270 18
15 289 41
15 300 47
16 56 5
16 142 6
16 155 11
16 205 5
16 240 17
16 248 5
16 296 4
16 301 37
17 31 6
17 36 15
17 47 9
17 64 5
17 136 20
17 142 13
17 145 22
17 180 26
17 195 8
17 236 2
17 248 24
17 256 5
17 296 13
18 4 11
18 93 5
18 129 9
18 144 20
18 166 16
18 187 28
18 189 52
18 193 2
18 198 3
18 212 7
18 218 15
18 292 18
19 59 28
19 71 38
19 115 11
19 137 7
19 170 14
19 177 21
19 191 5
19 194 29
19 232 25
19 241 3
19 243 26
19 251 13
19 262 25
19 274 3
20 16 17
20 21 4
20 34 33
20 41 19
20 44 37
20 67 17
20 73 15
20 94 8
20 101 15
20 149 18
20 155 33
20 203 18
20 205 41
20 221 62
20 234 52
20 248 25
21 7 30
21 9 10
21 17 19
21 24 5
21 72 14
21 73 5
21 83 13
21 110 13
21 188 42
21 203 23
21 257 46
21 286 43
22 137 38
22 141 5
22 159 3
22 179 10
22 263 5
22 275 15
22 276 9
22 280 17
22 298 20
23 16 26
23 24 19
23 42 27
23 70 16
23 100 21
23 102 11
23 113 37
23 125 16
23 150 18
23 164 15
23 172 19
23 232 9
24 12 7
24 21 3
24 43 7
24 68 38
24 83 28
24 102 2
24 138 6
24 175 10
24 183 25
24 194 47
24 292 1
25 1 11
25 5 39
25 31 9
25 51 33
25 71 25
25 84 15
25 93 28
25 97 10
25 143 31
25 163 25
25 250 53
25 253 26
25 270 5
25 273 10
26 13 3
26 17 14
26 41 8
26 51 22
26 60 9
26 90 8
26 106 27
26 109 1
26 120 10
26 178 18
26 208 36
26 229 1
26 244 10
26 268 12
27 106 4
27 132 6
27 150 9
27 185 6
27 197 2
27 201 7
27 209 2
27 211 3
28 4 16
28 9 20
28 15 4
28 21 10
28 26 2
28 87 32
28 88 39
28 104 19
28 129 34
28 160 1
28 196 19
28 239 35
28 240 30
28 250 36
28 293 47
28 295 25
29 28 13
29 35 5
29 62 18
29 75 4
29 80 18
29 87 19
29 108 17
29 111 13
29 116 7
29 139 40
29 163 20
29 181 14
29 235 49
29 239 25
29 268 19
29 295 33
30 0 13
30 23 4
30 69 23
30 71 35
30 113 4
30 154 14
30 172 6
30 201 15
30 262 26
30 279 35
30 282 21
31 17 1
31 47 2
31 79 12
31 117 11
31 180 1
31 191 7
31 234 8
31 248 17
31 272 10
31 283 11
32 47 13
32 61 11
32 66 6
32 67 12
32 96 22
32 164 20
32 207 12
32 236 10
32 240 43
32 259 29
32 266 2
32 267 53
33 11 11
33 14 15
33 50 30
33 77 23
33 105 24
33 111 6
33 112 20
33 118 93
33 130 33
33 131 31
33 162 21
33 205 28
33 210 42
33 226 19
33 238 32
33 244 22
33 294 31
34 16 7
34 41 4
34 44 5
34 68 27
34 94 12
34 155 6
34 205 8
34 207 15
34 224 18
34 296 12
34 299 14
35 19 2
35 62 28
35 80 3
35 87 7
35 89 12
35 122 24
35 139 14
35 158 11
35 160 5
35 165 7
35 181 22
35 202 41
35 224 41
35 231 42
35 275 37
35 281 3
35 291 22
36 17 13
36 31 16
36 47 14
36 64 4
36 69 21
36 117 27
36 142 7
36 173 2
36 180 22
36 195 9
36 203 21
36 223 3
36 248 3
36 257 21
37 53 18
37 87 9
37 131 10
37 157 2
37 162 7
37 168 60
37 184 17
37 200 2
37 203 7
37 222 35
37 225 21
37 287 11
37 294 18
38 29 39
38 30 44
38 35 77
38 75 10
38 80 15
38 89 24
38 139 46
38 181 24
38 185 30
38 204 39
38 209 22
38 213 5
38 225 10
38 271 18
38 275 27
39 9 10
39 15 9
39 28 10
39 88 58
39 100 22
39 104 18
39 118 1
39 129 21
39 187 35
39 206 13
39 220 23
39 237 31
39 255 30
39 272 23
40 9 6
40 15 21
40 28 8
40 29 1
40 37 21
40 39 23
40 73 13
40 88 49
40 104 10
40 129 35
40 160 9
40 169 17
40 186 14
40 189 8
40 196 10
40 238 12
40 256 11
40 263 17
41 16 15
41 34 18
41 44 13
41 45 26
41 61 47
41 78 31
41 95 13
41 149 8
41 152 20
41 179 8
41 205 2
41 240 38
41 259 14
41 269 20
42 30 7
42 59 34
42 70 1
42 100 2
42 113 16
42 170 15
42 172 5
42 215 2
42 257 7
42 295 22
43 12 33
43 48 2
43 68 14
43 99 19
43 106 17
43 115 6
43 116 9
43 148 14
43 157 4
43 171 3
43 183 27
43 248 18
43 250 13
43 251 25
43 275 15
44 9 5
44 16 14
44 18 13
44 94 22
44 117 30
44 123 11
44 149 4
44 155 9
44 205 5
44 256 33
44 265 5
44 296 11
45 1 5
45 36 16
45 57 12
45 66 9
45 67 12
45 74 9
45 79 19
45 96 14
45 156 11
45 240 23
45 256 23
45 286 14
46 5 38
46 6 4
46 8 16
46 45 8
46 49 22
46 58 18
46 91 5
46 104 17
46 152 15
46 153 7
46 161 13
46 190 12
46 252 12
46 284 26
46 300 16
46 301 42
47 17 9
47 31 4
47 64 23
47 117 15
47 180 2
47 191 3
47 195 9
47 203 7
47 221 39
47 248 14
47 272 1
47 284 2
48 12 4
48 22 22
48 35 6
48 43 10
48 50 10
48 68 44
48 82 7
48 113 9
48 116 9
48 124 3
48 148 30
48 167 27
48 171 14
48 199 31
48 211 14
48 231 15
48 246 3
48 287 24
48 298 35
49 9 4
49 58 1
49 90 10
49 152 10
49 153 6
49 161 20
49 253 20
49 273 16
50 7 8
50 118 13
50 124 2
50 129 10
50 131 4
50 159 7
50 205 4
50 207 41
50 210 2
50 238 11
51 26 15
51 109 1
51 120 10
51 173 9
51 208 28
52 9 21
52 24 18
52 27 14
52 38 10
52 46 17
52 49 35
52 58 13
52 77 16
52 91 29
52 131 15
52 152 30
52 153 11
52 161 27
52 206 27
52 229 14
52 233 6
53 37 12
53 121 25
53 157 26
53 168 34
53 177 41
53 184 8
53 222 16
53 225 25
53 250 15
53 294 23
54 84 18
54 97 24
54 122 6
54 126 8
54 132 13
54 176 13
54 179 14
54 250 21
54 253 9
54 272 14
54 273 22
54 290 15
54 300 9
54 301 40
55 62 10
55 65 12
55 68 34
55 87 46
55 95 17
55 103 24
55 107 12
55 108 3
55 161 5
55 165 6
55 172 2
55 228 21
55 239 25
55 287 11
56 74 3
56 165 27
56 175 2
56 192 17
56 220 28
56 224 15
56 235 16
56 238 3
56 245 5
56 247 3
56 256 35
56 279 3
56 281 10
57 93 1
57 110 16
57 128 8
57 144 20
57 217 13
57 228 17
57 245 2
57 249 16
57 252 10
57 254 3
57 260 26
57 270 28
58 5 34
58 15 7
58 49 8
58 52 2
58 60 13
58 61 36
58 92 19
58 98 7
58 114 13
58 152 39
58 227 11
58 290 3
59 119 18
59 194 1
59 206 24
59 251 12
59 262 6
60 2 13
60 12 14
60 15 3
60 63 63
60 65 13
60 72 3
60 111 13
60 112 19
60 115 24
60 124 27
60 167 7
60 169 35
60 202 32
60 227 62
60 238 11
60 268 1
60 278 54
61 136 1
61 234 10
61 272 5
62 81 2
62 87 5
62 103 3
62 204 7
62 228 7
62 281 14
62 285 2
63 110 10
63 127 5
63 141 5
63 156 9
63 231 10
63 260 14
63 276 15
64 31 28
64 36 8
64 47 2
64 79 17
64 180 9
64 186 12
64 191 2
64 203 29
64 231 2
65 14 1
65 31 34
65 63 49
65 88 35
65 108 20
65 110 13
65 111 2
65 115 15
65 124 15
65 144 23
65 174 18
65 192 23
65 210 10
65 232 29
65 292 31
66 32 2
66 117 6
66 164 15
66 207 37
66 237 7
66 240 20
66 246 4
66 255 16
66 259 15
66 266 13
66 267 10
67 74 14
67 79 3
67 96 9
67 187 10
67 212 23
67 248 9
67 256 14
67 266 18
67 270 15
67 283 24
68 71 4
68 230 33
68 232 9
68 241 3
68 260 9
69 127 4
69 170 2
69 197 4
69 206 6
69 279 16
69 286 8
70 0 14
70 23 16
70 30 9
70 32 40
70 42 10
70 100 3
70 113 27
70 154 6
70 157 7
70 172 28
70 205 1
70 230 33
70 241 10
70 251 31
70 264 27
70 280 30
70 295 27
71 59 29
71 68 19
71 121 27
71 177 1
71 194 15
71 234 5
71 241 35
71 243 14
72 11 9
72 21 7
72 24 15
72 70 8
72 83 8
72 89 4
72 99 19
72 102 2
72 119 26
72 138 30
72 221 28
72 274 12
72 276 21
72 286 4
72 295 26
72 299 56
73 2 10
73 15 6
73 19 8
73 28 12
73 39 9
73 40 4
73 48 10
73 88 69
73 129 28
73 162 22
73 181 7
73 196 11
73 224 18
73 241 24
73 249 15
74 1 26
74 45 3
74 79 19
74 123 7
74 189 4
74 195 25
74 256 31
74 272 3
74 296 10
75 20 29
75 22 33
75 23 6
75 29 20
75 33 6
75 35 40
75 38 16
75 80 32
75 83 5
75 89 17
75 132 14
75 139 36
75 147 5
75 163 18
75 181 60
75 209 39
75 265 22
76 0 20
76 4 5
76 17 41
76 23 40
76 30 47
76 42 52
76 70 35
76 100 24
76 110 39
76 113 39
76 149 6
76 154 46
76 159 41
76 172 17
76 196 3
76 233 15
76 278 74
77 5 2
77 57 2
77 106 11
77 144 21
77 156 16
77 162 9
77 246 11
77 249 6
77 254 9
77 255 3
77 260 29
77 301 36
78 61 10
78 136 5
78 173 8
78 180 1
78 190 11
78 195 9
78 221 57
78 234 5
78 296 9
79 67 4
79 74 14
79 96 5
79 256 16
79 266 8
79 282 7
79 284 13
79 287 3
80 29 12
80 35 8
80 38 2
80 40 3
80 49 10
80 73 18
80 110 8
80 139 5
80 181 23
80 183 7
80 199 11
80 209 16
80 235 34
80 241 1
80 265 28
80 271 14
81 27 26
81 55 3
81 62 4
81 87 8
81 99 10
81 103 3
81 108 8
81 119 13
81 177 9
81 201 25
81 228 32
81 239 14
81 281 13
81 283 32
82 54 37
82 122 35
82 134 1
82 139 2
82 185 12
82 193 48
82 233 13
82 253 43
82 270 17
82 273 45
82 283 30
82 290 25
82 291 12
83 21 22
83 24 9
83 86 10
83 156 41
83 170 27
83 215 20
83 230 43
83 237 22
83 242 37
83 287 16
83 297 48
84 3 7
84 92 10
84 126 10
84 132 3
84 139 1
84 140 27
84 163 25
84 174 8
84 176 15
84 214 47
84 269 27
84 300 14
85 133 31
85 145 41
85 146 36
85 200 5
85 201 44
85 216 41
85 219 25
85 261 32
85 262 20
85 277 38
85 291 17
86 6 3
86 11 10
86 21 13
86 24 32
86 26 12
86 42 37
86 48 11
86 60 10
86 72 15
86 83 19
86 90 19
86 101 9
86 102 1
86 138 60
86 150 4
86 205 23
86 215 18
86 298 40
87 62 15
87 103 1
87 108 9
87 144 7
87 228 1
87 240 17
87 256 3
88 96 9
88 129 5
88 189 5
88 247 9
88 283 11
89 17 5
89 29 4
89 35 10
89 75 3
89 80 5
89 85 9
89 106 9
89 139 39
89 150 25
89 181 15
89 204 34
89 209 27
89 213 15
89 214 22
89 255 24
89 265 11
89 271 21
89 288 29
89 291 25
90 36 11
90 42 14
90 69 45
90 99 13
90 119 11
90 151 18
90 186 8
90 197 19
90 206 29
90 268 2
90 284 24
90 287 15
91 7 5
91 8 1
91 46 9
91 49 34
91 58 21
91 97 10
91 98 10
91 110 4
91 126 5
91 152 16
91 161 34
91 217 25
91 253 27
92 3 3
92 84 12
92 120 3
92 140 16
92 161 6
92 163 9
92 174 3
92 214 10
92 254 9
92 269 1
92 270 9
92 300 38
93 1 11
93 5 5
93 25 3
93 97 21
93 117 22
93 143 16
93 147 23
93 161 3
93 163 9
93 250 32
93 253 4
93 273 18
93 301 41
94 16 29
94 17 25
94 20 2
94 38 15
94 41 27
94 42 8
94 101 1
94 131 3
94 188 7
94 205 4
94 236 13
94 256 20
95 55 3
95 62 34
95 81 10
95 87 1
95 90 14
95 103 16
95 107 1
95 108 4
95 169 5
95 183 2
95 197 2
95 204 22
95 213 16
95 228 26
95 239 46
95 244 2
96 1 3
96 74 31
96 79 7
96 256 13
96 259 8
96 260 17
96 285 1
97 5 72
97 25 12
97 93 12
97 143 10
97 163 23
97 174 11
97 185 12
97 188 13
97 227 7
97 250 27
97 270 18
97 284 8
97 300 11
98 8 18
98 14 18
98 21 23
98 30 20
98 46 14
98 49 26
98 52 12
98 58 16
98 69 37
98 76 1
98 83 8
98 91 16
98 110 37
98 140 34
98 152 23
98 153 28
98 161 28
98 227 23
99 59 15
99 69 42
99 90 2
99 108 12
99 119 5
99 182 8
99 206 16
99 215 13
99 274 1
99 284 41
99 287 26
99 294 20
100 0 1
100 6 5
100 30 32
100 42 8
100 70 6
100 154 18
100 169 3
100 172 7
100 215 38
100 243 24
100 254 29
100 264 34
101 14 1
101 16 51
101 20 39
101 23 2
101 32 21
101 34 40
101 41 37
101 44 20
101 64 36
101 94 36
101 130 4
101 149 2
101 155 6
101 205 5
101 206 31
101 236 12
102 1 14
102 6 13
102 11 9
102 19 10
102 21 28
102 24 8
102 72 11
102 83 23
102 86 9
102 100 12
102 137 23
102 138 21
102 159 36
102 175 20
102 179 12
102 206 4
102 230 14
103 25 1
103 55 7
103 81 1
103 87 5
103 107 2
103 137 2
103 172 1
103 181 24
103 204 20
103 209 11
103 228 9
103 239 2
104 9 5
104 15 7
104 73 13
104 88 38
104 129 33
104 143 15
104 217 4
104 233 5
104 245 18
104 246 23
104 260 26
105 0 17
105 2 1
105 23 9
105 28 9
105 30 26
105 42 15
105 60 9
105 70 2
105 76 2
105 80 23
105 89 2
105 100 4
105 113 18
105 125 5
105 154 2
105 155 18
105 172 15
105 177 27
105 182 25
105 209 12
105 213 19
105 271 16
105 299 40
106 27 8
106 146 30
106 211 15
106 243 9
106 281 3
106 294 8
106 297 23
107 36 33
107 59 52
107 62 41
107 81 23
107 87 23
107 95 1
107 103 8
107 108 27
107 166 12
107 184 73
107 228 38
107 239 14
107 278 42
107 285 35
108 55 11
108 62 23
108 81 3
108 87 25
108 88 18
108 95 9
108 97 10
108 103 5
108 107 1
108 116 9
108 213 16
108 228 21
108 239 2
109 8 16
109 26 4
109 51 14
109 120 11
109 178 20
109 208 25
109 227 13
109 229 3
109 253 22
109 268 8
109 277 17
110 16 6
110 61 19
110 74 13
110 78 24
110 79 10
110 118 15
110 143 3
110 144 30
110 161 3
110 167 11
110 180 11
110 190 31
110 244 3
110 245 8
111 2 16
111 55 7
111 60 7
111 62 27
111 63 71
111 65 16
111 81 13
111 95 7
111 115 25
111 124 32
111 169 17
111 209 24
111 235 41
111 270 41
111 281 27
111 283 30
111 285 54
111 292 11
112 7 16
112 14 5
112 33 9
112 42 5
112 50 45
112 77 17
112 124 12
112 130 3
112 131 25
112 152 11
112 210 10
112 233 3
112 238 17
112 244 13
113 22 7
113 27 16
113 42 4
113 43 5
113 100 8
113 151 17
113 172 14
113 202 18
113 264 20
113 276 17
114 5 8
114 15 21
114 109 6
114 121 79
114 127 20
114 225 8
114 252 4
114 258 10
114 271 17
114 283 9
114 288 26
114 297 71
115 2 17
115 60 1
115 63 21
115 111 16
115 118 22
115 127 13
115 174 17
115 216 15
115 227 22
115 271 4
115 288 7
115 291 18
115 297 39
116 14 4
116 37 3
116 43 16
116 48 5
116 69 23
116 90 14
116 131 21
116 135 9
116 194 9
116 199 17
116 206 6
116 242 27
116 255 24
116 278 7
117 61 22
117 162 8
117 180 10
117 188 3
117 190 36
117 195 8
117 220 6
117 234 17
118 68 27
118 112 9
118 131 18
118 164 10
118 206 6
118 207 29
118 244 3
119 22 13
119 59 24
119 69 16
119 99 16
119 108 7
119 171 12
119 192 6
119 206 3
119 274 23
119 275 2
119 284 9
119 287 32
119 290 22
119 295 9
120 26 26
120 51 2
120 84 11
120 178 19
120 208 12
120 216 22
120 227 33
120 229 19
120 250 3
120 268 3
120 300 6
121 216 9
121 258 9
121 271 14
121 283 1
121 288 2
121 297 8
122 54 12
122 134 14
122 148 3
122 186 16
122 217 6
122 253 11
122 270 30
122 273 41
122 290 6
122 301 86
123 1 12
123 32 18
123 45 44
123 67 26
123 74 17
123 79 37
123 96 18
123 180 21
123 193 2
123 194 13
123 236 5
123 238 2
123 246 45
123 252 3
123 256 82
123 259 39
123 266 7
123 296 40
124 2 19
124 5 7
124 60 7
124 62 32
124 63 23
124 65 10
124 66 22
124 88 34
124 104 15
124 110 2
124 115 42
124 129 12
124 260 42
124 269 8
125 0 4
125 23 23
125 30 19
125 42 15
125 70 1
125 76 5
125 85 16
125 100 28
125 105 21
125 113 8
125 126 5
125 146 40
125 172 46
125 210 10
125 252 4
125 262 39
125 268 4
125 291 14
126 49 11
126 54 13
126 82 16
126 97 10
126 114 6
126 122 23
126 132 9
126 186 5
126 253 21
126 273 17
126 290 14
126 301 49
127 114 3
127 121 5
127 168 22
127 258 14
127 271 22
127 280 3
127 283 4
127 288 24
127 297 39
128 31 17
128 51 21
128 57 19
128 77 10
128 103 2
128 144 39
128 198 19
128 202 17
128 235 28
128 246 9
128 249 4
128 256 3
128 260 42
128 264 27
129 15 8
129 69 25
129 88 4
129 191 7
129 263 1
129 293 21
130 9 2
130 44 6
130 61 75
130 66 30
130 77 19
130 78 3
130 117 26
130 129 20
130 162 31
130 188 42
130 190 71
130 195 40
130 221 35
130 234 16
130 252 35
131 50 14
131 74 10
131 115 4
131 185 19
131 188 23
131 203 12
131 244 6
132 27 11
132 106 23
132 133 14
132 177 26
132 185 19
132 198 13
132 204 11
132 209 22
132 211 1
132 258 9
133 145 4
133 146 3
133 201 6
133 204 4
133 261 5
134 63 5
134 184 68
134 219 34
134 227 28
134 254 5
134 270 63
134 290 14
134 301 76
135 22 20
135 141 12
135 169 2
135 182 10
135 183 3
135 202 22
135 263 11
135 278 25
135 286 3
135 289 13
135 299 13
136 32 3
136 78 6
136 117 4
136 142 7
136 190 13
136 195 3
136 221 21
136 234 3
136 266 1
136 272 16
137 51 4
137 276 8
137 280 19
137 287 2
137 295 9
137 298 15
138 21 12
138 34 20
138 42 24
138 72 2
138 83 22
138 137 11
138 170 30
138 185 25
138 230 27
138 241 19
138 275 15
138 276 6
138 293 20
139 27 19
139 29 14
139 35 6
139 49 3
139 80 5
139 145 18
139 178 21
139 180 19
139 181 35
139 199 16
139 261 37
139 268 6
139 273 20
139 281 8
140 92 6
140 174 1
140 208 10
140 214 6
140 227 9
140 269 2
140 300 9
141 169 13
141 182 3
141 183 5
141 202 21
141 235 14
141 251 1
141 264 7
141 278 14
142 78 31
142 96 5
142 117 9
142 132 1
142 136 35
142 173 10
142 195 7
142 221 24
142 248 10
142 252 16
142 272 12
142 287 5
142 296 15
143 49 19
143 93 3
143 97 4
143 140 3
143 144 9
143 147 4
143 163 8
143 208 8
143 227 15
143 250 11
143 294 7
143 300 20
144 88 1
144 239 12
144 246 6
144 254 2
145 106 8
145 133 24
145 146 30
145 201 3
145 216 14
145 219 3
145 261 4
145 282 4
145 291 13
146 133 2
146 184 14
146 201 15
146 216 7
146 219 5
146 261 10
146 262 4
146 277 1
146 279 37
146 291 3
147 5 37
147 25 14
147 91 5
147 92 2
147 93 27
147 97 19
147 108 17
147 115 15
147 120 24
147 140 14
147 143 18
147 163 37
147 250 17
147 270 29
147 280 20
148 12 24
148 14 13
148 43 2
148 48 16
148 116 17
148 125 2
148 171 4
148 172 7
148 184 24
148 262 27
148 263 6
148 291 35
148 294 7
149 16 37
149 34 43
149 41 12
149 44 4
149 52 10
149 94 25
149 101 1
149 155 1
149 162 2
149 179 23
149 198 33
149 205 15
149 207 36
149 252 35
150 27 14
150 30 9
150 35 28
150 65 7
150 106 41
150 112 16
150 132 69
150 153 5
150 185 43
150 209 67
150 211 12
150 219 45
150 222 43
150 225 11
150 233 14
150 277 1
151 14 12
151 50 3
151 64 1
151 79 7
151 156 14
151 170 7
151 175 7
151 199 1
151 215 7
151 230 2
151 255 1
151 274 23
152 27 6
152 49 14
152 87 8
152 153 9
152 209 8
152 270 39
152 281 8
153 8 13
153 46 14
153 49 1
153 58 15
153 91 22
153 152 20
153 161 11
153 227 47
153 229 16
153 273 28
153 288 39
154 23 6
154 42 17
154 105 14
154 113 4
154 115 6
154 125 8
154 148 2
154 172 14
154 279 24
154 280 32
154 288 40
154 299 13
155 2 3
155 16 15
155 34 18
155 41 16
155 44 17
155 65 6
155 67 5
155 68 15
155 94 5
155 101 25
155 121 17
155 149 3
155 205 20
155 237 39
155 293 36
156 231 7
156 237 1
156 257 7
156 284 14
156 286 15
156 293 8
156 299 21
157 23 1
157 37 20
157 43 1
157 53 16
157 68 22
157 96 4
157 168 8
157 184 13
157 200 7
157 222 9
157 225 6
157 226 12
157 232 12
157 294 2
158 3 8
158 84 8
158 92 9
158 126 2
158 140 25
158 174 29
158 176 8
158 214 13
158 265 6
158 269 1
158 292 7
158 300 31
159 1 10
159 22 13
159 137 14
159 141 42
159 179 5
159 189 18
159 263 10
159 275 14
159 278 8
159 280 70
159 295 8
159 298 70
160 9 5
160 14 14
160 15 1
160 28 1
160 38 1
160 39 35
160 73 18
160 88 65
160 104 39
160 113 10
160 129 9
160 158 10
160 196 6
160 218 22
160 249 14
160 254 43
160 292 17
161 8 13
161 37 17
161 46 19
161 58 25
161 120 5
161 147 10
161 152 3
162 61 38
162 78 36
162 117 9
162 185 5
162 188 22
162 190 36
162 192 17
162 195 13
162 221 18
162 234 32
162 238 9
163 5 11
163 25 10
163 110 14
163 143 5
163 227 10
163 234 13
163 250 11
163 301 54
164 45 2
164 207 19
164 220 19
164 231 11
164 236 1
164 240 32
164 255 2
164 266 5
164 267 19
164 272 3
165 56 25
165 63 7
165 88 32
165 192 23
165 220 25
165 224 9
165 235 42
165 247 12
165 260 36
165 279 8
165 281 7
166 18 9
166 40 9
166 187 14
166 189 35
166 192 8
166 198 18
166 212 4
166 223 17
166 235 23
166 249 3
166 292 2
167 4 19
167 7 13
167 57 15
167 63 26
167 77 10
167 79 35
167 128 22
167 144 6
167 217 21
167 223 19
167 227 36
167 246 27
167 248 17
167 249 3
167 254 33
167 260 20
167 282 19
167 292 16
168 184 12
168 200 1
168 278 16
168 294 3
169 135 16
169 141 4
169 183 16
169 202 4
169 243 13
169 264 18
169 278 14
169 289 10
170 137 17
170 151 33
170 175 1
170 199 4
170 215 15
170 230 29
170 242 14
170 257 26
170 274 31
170 276 9
170 282 18
171 7 19
171 12 13
171 14 4
171 43 6
171 48 11
171 95 6
171 99 13
171 109 3
171 116 39
171 118 9
171 148 9
171 179 24
171 188 23
171 197 3
171 274 29
171 275 24
171 276 18
172 30 12
172 68 28
172 105 5
172 133 16
172 154 2
172 204 36
172 231 14
172 293 22
173 51 10
173 68 17
173 78 17
173 136 29
173 142 26
173 194 37
173 206 5
173 221 30
173 237 11
173 252 42
173 272 9
173 287 16
173 296 16
173 298 18
174 3 10
174 64 18
174 84 12
174 92 9
174 140 11
174 143 19
174 214 6
174 250 7
174 259 3
174 269 16
174 300 23
174 301 33
175 59 20
175 151 16
175 164 27
175 170 38
175 187 3
175 195 17
175 199 24
175 215 38
175 230 70
175 242 55
175 274 30
175 275 6
175 282 11
175 286 17
175 287 13
176 3 12
176 13 24
176 54 5
176 84 16
176 92 11
176 122 5
176 134 13
176 140 43
176 158 20
176 174 27
176 214 33
176 269 4
176 300 29
176 301 43
177 59 22
177 71 2
177 194 14
177 232 3
177 262 5
177 277 8
177 288 11
178 13 10
178 26 22
178 51 30
178 54 14
178 120 18
178 166 4
178 168 22
178 183 20
178 208 16
178 229 9
178 284 8
179 22 6
179 74 11
179 99 10
179 137 19
179 159 15
179 171 11
179 221 15
179 275 4
179 276 10
179 298 8
180 17 2
180 31 40
180 47 3
180 64 3
180 136 20
180 190 26
180 248 9
180 296 14
181 35 2
181 38 8
181 49 1
181 89 10
181 135 13
181 154 3
181 156 32
181 159 6
181 265 10
181 281 32
182 141 32
182 169 26
182 183 32
182 202 4
182 264 24
182 278 45
182 279 10
182 283 27
182 289 36
182 297 19
183 31 14
183 67 7
183 135 2
183 141 7
183 169 3
183 260 12
183 264 16
183 278 11
183 289 15
184 53 4
184 115 19
184 157 20
184 168 6
184 200 2
184 222 1
184 294 24
184 297 42
185 27 5
185 96 6
185 106 19
185 142 14
185 143 13
185 201 29
185 204 2
185 209 22
185 211 5
185 233 10
185 294 7
186 13 12
186 54 8
186 82 10
186 106 25
186 122 22
186 126 25
186 134 9
186 253 17
186 259 26
186 273 22
186 290 27
187 27 10
187 128 20
187 189 12
187 198 11
187 218 3
187 254 9
188 31 9
188 61 12
188 142 1
188 162 2
188 173 8
188 190 45
188 195 7
188 221 27
188 227 9
188 234 6
189 292 1
190 56 2
190 61 15
190 142 7
190 195 10
190 221 4
190 234 11
190 273 4
191 17 30
191 31 21
191 36 27
191 47 30
191 64 7
191 78 23
191 173 18
191 180 67
191 199 21
191 203 38
191 236 4
191 248 20
191 266 16
191 282 16
191 296 7
192 56 1
192 220 16
192 224 40
192 235 7
192 247 6
192 278 36
192 279 14
192 281 21
193 4 12
193 18 22
193 104 16
193 153 4
193 166 18
193 187 28
193 189 22
193 198 42
193 212 11
193 218 3
193 234 27
193 271 13
194 59 12
194 66 18
194 68 16
194 71 11
194 222 30
194 232 8
194 241 11
194 251 23
195 61 34
195 117 3
195 190 17
195 267 11
196 28 31
196 39 15
196 40 9
196 53 24
196 57 23
196 73 4
196 75 19
196 88 21
196 104 5
196 107 21
196 129 32
196 141 43
196 160 7
196 202 17
196 223 15
197 40 4
197 69 13
197 90 16
197 99 16
197 116 2
197 119 7
197 156 9
197 168 18
197 206 21
197 287 40
197 293 27
198 18 4
198 67 1
198 74 12
198 96 7
198 187 9
198 189 15
198 218 17
199 151 13
199 166 6
199 170 5
199 197 6
199 230 2
199 242 23
199 274 20
199 282 3
200 37 1
200 53 19
200 71 16
200 157 2
200 168 15
200 184 10
200 211 6
200 222 10
200 294 7
200 301 18
201 133 17
201 145 4
201 172 6
201 216 3
201 219 8
201 222 16
201 258 3
201 277 18
201 288 21
201 291 20
202 141 10
202 148 9
202 169 15
202 182 6
202 183 33
202 198 9
202 264 40
202 274 26
202 278 8
202 289 17
203 17 26
203 31 21
203 36 21
203 47 16
203 55 5
203 64 13
203 74 14
203 96 20
203 156 16
203 180 22
203 191 11
203 194 12
203 248 1
203 256 11
204 219 16
204 261 15
204 264 6
204 275 5
204 290 17
204 301 31
205 16 9
205 34 6
205 41 4
205 44 10
205 47 22
205 56 2
205 94 8
205 118 4
205 207 10
206 7 4
206 64 4
206 69 1
206 99 6
206 197 6
206 242 2
206 287 2
206 298 20
207 240 14
207 259 2
207 282 13
207 284 2
208 13 6
208 51 20
208 109 3
208 120 14
208 178 20
208 250 3
208 268 1
208 270 6
209 27 5
209 62 7
209 78 4
209 106 12
209 145 7
209 204 11
210 7 14
210 50 6
210 77 7
210 79 30
210 90 10
210 101 3
210 112 9
210 118 18
210 130 10
210 131 22
210 162 20
210 191 5
210 238 28
211 27 25
211 61 2
211 67 9
211 132 9
211 133 17
211 150 4
211 185 1
211 200 10
211 209 16
211 233 2
211 249 15
211 288 27
211 289 22
212 18 3
212 166 12
212 178 15
212 187 27
212 189 33
212 193 8
212 198 14
212 218 20
212 232 7
212 239 18
212 270 10
213 3 18
213 55 35
213 62 28
213 81 27
213 87 47
213 95 2
213 103 50
213 107 16
213 204 45
213 211 12
213 226 2
213 228 13
213 239 17
213 261 20
214 97 3
214 140 15
214 158 10
214 161 16
214 163 3
214 174 4
214 176 4
214 227 16
214 250 7
214 269 13
214 300 24
215 151 5
215 199 17
215 230 24
215 274 32
215 279 7
216 121 16
216 133 9
216 140 6
216 146 8
216 201 15
216 219 16
216 261 22
216 291 10
217 1 17
217 18 7
217 57 1
217 77 25
217 108 6
217 124 2
217 127 22
217 128 25
217 134 7
217 144 26
217 228 21
217 246 28
217 254 12
217 260 41
217 292 2
217 293 31
218 4 11
218 18 40
218 57 8
218 154 8
218 166 21
218 187 4
218 189 47
218 193 11
218 198 23
218 212 11
218 223 9
218 228 8
219 53 1
219 133 15
219 134 2
219 145 2
219 146 1
219 201 4
219 216 3
219 277 6
219 290 11
220 56 3
220 192 1
220 224 33
220 231 5
220 235 10
220 247 12
220 267 14
221 61 3
222 27 6
222 53 3
222 133 5
222 152 2
222 168 22
222 184 1
222 225 3
222 294 2
223 4 20
223 18 31
223 63 9
223 144 11
223 166 14
223 187 68
223 189 48
223 193 42
223 198 43
223 212 12
223 218 15
223 246 8
223 274 7
224 165 3
224 247 9
224 260 9
225 37 8
225 168 43
225 184 10
225 200 32
225 222 4
225 243 2
225 294 20
226 37 32
226 53 36
226 115 24
226 135 6
226 141 5
226 157 4
226 168 37
226 184 36
226 200 32
226 204 12
226 218 7
226 222 43
226 225 36
226 294 29
227 158 6
227 208 5
227 270 60
227 301 45
228 59 22
228 62 10
228 87 17
228 103 11
228 204 6
228 280 19
229 3 9
229 10 4
229 13 4
229 26 13
229 51 40
229 109 4
229 120 13
229 133 2
229 178 13
229 208 24
229 225 16
229 268 20
230 137 4
230 151 4
230 199 19
230 243 3
230 274 14
230 282 1
231 259 9
231 267 2
231 286 7
231 293 8
231 299 28
232 59 20
232 71 3
232 114 14
232 177 34
232 194 7
232 241 13
232 242 9
232 243 31
232 251 16
232 262 17
232 276 4
233 22 38
233 27 59
233 39 6
233 85 13
233 106 50
233 132 13
233 150 9
233 185 26
233 204 13
233 209 67
233 211 19
233 297 51
234 61 13
234 180 6
234 188 1
234 190 6
234 195 10
234 221 13
234 283 13
235 220 12
235 224 22
235 247 12
235 279 6
236 32 8
236 45 12
236 66 24
236 164 12
236 207 43
236 240 29
236 255 11
236 259 42
236 266 15
236 267 27
236 284 28
237 156 15
237 231 32
237 240 30
237 257 4
237 285 2
237 286 8
237 293 4
237 299 8
238 7 11
238 50 14
238 118 16
238 131 34
238 188 14
238 244 4
238 245 15
238 259 3
238 267 47
238 272 15
239 27 20
239 62 20
239 81 1
239 87 22
239 103 23
239 108 4
239 163 1
239 213 7
239 228 6
239 261 6
240 66 10
240 207 24
240 236 4
240 255 5
240 266 4
240 267 17
240 293 3
241 19 5
241 57 15
241 59 20
241 68 37
241 71 10
241 177 8
241 194 13
241 228 7
241 232 5
241 243 4
241 251 3
242 151 17
242 215 21
242 230 22
242 274 6
242 282 7
242 289 3
242 298 6
243 59 30
243 71 33
243 156 29
243 169 14
243 177 10
243 194 4
243 215 4
243 241 4
243 251 1
243 262 28
244 1 14
244 7 18
244 50 13
244 112 14
244 114 2
244 118 22
244 131 3
244 210 15
244 212 9
244 238 4
244 256 47
244 272 13
244 275 44
245 56 1
245 165 26
245 169 4
245 192 11
245 204 15
245 220 48
245 224 28
245 235 56
245 247 39
245 279 16
245 281 21
246 57 4
246 63 21
246 127 9
246 167 1
246 254 33
246 260 2
246 292 29
246 297 25
247 56 7
247 165 18
247 182 5
247 187 16
247 192 2
247 207 2
247 220 3
247 224 21
247 245 4
247 246 6
247 256 17
247 279 30
247 281 21
248 17 10
248 36 5
248 47 14
248 64 3
248 74 4
248 96 23
248 180 6
248 195 15
248 203 1
248 251 7
249 57 18
249 124 2
249 128 22
249 144 22
249 217 19
249 224 29
249 235 15
249 246 11
249 254 15
249 260 20
249 265 13
249 280 22
250 5 24
250 134 15
250 141 6
250 143 9
250 147 10
250 163 10
250 227 16
251 59 20
251 68 17
251 71 23
251 177 14
251 194 12
251 230 6
251 241 2
252 47 4
252 78 25
252 136 13
252 142 14
252 173 19
252 190 17
252 195 10
252 221 78
252 272 17
252 296 30
253 82 9
253 134 14
253 153 10
253 186 1
253 270 15
253 273 18
253 290 3
254 77 3
254 128 2
254 129 2
254 134 5
254 198 14
254 260 23
254 297 23
254 301 6
255 32 20
255 66 20
255 79 13
255 164 15
255 207 36
255 236 13
255 240 18
255 259 29
255 266 7
255 267 43
256 67 20
256 69 8
256 96 2
256 284 12
257 156 11
257 231 20
257 237 19
257 276 4
257 285 7
257 286 1
257 293 39
257 299 19
258 121 17
258 127 29
258 184 11
258 262 6
258 271 4
258 283 15
258 297 55
259 32 2
259 66 12
259 74 4
259 164 7
259 207 3
259 240 10
259 255 12
259 267 17
260 144 27
260 224 5
261 8 2
261 133 14
261 145 7
261 146 21
261 201 27
261 216 20
261 219 14
261 277 17
261 291 12
262 71 24
262 121 5
262 177 8
262 194 14
262 241 33
262 251 12
262 258 18
263 19 2
263 22 13
263 137 61
263 159 17
263 179 9
263 199 2
263 275 14
263 276 6
263 280 37
263 288 20
263 295 13
264 135 18
264 141 11
264 182 8
264 183 16
264 204 4
264 278 16
264 289 15
265 30 3
265 156 28
265 218 1
265 231 51
265 237 28
265 257 18
265 285 48
265 286 20
265 293 53
265 299 46
266 32 11
266 64 6
266 66 18
266 164 9
266 207 33
266 210 9
266 236 5
266 255 17
266 259 38
266 267 21
267 136 8
267 164 22
267 207 20
267 220 6
267 234 10
267 237 4
267 259 11
268 10 7
268 26 17
268 51 20
268 109 14
268 120 14
268 178 8
268 186 2
268 208 10
268 266 5
269 34 1
269 92 5
269 140 16
269 158 17
269 174 5
269 176 6
269 214 4
269 227 12
269 251 13
269 287 9
269 300 32
270 61 9
270 121 6
270 144 12
270 273 1
270 301 29
271 114 4
271 121 10
271 135 17
271 258 23
271 288 16
271 291 8
271 297 56
272 78 14
272 136 47
272 142 20
272 173 10
272 190 11
272 221 78
272 252 2
272 296 42
273 54 6
273 270 5
273 290 12
273 301 52
274 151 2
274 230 9
274 257 7
274 282 5
275 137 17
275 144 9
275 159 11
275 276 5
275 280 7
275 295 9
275 298 3
276 137 15
276 159 9
276 179 9
276 197 7
276 275 16
276 295 11
276 298 1
277 106 5
277 133 20
277 145 6
277 146 23
277 177 3
277 216 50
277 219 12
277 291 3
278 141 6
278 169 9
278 202 7
278 204 13
278 289 9
279 56 8
279 192 19
279 220 24
279 224 27
279 235 9
279 245 17
279 281 20
280 179 7
280 276 7
280 298 23
281 220 14
281 224 9
281 235 43
281 245 12
282 17 3
282 151 9
282 175 8
282 199 6
282 215 7
282 230 6
282 242 12
282 274 13
282 293 9
283 121 23
283 127 3
283 271 6
284 45 3
284 69 21
284 119 22
284 197 9
284 206 15
285 156 20
285 231 6
285 237 12
285 293 42
285 299 16
286 156 15
286 231 8
286 237 2
286 257 27
286 265 4
286 285 15
286 293 7
286 299 13
287 69 25
287 96 20
287 119 7
287 206 4
287 284 25
287 298 9
288 121 19
288 127 17
288 258 10
288 283 22
288 297 27
289 100 3
289 135 1
289 141 8
289 169 3
289 183 2
289 258 5
290 82 7
290 122 5
290 126 1
290 134 1
290 273 9
291 85 10
291 133 42
291 145 7
291 146 3
291 201 14
291 216 31
291 219 35
291 261 20
291 271 11
291 277 9
292 57 9
292 63 18
292 77 17
292 128 8
292 144 8
292 249 6
292 254 28
292 260 10
293 156 4
293 231 28
293 237 11
293 286 2
293 299 6
294 157 4
294 168 4
294 200 3
294 222 22
295 22 4
295 179 5
295 263 1
295 275 29
295 276 14
295 280 22
295 298 13
296 61 28
296 78 12
296 110 7
296 136 56
296 142 18
296 221 16
297 121 6
297 283 6
298 22 2
298 136 24
298 137 9
298 179 6
298 263 9
298 275 4
298 280 5
299 231 17
299 293 4
300 3 5
300 140 9
300 269 11
