0 1 10
0 3 7
0 6 10
0 11 9
0 17 28
0 32 18
0 46 26
0 51 34
0 55 3
0 110 23
0 129 20
0 147 44
0 151 2
0 156 3
0 159 4
0 166 6
0 176 9
0 208 31
0 235 34
1 18 10
1 22 15
1 41 34
1 50 8
1 77 12
1 78 11
1 115 41
1 160 23
1 204 7
1 207 1
1 209 27
1 212 19
1 270 9
1 290 8
1 298 54
2 3 16
2 4 11
2 8 12
2 16 5
2 48 29
2 72 11
2 83 29
2 102 1
2 105 13
2 122 36
2 126 19
2 256 20
2 266 11
2 281 24
2 291 13
3 5 18
3 16 4
3 31 3
3 57 29
3 61 20
3 67 15
3 86 1
3 109 19
3 120 12
3 121 8
3 135 5
3 139 51
3 143 59
3 151 1
3 153 14
3 160 1
3 227 28
3 239 32
4 69 6
4 70 5
4 78 36
4 119 53
4 194 7
4 207 34
4 209 10
4 214 14
4 228 13
4 270 31
4 294 40
4 295 32
5 32 17
5 71 13
5 130 8
5 133 16
5 161 59
5 175 4
5 199 11
5 200 26
5 214 12
5 251 17
5 257 5
5 265 17
5 286 2
5 302 54
6 2 22
6 7 25
6 10 46
6 12 12
6 30 35
6 52 6
6 75 21
6 85 22
6 98 19
6 103 24
6 121 20
6 145 29
6 176 31
6 181 49
6 195 2
6 239 33
6 243 44
6 264 55
7 10 6
7 16 1
7 60 16
7 69 8
7 90 23
7 92 3
7 104 34
7 149 16
7 195 32
7 211 4
7 231 5
7 238 11
7 254 20
7 278 42
8 14 18
8 15 8
8 16 7
8 44 24
8 48 19
8 59 30
8 83 24
8 91 7
8 102 6
8 105 38
8 122 11
8 123 11
8 126 2
8 139 22
8 163 17
8 168 17
8 218 23
9 2 5
9 11 9
9 38 20
9 68 2
9 87 20
9 96 17
9 111 5
9 133 8
9 139 6
9 144 37
9 197 17
9 202 18
9 208 5
9 221 11
9 279 28
9 280 39
10 6 13
10 8 22
10 9 12
10 30 30
10 42 15
10 52 22
10 85 19
10 88 14
10 98 3
10 103 2
10 145 12
10 153 8
10 157 13
10 163 36
10 164 17
10 176 12
10 189 7
10 198 34
10 245 8
10 254 40
11 0 1
11 17 16
11 44 8
11 46 29
11 51 31
11 55 28
11 85 25
11 100 7
11 110 13
11 126 10
11 144 34
11 151 11
11 153 11
11 184 21
11 208 11
11 229 16
12 6 1
12 10 19
12 30 21
12 42 29
12 48 30
12 52 1
12 63 34
12 85 40
12 88 31
12 98 27
12 103 28
12 122 18
12 135 34
12 145 50
12 163 6
12 170 27
12 176 30
12 178 26
12 191 70
12 241 39
12 252 17
12 283 47
13 3 16
13 21 32
13 26 6
13 31 29
13 35 27
13 67 3
13 108 5
13 109 37
13 119 15
13 135 26
13 139 36
13 143 11
13 153 15
13 164 4
13 181 20
13 214 43
13 219 52
13 285 46
13 288 25
14 7 8
14 43 26
14 56 18
14 72 3
14 94 13
14 106 1
14 121 10
14 122 1
14 179 2
14 190 13
14 210 15
14 224 15
14 237 25
14 245 9
14 253 7
14 294 20
14 304 41
15 1 7
15 11 4
15 18 14
15 22 14
15 41 10
15 48 13
15 77 5
15 81 14
15 112 10
15 123 4
15 132 14
15 168 14
15 212 19
15 293 24
15 298 15
15 303 38
16 11 19
16 13 7
16 48 10
16 83 1
16 105 30
16 122 26
16 126 12
16 135 6
16 157 6
16 162 20
16 205 16
16 216 14
16 271 20
16 283 31
16 291 40
17 20 11
17 32 11
17 44 9
17 45 7
17 46 7
17 51 39
17 110 5
17 151 10
17 197 5
17 199 21
17 208 33
17 279 16
17 302 32
18 1 25
18 15 3
18 22 3
18 27 11
18 41 11
18 72 4
18 123 3
18 125 5
18 136 17
18 160 8
18 185 9
18 204 7
18 228 19
18 254 10
18 267 30
18 277 16
18 290 9
18 303 17
19 50 8
19 82 12
19 124 8
19 144 3
19 172 7
19 180 6
19 181 8
19 192 21
19 239 27
19 241 10
19 255 33
19 292 55
20 63 23
20 73 12
20 114 4
20 118 7
20 131 22
20 146 22
20 181 13
20 182 23
20 231 28
20 256 5
20 258 8
20 259 20
21 49 13
21 58 3
21 68 4
21 125 21
21 132 4
21 165 23
21 230 13
21 236 8
21 269 16
21 295 8
22 15 22
22 23 9
22 41 12
22 97 32
22 112 14
22 160 3
22 204 17
22 248 15
22 273 18
23 7 17
23 24 7
23 27 8
23 56 5
23 60 31
23 90 4
23 94 2
23 104 12
23 138 10
23 149 17
23 195 40
23 199 1
23 211 10
23 231 9
23 241 12
23 254 9
23 264 17
23 278 15
24 65 10
24 125 5
24 171 17
24 203 1
24 271 10
24 277 29
24 289 8
25 39 9
25 43 6
25 54 5
25 58 26
25 60 6
25 129 8
25 130 10
25 133 21
25 250 19
25 265 10
26 4 18
26 21 3
26 33 27
26 56 8
26 69 1
26 78 19
26 91 18
26 119 21
26 128 3
26 191 25
26 206 8
26 212 8
26 230 12
26 233 11
26 265 4
26 274 18
27 24 2
27 47 1
27 53 10
27 64 9
27 68 1
27 155 3
27 222 24
27 223 2
27 232 1
28 1 35
28 2 23
28 15 77
28 18 15
28 22 69
28 41 61
28 50 19
28 72 23
28 77 18
28 92 25
28 112 57
28 123 18
28 126 12
28 135 7
28 137 19
28 152 12
28 160 32
28 178 44
28 182 27
28 204 30
28 288 64
29 97 10
29 136 13
29 167 2
29 190 34
29 230 5
29 253 6
29 268 25
29 269 7
29 291 4
29 303 30
30 42 5
30 85 20
30 88 7
30 98 9
30 103 3
30 131 7
30 145 10
30 163 9
30 176 10
30 224 30
30 244 23
30 267 24
30 296 25
31 13 8
31 29 36
31 33 11
31 49 9
31 67 6
31 86 5
31 109 9
31 114 4
31 139 1
31 143 28
31 153 4
31 237 25
31 264 23
31 273 15
31 299 40
32 5 7
32 63 30
32 96 7
32 140 10
32 142 18
32 161 33
32 175 9
32 199 26
32 200 30
32 229 8
32 251 15
32 261 19
32 264 5
32 302 8
33 31 11
33 58 21
33 65 16
33 70 4
33 78 18
33 99 16
33 110 31
33 119 5
33 140 18
33 206 9
33 222 47
33 235 1
33 244 18
33 258 13
33 300 23
34 25 15
34 29 35
34 39 27
34 51 7
34 54 13
34 59 25
34 101 20
34 129 33
34 130 14
34 133 2
34 169 4
34 186 10
34 226 17
34 250 24
34 260 12
34 265 1
34 284 24
35 71 8
35 76 9
35 104 31
35 154 35
35 158 9
35 178 18
35 188 16
35 227 20
35 258 25
35 274 2
35 287 10
36 15 1
36 59 8
36 99 11
36 107 2
36 147 5
36 170 22
36 178 11
36 200 17
36 209 19
36 228 15
36 231 13
36 280 8
36 287 8
37 101 29
37 127 4
37 161 11
37 186 9
37 228 3
37 262 22
37 290 6
37 294 16
38 9 11
38 39 4
38 45 3
38 87 8
38 144 9
38 161 7
38 193 16
38 202 30
38 221 30
38 261 4
38 264 4
39 25 9
39 54 7
39 129 4
39 130 20
39 143 20
39 193 33
39 202 1
39 250 28
39 264 30
39 265 3
40 38 3
40 45 18
40 100 8
40 111 2
40 119 24
40 193 27
40 226 4
40 229 16
40 279 3
40 286 5
41 14 5
41 15 4
41 22 5
41 50 23
41 77 8
41 89 21
41 112 18
41 123 12
41 160 47
41 171 51
41 216 18
41 271 22
41 293 18
41 300 12
41 303 27
42 6 11
42 72 22
42 84 16
42 85 8
42 92 10
42 103 15
42 144 2
42 145 5
42 163 6
42 256 3
42 278 19
43 37 17
43 56 14
43 79 10
43 94 13
43 106 11
43 115 3
43 121 1
43 140 8
43 141 6
43 160 9
43 165 4
43 210 17
43 224 10
43 238 7
43 246 26
43 297 40
44 0 15
44 11 1
44 17 11
44 36 11
44 41 12
44 46 30
44 51 27
44 55 14
44 82 18
44 97 32
44 110 20
44 134 6
44 145 23
44 151 15
44 155 28
44 208 48
45 40 12
45 42 6
45 100 5
45 111 18
45 142 8
45 146 17
45 226 8
45 229 10
45 235 3
45 257 10
45 279 8
45 286 11
45 302 20
46 17 2
46 44 4
46 45 3
46 51 13
46 64 21
46 78 11
46 100 10
46 159 23
46 201 4
46 208 17
46 238 2
47 27 17
47 56 11
47 64 25
47 68 2
47 91 64
47 104 6
47 150 18
47 155 13
47 162 24
47 223 24
47 232 40
47 268 21
47 270 18
47 289 38
48 16 11
48 47 15
48 83 6
48 91 15
48 102 18
48 105 11
48 122 5
48 125 28
48 162 38
48 246 19
48 289 29
49 19 19
49 108 12
49 165 3
49 189 16
49 204 13
49 269 18
49 286 2
49 287 7
50 1 9
50 14 1
50 15 9
50 18 10
50 22 3
50 29 27
50 77 1
50 107 2
50 112 9
50 160 3
50 204 4
50 210 14
50 267 41
50 282 12
50 296 15
51 46 3
51 55 3
51 110 1
51 151 9
51 161 14
51 208 23
51 209 4
51 214 26
51 257 6
51 264 12
52 15 16
52 30 4
52 42 29
52 72 14
52 85 15
52 88 2
52 103 21
52 118 40
52 145 3
52 163 6
52 172 37
52 176 29
52 215 22
52 241 39
52 242 35
53 27 2
53 57 23
53 61 16
53 66 23
53 87 7
53 137 10
53 174 31
53 220 3
53 225 15
53 227 10
53 233 24
53 236 20
53 269 20
54 5 5
54 25 1
54 39 13
54 129 19
54 133 13
54 193 25
54 243 41
54 248 10
54 250 18
54 251 15
54 265 19
54 286 24
55 0 24
55 17 12
55 31 3
55 44 16
55 46 19
55 51 15
55 110 25
55 121 3
55 144 13
55 151 11
55 161 28
55 172 11
55 208 24
55 214 39
56 14 2
56 27 14
56 72 12
56 94 33
56 106 10
56 112 3
56 121 12
56 124 30
56 165 8
56 210 11
56 216 4
56 223 15
56 232 3
56 281 4
57 61 1
57 66 14
57 115 2
57 182 3
57 220 15
58 21 14
58 49 21
58 79 6
58 132 12
58 165 7
58 207 16
58 209 4
58 213 13
58 243 7
58 264 7
58 269 6
59 82 11
59 124 1
59 131 19
59 134 9
59 170 19
59 172 7
59 180 14
59 191 3
59 192 11
59 217 16
59 238 1
59 292 1
60 24 26
60 57 8
60 62 20
60 90 7
60 104 6
60 127 10
60 160 13
60 195 3
60 220 18
60 231 8
60 254 9
60 277 18
60 297 34
60 299 1
61 51 5
61 57 29
61 66 30
61 139 2
61 152 6
61 188 3
61 220 6
61 225 2
61 233 21
61 235 7
61 236 29
61 238 12
61 259 15
61 287 3
62 118 15
62 140 2
62 191 3
62 207 14
62 219 39
62 263 6
62 297 40
63 73 14
63 84 33
63 146 22
63 154 1
63 181 10
63 182 15
63 183 8
63 205 2
63 219 3
63 240 26
63 241 8
63 247 9
63 256 10
63 264 15
64 24 10
64 91 7
64 155 23
64 222 66
64 223 18
64 261 4
64 272 15
64 289 3
65 101 4
65 115 28
65 187 22
65 214 16
65 221 7
65 241 3
65 304 39
66 53 10
66 57 4
66 114 12
66 220 12
66 225 3
66 233 11
66 236 31
66 244 16
66 297 17
67 3 11
67 13 5
67 16 10
67 25 1
67 55 14
67 62 32
67 66 8
67 70 26
67 83 9
67 109 40
67 143 43
67 164 4
67 183 19
67 227 44
67 295 3
68 21 22
68 35 1
68 49 19
68 58 2
68 79 14
68 108 23
68 132 5
68 189 5
68 196 21
68 213 8
68 223 12
68 232 12
68 254 7
68 269 10
69 4 6
69 11 15
69 22 15
69 26 30
69 33 25
69 36 20
69 38 30
69 48 6
69 70 27
69 78 22
69 119 50
69 135 8
69 169 11
69 192 54
69 206 33
69 209 22
69 240 14
69 285 35
70 4 15
70 26 22
70 33 9
70 49 6
70 55 7
70 73 7
70 78 5
70 104 6
70 119 13
70 137 18
70 140 15
70 189 3
70 206 6
70 243 9
71 35 1
71 36 10
71 132 5
71 154 44
71 158 18
71 188 1
71 227 10
71 236 17
71 259 2
71 281 1
71 287 22
71 288 24
72 11 2
72 14 19
72 43 8
72 47 9
72 56 3
72 75 18
72 94 3
72 99 23
72 121 10
72 139 20
72 141 9
72 156 6
72 166 24
72 179 23
72 210 26
72 234 17
72 288 58
73 20 1
73 84 18
73 146 14
73 172 18
73 211 2
73 240 11
73 256 13
73 289 4
74 24 18
74 63 11
74 92 16
74 93 36
74 95 24
74 146 2
74 180 3
74 196 23
74 205 13
74 239 17
74 242 47
74 247 20
74 256 3
74 283 39
75 1 22
75 7 10
75 14 11
75 37 23
75 43 17
75 56 15
75 72 3
75 94 1
75 112 2
75 121 43
75 164 15
75 179 9
75 210 38
75 253 20
75 267 30
75 270 23
75 276 8
75 290 20
76 35 15
76 60 23
76 71 26
76 104 14
76 154 62
76 158 7
76 188 46
76 220 19
76 227 19
76 234 21
76 235 7
76 249 26
76 254 21
76 259 1
76 287 40
77 1 15
77 4 5
77 18 30
77 22 3
77 28 11
77 33 3
77 50 8
77 54 5
77 112 1
77 123 21
77 160 24
77 177 43
77 204 6
77 208 14
77 210 3
77 232 23
77 272 50
77 290 6
78 4 2
78 23 15
78 25 6
78 33 1
78 69 4
78 70 6
78 117 23
78 119 11
78 183 37
78 206 4
78 209 15
78 212 14
78 270 23
78 275 10
78 297 72
78 303 26
79 21 3
79 49 19
79 58 8
79 108 11
79 165 12
79 184 24
79 189 3
79 213 5
79 246 34
79 262 11
79 269 43
79 284 12
80 65 12
80 97 20
80 115 35
80 136 25
80 183 4
80 187 22
80 199 2
80 212 16
80 214 43
80 270 18
80 280 9
80 304 27
81 117 28
81 183 3
81 207 17
81 212 17
81 234 4
81 246 13
81 269 3
81 280 15
81 282 10
81 288 2
81 298 11
82 19 3
82 36 8
82 124 11
82 172 4
82 181 3
82 249 3
82 250 2
82 255 20
82 292 34
82 303 18
83 8 3
83 51 20
83 78 19
83 105 3
83 120 4
83 122 21
83 167 7
83 168 49
83 218 26
83 260 10
83 261 19
83 291 31
83 296 49
83 303 39
84 20 5
84 24 2
84 93 11
84 146 21
84 181 4
84 240 6
84 255 8
84 256 2
84 283 19
85 38 27
85 42 3
85 73 8
85 104 2
85 145 12
85 154 11
85 163 8
85 176 12
85 202 33
86 3 10
86 9 21
86 13 8
86 19 31
86 31 15
86 67 3
86 109 19
86 112 12
86 135 14
86 139 4
86 143 25
86 153 29
86 164 10
86 189 3
86 217 38
86 218 26
86 238 27
86 243 25
86 276 33
87 9 9
87 38 27
87 96 11
87 144 6
87 179 9
87 197 9
87 202 20
87 208 11
87 214 28
87 221 19
87 251 21
87 257 5
87 261 21
87 302 15
88 6 7
88 20 28
88 30 23
88 42 12
88 52 1
88 85 1
88 90 7
88 103 17
88 153 1
88 163 24
88 176 11
88 180 33
88 181 6
88 249 14
88 260 6
89 81 15
89 125 6
89 168 3
89 195 1
89 215 28
89 216 14
89 246 15
89 277 28
89 285 11
89 296 10
90 7 4
90 25 15
90 46 13
90 47 5
90 96 7
90 104 17
90 146 40
90 149 6
90 180 18
90 195 19
90 196 25
90 211 3
90 231 22
90 254 35
90 278 48
90 283 17
91 27 11
91 64 30
91 89 6
91 124 16
91 266 7
91 284 3
92 74 13
92 93 47
92 95 25
92 146 20
92 155 8
92 196 21
92 215 1
92 237 4
92 239 64
92 240 8
92 242 53
92 247 16
92 260 2
93 95 4
93 196 2
93 217 2
93 247 3
94 22 15
94 162 6
94 167 10
94 179 25
94 183 26
94 210 6
94 221 7
94 224 1
94 242 26
94 299 18
94 300 30
95 93 16
95 180 3
95 196 3
95 222 5
95 237 10
95 243 18
95 255 14
95 278 3
95 292 17
96 19 18
96 38 8
96 40 2
96 87 8
96 111 7
96 193 3
96 202 12
96 221 10
96 261 20
96 264 12
96 279 1
97 170 20
97 190 13
97 224 8
97 253 12
97 266 13
97 268 28
97 293 13
98 0 9
98 6 21
98 17 2
98 30 21
98 42 38
98 50 13
98 52 23
98 67 11
98 85 25
98 88 6
98 90 26
98 124 24
98 131 23
98 163 23
98 176 10
98 181 34
98 188 11
98 252 11
99 8 2
99 36 15
99 88 9
99 90 4
99 107 21
99 121 4
99 147 35
99 159 17
99 178 36
99 201 14
99 208 29
99 209 75
99 228 38
99 295 12
100 3 2
100 40 9
100 45 3
100 142 3
100 167 21
100 193 24
100 229 9
100 235 13
100 279 9
100 286 9
101 107 6
101 161 11
101 184 10
101 187 4
101 262 9
101 291 9
101 294 1
101 295 23
102 2 4
102 8 24
102 16 17
102 22 24
102 48 27
102 83 6
102 91 11
102 105 28
102 122 16
102 126 20
102 169 4
102 206 16
102 237 13
102 255 15
102 281 41
102 293 32
103 30 3
103 35 25
103 42 15
103 52 19
103 85 10
103 93 28
103 98 12
103 145 18
103 176 15
103 195 16
103 243 28
103 267 41
104 60 7
104 195 12
104 211 13
104 222 30
104 231 14
104 239 27
104 242 31
104 243 19
104 254 10
104 278 20
105 2 3
105 8 2
105 16 3
105 30 14
105 31 13
105 41 14
105 48 10
105 83 4
105 102 14
105 122 8
105 126 7
105 168 42
105 266 24
105 273 19
105 281 36
105 293 15
105 296 16
105 303 49
106 9 29
106 26 2
106 43 22
106 56 10
106 58 6
106 66 22
106 72 1
106 75 16
106 94 30
106 121 23
106 131 27
106 152 20
106 156 2
106 179 9
106 210 3
106 217 31
106 233 17
106 243 40
106 274 26
107 37 14
107 127 2
107 184 16
107 186 19
107 209 7
107 215 15
107 262 31
107 294 14
107 295 32
108 21 23
108 33 5
108 58 15
108 132 9
108 165 28
108 167 22
108 236 10
108 257 13
108 269 15
108 299 18
109 39 16
109 57 23
109 64 5
109 103 9
109 143 14
109 145 9
109 153 8
109 191 27
109 234 4
110 17 7
110 32 2
110 44 2
110 46 41
110 49 10
110 51 11
110 55 2
110 151 3
110 208 52
110 251 11
111 38 2
111 40 7
111 45 6
111 100 45
111 133 3
111 142 34
111 226 28
111 228 23
111 229 24
111 235 10
111 279 21
111 286 17
112 1 7
112 15 15
112 18 4
112 30 2
112 50 12
112 94 11
112 117 10
112 123 5
112 159 20
112 160 8
112 204 15
112 253 15
112 282 12
112 291 12
113 4 12
113 36 51
113 54 10
113 79 23
113 99 20
113 116 9
113 147 59
113 159 28
113 162 5
113 175 19
113 178 19
113 207 4
113 209 33
113 228 12
113 254 4
113 285 18
113 294 39
113 304 47
114 62 34
114 118 30
114 140 20
114 191 18
114 219 23
114 233 5
114 244 12
114 258 19
114 263 10
114 272 10
114 286 9
114 297 67
115 57 14
115 80 3
115 187 24
115 214 4
115 270 1
115 280 3
115 304 22
116 37 4
116 65 29
116 77 2
116 148 20
116 150 8
116 173 65
116 185 24
116 186 9
116 201 2
116 245 3
116 248 23
116 275 48
116 284 25
117 141 17
117 165 13
117 183 26
117 212 48
117 225 3
117 230 16
117 234 38
117 250 19
117 282 22
117 288 17
118 80 1
118 84 10
118 140 5
118 176 4
118 191 16
118 219 5
118 244 22
118 263 6
118 272 15
118 297 17
119 33 14
119 64 15
119 70 1
119 78 12
119 140 29
119 159 3
119 212 14
119 262 3
119 295 15
120 56 9
120 82 29
120 124 25
120 137 70
120 167 39
120 171 28
120 196 40
120 204 1
120 218 26
120 276 12
120 281 40
120 285 86
120 291 13
120 293 14
120 300 25
121 40 20
121 43 15
121 56 6
121 62 27
121 94 4
121 97 33
121 135 2
121 143 10
121 150 15
121 203 14
121 236 14
122 8 4
122 22 22
122 48 5
122 83 13
122 89 20
122 105 13
122 121 5
122 126 22
122 173 7
122 174 13
122 215 24
122 268 48
122 301 16
123 1 12
123 2 24
123 15 9
123 22 41
123 29 27
123 41 15
123 50 13
123 112 30
123 149 13
123 160 3
123 163 19
123 167 49
123 173 27
123 204 36
123 291 20
123 296 26
123 300 44
124 19 21
124 131 13
124 170 9
124 172 7
124 192 9
124 255 20
124 292 5
125 47 15
125 89 3
125 168 35
125 190 2
125 215 41
125 216 20
125 237 15
125 273 22
125 277 19
125 301 3
126 2 14
126 8 6
126 16 13
126 23 17
126 48 20
126 78 19
126 83 5
126 92 16
126 105 5
126 122 10
126 155 25
126 166 3
126 174 38
126 222 63
126 301 17
127 37 7
127 101 20
127 107 12
127 147 15
127 159 2
127 186 20
127 201 2
127 262 42
127 290 16
127 294 31
127 295 6
127 304 39
128 35 5
128 59 37
128 124 15
128 131 23
128 133 5
128 134 12
128 170 23
128 180 30
128 192 19
128 211 10
128 251 20
128 255 17
128 294 35
129 25 18
129 136 23
129 158 7
129 226 13
129 250 15
129 254 7
129 262 21
129 265 6
130 25 5
130 39 13
130 54 23
130 119 20
130 129 5
130 133 8
130 250 25
130 259 1
130 265 19
130 275 24
130 290 18
131 170 17
131 180 6
131 255 7
131 278 12
131 292 14
132 21 11
132 49 17
132 79 11
132 107 4
132 108 13
132 165 44
132 259 20
132 268 7
132 269 25
132 297 42
133 25 4
133 34 1
133 39 22
133 54 12
133 96 1
133 110 1
133 129 13
133 130 14
133 169 4
133 193 20
133 203 17
133 250 38
133 265 13
133 279 24
134 59 19
134 82 1
134 124 20
134 131 51
134 170 35
134 172 28
134 181 9
134 192 23
134 217 9
134 249 5
134 292 29
135 3 16
135 5 20
135 13 3
135 31 15
135 67 26
135 85 20
135 86 18
135 109 39
135 132 28
135 139 4
135 143 34
135 153 34
135 157 17
135 188 11
135 281 44
136 80 8
136 97 29
136 177 8
136 187 81
136 230 13
136 253 18
137 24 28
137 89 28
137 103 4
137 136 21
137 148 7
137 171 44
137 218 7
137 276 27
137 281 31
137 285 27
137 288 7
137 293 24
137 300 65
138 2 8
138 7 67
138 22 22
138 23 9
138 28 10
138 46 15
138 52 8
138 60 20
138 72 3
138 75 3
138 83 11
138 90 11
138 98 18
138 102 14
138 104 4
138 126 3
138 149 16
138 163 8
138 195 4
138 211 7
138 231 51
138 232 26
138 254 17
138 278 56
139 1 3
139 13 2
139 31 14
139 67 20
139 70 13
139 86 3
139 109 14
139 132 4
139 135 5
139 143 32
139 200 13
139 285 6
140 58 2
140 62 9
140 118 9
140 191 14
140 219 20
140 228 15
140 244 6
140 263 10
140 272 25
140 297 26
141 81 14
141 117 7
141 183 22
141 194 1
141 212 4
141 234 32
141 246 18
141 259 10
141 275 12
141 282 14
141 288 43
142 38 17
142 40 12
142 54 2
142 58 3
142 100 7
142 111 20
142 130 1
142 137 9
142 175 2
142 228 8
142 229 24
142 235 7
142 279 19
143 93 20
143 153 21
143 236 3
143 263 6
143 287 1
143 292 22
144 38 11
144 44 1
144 87 29
144 96 10
144 186 28
144 202 4
144 221 14
144 229 19
144 270 9
144 302 18
145 10 5
145 30 3
145 42 6
145 88 12
145 98 1
145 103 2
145 143 15
145 176 3
145 205 16
145 211 7
145 249 13
146 71 10
146 73 15
146 172 5
146 241 6
146 299 5
147 36 22
147 66 17
147 96 28
147 107 18
147 111 5
147 131 26
147 209 4
147 215 28
147 228 3
147 299 19
147 300 4
148 79 18
148 116 1
148 147 5
148 150 14
148 173 2
148 185 17
148 201 26
148 216 13
148 232 16
148 248 3
148 275 14
148 284 16
149 23 8
149 48 8
149 56 16
149 60 20
149 90 6
149 103 6
149 104 14
149 125 3
149 195 25
149 211 9
149 216 26
149 218 32
149 220 16
149 231 7
149 254 21
149 277 44
149 278 24
149 289 5
150 53 6
150 116 18
150 148 7
150 179 12
150 185 11
150 201 40
150 245 14
150 248 2
150 254 8
150 275 27
150 284 30
151 0 1
151 17 14
151 44 3
151 46 25
151 51 11
151 55 2
151 70 14
151 87 12
151 110 3
151 119 8
151 197 4
151 208 10
151 255 16
151 270 16
151 302 19
152 53 10
152 57 40
152 61 4
152 66 40
152 110 10
152 128 20
152 147 11
152 150 3
152 200 17
152 220 33
152 225 14
152 233 28
152 236 40
152 243 22
152 274 9
153 3 5
153 7 3
153 13 9
153 31 8
153 62 35
153 67 1
153 86 2
153 106 9
153 109 6
153 114 17
153 139 34
153 220 3
153 233 31
153 244 34
154 20 4
154 57 25
155 27 13
155 73 7
155 91 12
155 162 9
155 223 26
155 247 5
155 289 45
155 301 40
156 1 15
156 7 21
156 14 2
156 31 34
156 43 37
156 46 32
156 55 7
156 56 14
156 68 34
156 72 11
156 75 5
156 94 21
156 104 9
156 106 21
156 121 37
156 127 34
156 210 5
156 232 35
156 247 36
156 265 50
157 19 9
157 166 9
157 171 22
157 198 38
157 217 18
157 241 24
157 249 23
157 260 12
157 283 31
158 35 4
158 71 27
158 76 13
158 113 16
158 154 18
158 175 24
158 176 3
158 188 19
158 227 39
158 231 20
158 256 12
158 258 28
158 259 29
158 287 17
159 27 25
159 36 6
159 75 2
159 99 10
159 147 15
159 178 7
159 209 4
159 228 17
159 290 34
159 295 4
160 15 3
160 18 26
160 50 22
160 74 15
160 127 10
160 190 2
160 192 10
160 204 5
160 246 19
160 280 9
160 294 17
161 199 10
161 261 12
161 302 16
162 24 8
162 27 20
162 64 18
162 91 22
162 155 20
162 211 2
162 223 24
162 232 14
162 264 7
162 265 14
162 289 9
163 6 19
163 47 3
163 85 10
163 103 20
163 145 6
163 180 48
163 195 11
163 242 41
163 304 42
164 3 26
164 4 14
164 13 24
164 26 19
164 31 20
164 56 6
164 66 11
164 67 3
164 86 17
164 109 25
164 114 21
164 135 7
164 139 5
164 141 12
164 143 39
164 145 2
164 153 33
164 178 19
164 259 30
164 287 2
165 49 22
165 68 25
165 162 8
165 179 6
165 183 6
165 224 2
165 225 2
165 269 13
165 286 1
166 27 3
166 73 4
166 82 14
166 157 7
166 198 18
166 203 9
166 217 10
166 241 23
166 249 20
166 260 22
166 283 19
167 29 9
167 97 20
167 136 20
167 177 3
167 224 11
167 253 20
167 266 30
167 296 12
168 89 18
168 125 18
168 215 3
168 216 9
168 230 8
168 273 1
168 277 18
168 293 2
168 296 43
168 303 38
169 5 29
169 21 36
169 25 59
169 34 34
169 39 22
169 46 35
169 54 17
169 99 1
169 129 29
169 130 11
169 229 50
169 250 48
169 265 23
169 286 16
170 172 3
170 180 6
170 192 4
170 238 2
170 255 17
170 292 1
170 300 5
171 273 6
171 276 9
171 281 9
171 293 11
171 296 6
171 300 11
172 19 20
172 82 10
172 124 3
172 181 5
172 192 7
172 241 3
172 249 22
172 254 3
172 255 41
172 260 3
172 278 13
172 292 30
173 94 9
173 97 8
173 146 13
173 148 11
173 150 16
173 185 12
173 201 21
173 224 18
173 248 2
173 275 10
173 284 8
174 95 2
174 180 1
174 196 7
174 222 9
174 243 2
174 267 5
174 299 6
174 301 6
175 5 30
175 32 7
175 53 25
175 115 60
175 161 44
175 197 2
175 199 36
175 200 50
175 251 11
175 257 30
175 264 43
175 302 47
176 30 16
176 42 12
176 85 6
176 111 1
176 145 9
176 163 2
176 205 2
177 29 22
177 65 6
177 97 15
177 136 3
177 167 11
177 190 12
177 224 3
177 230 6
177 252 10
177 253 5
177 268 20
177 294 24
178 36 12
178 81 3
178 107 10
178 147 6
178 175 2
178 177 3
178 190 12
178 209 8
178 228 2
178 249 19
178 274 3
178 301 29
179 14 1
179 18 12
179 43 9
179 56 7
179 94 16
179 101 5
179 121 19
179 136 11
179 156 2
179 173 8
179 185 2
179 276 4
179 304 53
180 84 2
180 124 8
180 131 12
180 134 16
180 143 4
180 170 17
180 172 8
180 192 4
180 203 13
181 19 11
181 82 22
181 124 28
181 146 17
181 170 10
181 172 27
181 192 5
181 204 2
181 255 29
181 292 24
182 20 3
182 24 22
182 42 13
182 61 3
182 63 6
182 73 29
182 84 27
182 90 9
182 146 27
182 155 21
182 181 23
182 192 6
182 196 16
182 240 5
182 256 18
182 278 14
183 81 2
183 246 10
183 272 18
183 279 7
183 282 3
183 288 19
184 37 24
184 101 4
184 127 27
184 177 20
184 186 6
184 193 5
184 200 4
184 262 21
184 294 18
184 295 17
185 148 20
185 150 14
185 173 4
185 201 2
185 210 16
185 245 1
185 255 12
185 272 27
185 275 3
185 280 11
185 284 27
186 37 7
186 101 26
186 127 1
186 198 2
186 284 11
186 290 5
186 294 14
187 65 7
187 115 3
187 214 2
187 272 2
187 276 3
187 304 6
188 27 16
188 35 15
188 71 15
188 154 37
188 158 2
188 171 23
188 225 4
188 258 13
188 287 22
189 2 2
189 21 30
189 43 10
189 49 19
189 58 27
189 68 1
189 79 13
189 108 11
189 132 26
189 165 19
189 213 14
189 219 17
189 245 15
189 269 10
189 297 30
190 29 10
190 136 25
190 167 24
190 177 2
190 224 1
190 248 7
190 253 3
190 268 12
191 62 6
191 118 13
191 140 6
191 215 1
191 219 28
191 222 21
191 263 23
191 272 17
191 297 63
192 59 4
192 118 2
192 131 17
192 170 6
192 180 14
192 247 5
192 255 21
192 292 3
193 202 6
193 229 1
193 244 1
193 257 21
193 264 9
193 271 5
194 27 20
194 66 11
194 157 20
194 166 38
194 175 6
194 198 59
194 203 39
194 215 32
194 217 66
194 241 37
194 249 54
194 255 20
194 260 29
194 283 59
195 35 13
195 60 3
195 68 12
195 93 7
195 154 1
195 179 20
195 254 10
195 274 1
195 278 12
196 93 15
196 95 10
196 242 23
196 247 12
196 268 25
197 38 17
197 87 23
197 96 21
197 144 19
197 185 17
197 202 13
197 221 54
197 229 26
197 251 15
197 257 17
197 264 22
197 302 23
198 166 20
198 203 13
198 241 6
198 249 19
198 278 12
198 283 5
198 292 24
198 302 10
199 5 3
199 32 14
199 151 3
199 161 2
199 162 11
199 261 16
199 272 9
199 302 35
200 5 7
200 161 24
200 199 21
200 246 17
200 261 11
200 302 4
201 37 27
201 116 9
201 185 8
201 190 18
201 204 5
201 245 6
201 248 13
201 275 12
201 284 11
202 9 9
202 25 2
202 38 7
202 40 10
202 46 3
202 87 8
202 96 6
202 100 3
202 142 8
202 144 20
202 161 6
202 197 14
202 221 23
202 229 4
202 261 12
203 24 3
203 157 14
203 166 13
203 198 18
203 217 39
203 241 38
203 249 9
203 251 17
203 260 2
203 263 16
203 283 14
204 15 23
204 18 13
204 41 10
204 50 7
204 77 7
204 159 9
204 160 27
204 210 6
204 285 15
204 294 12
204 304 45
205 73 14
205 74 1
205 92 30
205 93 32
205 95 28
205 128 9
205 196 18
205 237 5
205 239 15
205 242 33
205 247 28
205 292 21
206 4 22
206 7 8
206 26 12
206 33 15
206 51 5
206 70 23
206 78 2
206 101 17
206 119 25
206 139 11
206 193 33
206 207 17
206 209 7
206 270 10
206 275 35
207 24 46
207 49 1
207 140 11
207 161 4
207 183 32
207 193 53
207 213 12
207 246 16
207 257 5
207 264 12
207 282 34
208 45 7
208 46 2
208 151 8
208 245 7
209 49 19
209 147 3
209 159 5
209 178 4
209 228 5
209 238 12
210 14 1
210 43 16
210 94 8
210 118 6
210 121 15
210 148 4
210 179 20
210 270 7
210 276 17
210 290 31
211 19 20
211 23 4
211 40 18
211 60 13
211 90 5
211 157 8
211 178 1
211 195 6
211 231 12
211 238 16
211 254 2
211 278 15
212 117 5
212 141 6
212 183 15
212 234 18
212 246 5
212 280 5
212 282 13
212 284 6
212 285 3
212 288 26
213 7 4
213 21 28
213 49 34
213 58 3
213 68 17
213 79 10
213 108 17
213 132 41
213 150 8
213 165 9
213 179 15
213 189 14
213 206 4
213 226 16
213 269 36
213 298 49
213 304 91
214 65 12
214 115 10
214 187 2
214 270 4
214 280 5
214 284 8
214 290 3
214 304 20
215 73 3
215 168 1
215 255 5
215 277 11
216 24 8
216 89 5
216 125 33
216 154 25
216 168 1
216 215 31
216 239 20
216 266 9
216 273 46
216 277 49
216 281 16
216 296 51
216 298 6
217 157 1
217 170 18
217 198 33
217 241 30
217 249 11
217 260 3
217 283 17
218 89 7
218 91 12
218 137 9
218 171 41
218 281 30
218 285 13
218 291 17
218 293 26
218 296 23
218 300 23
218 303 14
219 114 8
219 118 19
219 140 5
219 191 21
219 244 27
219 261 5
219 263 24
219 272 23
219 297 29
220 35 11
220 53 6
220 57 11
220 61 9
220 66 17
220 233 27
220 234 12
220 236 14
220 256 9
220 258 5
220 263 8
221 5 11
221 9 6
221 40 1
221 59 3
221 96 10
221 193 9
221 279 4
221 300 10
222 174 3
222 243 16
222 247 5
222 267 11
222 298 9
222 299 14
222 301 4
223 27 6
223 47 1
223 79 3
223 91 24
223 130 8
223 155 16
223 162 5
223 232 1
223 266 5
223 277 12
223 281 24
223 289 16
223 303 29
224 29 8
224 93 3
224 97 11
224 131 12
224 136 19
224 167 17
224 268 23
224 296 22
225 49 25
225 53 27
225 57 22
225 61 41
225 66 43
225 84 15
225 154 20
225 203 3
225 220 18
225 233 15
225 236 3
225 250 7
225 297 40
226 40 1
226 45 6
226 100 11
226 142 19
226 235 13
226 257 6
226 262 4
226 279 1
227 35 9
227 71 14
227 76 12
227 100 9
227 115 43
227 154 47
227 188 17
227 258 20
227 259 11
227 274 23
227 279 16
227 287 20
228 21 3
228 36 13
228 147 7
228 178 2
228 190 3
228 209 4
228 248 19
228 304 26
229 39 2
229 45 8
229 100 3
229 111 10
229 226 18
230 29 7
230 97 2
230 117 4
230 136 16
230 167 14
230 177 11
230 190 15
230 193 15
230 224 4
230 253 24
230 266 4
230 294 16
231 19 5
231 60 12
231 82 4
231 84 22
231 90 3
231 118 10
231 153 14
231 195 2
231 278 33
232 27 9
232 64 32
232 91 21
232 120 17
232 155 18
232 162 20
232 187 29
232 223 22
232 289 21
233 57 31
233 66 31
233 97 16
233 219 10
233 236 9
234 60 6
234 81 6
234 115 6
234 167 7
234 183 19
234 236 7
234 246 4
234 282 4
234 288 12
235 25 5
235 40 27
235 45 4
235 64 14
235 96 17
235 100 19
235 111 6
235 208 11
235 226 16
235 229 30
235 279 32
235 286 28
236 57 52
236 66 4
236 202 1
236 220 18
236 225 4
236 269 4
237 2 2
237 73 10
237 74 16
237 92 32
237 93 19
237 95 29
237 196 22
237 205 10
237 239 45
237 242 75
237 247 23
237 254 15
237 301 17
238 59 29
238 124 17
238 128 16
238 131 44
238 134 16
238 166 6
238 170 10
238 180 33
238 192 29
238 198 28
238 254 2
238 255 17
239 74 2
239 93 27
239 95 17
239 191 19
239 196 28
239 205 13
239 222 18
239 242 25
239 247 12
240 20 7
240 49 8
240 50 10
240 95 11
240 145 2
240 146 31
240 174 27
240 182 29
240 196 27
240 215 21
240 239 32
240 298 17
240 301 17
241 157 2
241 198 19
241 249 24
241 283 12
242 93 26
242 95 49
242 170 13
242 174 10
242 247 1
243 174 13
243 215 1
243 267 10
243 298 7
243 301 9
244 62 36
244 114 4
244 191 20
244 233 19
244 263 16
244 272 4
244 297 41
245 47 17
245 81 2
245 116 14
245 144 10
245 148 12
245 150 8
245 173 13
245 185 22
245 201 36
245 210 2
245 248 44
245 275 12
245 284 23
246 81 8
246 117 11
246 183 20
246 212 4
246 253 22
246 282 8
246 288 22
247 92 9
247 93 4
247 95 54
247 146 14
247 176 2
247 187 7
247 196 24
247 239 1
247 242 5
248 148 7
248 150 6
248 173 1
248 184 10
248 185 7
248 190 13
248 262 30
248 275 5
248 284 1
249 59 3
249 198 12
249 203 3
249 241 21
249 283 14
250 25 9
250 82 6
251 32 10
251 142 5
251 161 28
251 175 8
251 199 8
251 200 35
251 221 3
251 282 1
251 302 29
252 29 33
252 91 9
252 97 23
252 136 9
252 167 46
252 171 7
252 190 21
252 224 25
252 230 8
252 253 13
252 266 15
252 268 37
252 273 25
252 277 20
252 303 47
253 29 8
253 65 10
253 136 6
253 177 5
253 190 16
253 224 2
253 268 7
253 275 15
253 296 11
253 300 2
254 23 6
254 106 3
254 128 3
254 155 2
254 195 4
254 231 17
255 124 3
255 134 10
255 292 14
256 20 17
256 24 34
256 63 8
256 84 33
256 85 21
256 146 23
256 176 5
256 181 13
256 182 13
256 198 23
256 205 28
256 232 7
256 240 37
256 278 3
257 108 11
257 119 2
257 193 10
257 199 15
257 200 23
257 221 17
257 251 7
257 261 3
257 264 28
258 57 27
258 71 26
258 76 27
258 117 14
258 154 18
258 162 12
258 227 23
258 259 6
258 287 7
258 289 4
259 35 10
259 71 14
259 76 11
259 141 12
259 154 45
259 188 21
259 227 4
259 258 12
259 287 19
259 297 25
260 134 12
260 157 7
260 166 12
260 194 2
260 198 27
260 203 19
260 215 14
260 217 14
260 221 14
260 241 21
260 249 14
260 283 40
261 57 17
261 134 9
261 161 3
261 193 20
261 199 2
261 207 8
261 257 13
261 264 39
261 302 16
262 65 20
262 101 2
262 177 15
262 186 27
263 57 10
263 62 9
263 84 9
263 93 7
263 114 15
263 140 11
263 219 25
263 272 10
263 297 42
264 161 5
264 193 17
264 200 8
264 257 12
265 25 17
265 34 3
265 39 1
265 109 6
265 115 23
265 119 2
265 129 4
265 133 15
265 169 4
265 250 24
266 24 1
266 29 3
266 97 11
266 136 11
266 167 1
266 177 4
266 190 17
266 224 8
266 232 22
266 253 3
266 268 10
266 303 16
267 174 16
267 222 6
267 300 4
267 301 9
268 29 1
268 125 3
268 131 15
268 136 2
268 167 12
268 224 12
268 230 5
268 278 1
268 283 14
269 21 2
269 49 15
269 58 4
269 62 16
269 68 4
269 108 11
269 165 14
269 196 9
269 227 12
269 300 9
270 65 7
270 80 2
270 115 16
270 160 11
270 177 11
270 187 17
270 214 3
270 280 12
270 304 32
271 24 18
271 174 30
271 222 48
271 243 30
271 267 47
271 273 4
271 274 25
271 293 16
271 298 73
271 299 15
271 301 23
272 62 22
272 114 11
272 118 2
272 140 1
272 187 17
272 244 4
272 263 5
272 297 9
273 89 10
273 100 8
273 168 14
273 171 8
273 215 38
273 277 23
273 293 8
273 296 26
274 66 13
274 174 12
274 222 42
274 243 24
274 267 26
274 271 3
274 298 29
274 299 30
274 301 53
275 148 6
275 150 12
275 185 8
275 201 17
275 248 17
275 253 7
275 284 8
276 109 13
276 171 26
276 218 2
276 230 15
276 271 7
276 281 14
276 285 35
276 291 14
276 293 30
276 300 47
276 303 26
277 24 7
277 296 8
277 300 2
278 60 10
278 63 14
278 242 8
278 254 3
279 40 3
279 45 15
279 87 8
279 100 2
279 111 26
279 142 5
279 226 14
279 229 21
279 286 3
280 65 6
280 80 6
280 115 8
280 127 12
280 177 13
280 187 57
280 214 11
280 216 20
280 304 67
281 137 2
281 171 2
281 231 3
281 236 8
281 285 16
281 293 15
282 81 26
282 141 2
282 183 33
282 214 4
282 234 6
282 275 2
282 288 23
283 198 13
283 203 16
283 301 5
284 148 16
284 173 14
284 185 32
284 186 10
284 201 8
284 248 2
284 275 14
285 89 4
285 137 6
285 171 15
285 281 32
285 303 7
286 40 15
286 80 17
286 100 13
286 111 2
286 142 19
286 210 12
286 226 17
286 229 37
286 235 13
286 279 2
287 71 3
287 139 7
287 154 7
288 64 9
288 81 9
288 234 4
289 27 42
289 64 4
289 82 21
289 91 18
289 218 41
289 232 17
289 250 4
290 37 3
290 101 38
290 107 48
290 127 3
290 184 36
290 186 15
290 262 30
290 294 43
291 120 9
291 137 21
291 171 15
291 218 4
291 276 5
291 281 37
291 285 2
291 293 12
291 300 29
291 303 37
292 82 6
292 124 4
292 255 16
292 303 3
293 171 1
293 276 10
293 277 22
293 285 1
293 291 11
293 300 49
294 101 16
294 107 5
294 184 17
294 262 12
295 37 16
295 127 4
295 184 4
295 186 39
295 262 17
295 290 16
295 294 21
296 89 4
296 125 2
296 215 16
296 277 6
297 140 11
297 272 34
298 174 10
298 222 2
298 267 29
298 299 4
298 301 2
299 174 8
299 243 18
299 267 28
299 271 5
299 298 1
299 301 12
300 281 2
300 285 2
301 73 12
301 174 3
301 243 2
301 267 30
301 274 1
301 298 11
301 299 14
302 264 8
303 285 5
