0 1 16
0 2 19
0 5 16
0 37 18
0 58 17
0 78 39
0 89 4
0 95 1
0 105 7
0 110 12
0 118 21
0 132 2
0 162 12
0 200 17
0 211 10
0 218 29
0 286 15
1 6 29
1 20 10
1 24 19
1 35 44
1 44 5
1 55 7
1 57 27
1 101 5
1 113 7
1 119 20
1 131 12
1 165 38
1 195 8
1 212 29
1 255 62
1 264 50
1 283 25
1 294 50
1 300 52
2 3 3
2 6 5
2 39 23
2 64 17
2 106 7
2 111 3
2 114 3
2 138 21
2 169 3
2 198 2
2 207 4
2 221 14
2 230 4
2 287 12
3 52 11
3 67 17
3 69 1
3 76 25
3 79 5
3 104 35
3 123 22
3 124 23
3 125 21
3 126 2
3 151 5
3 185 39
3 189 11
3 228 13
3 232 13
3 253 7
3 278 19
3 286 17
4 13 18
4 29 5
4 49 42
4 73 1
4 74 3
4 85 19
4 86 19
4 130 4
4 143 1
4 182 20
4 206 19
4 290 12
4 297 14
5 58 25
5 82 4
5 107 20
5 141 8
5 158 2
5 176 5
5 219 7
5 233 6
5 259 22
5 290 40
6 5 20
6 7 8
6 10 4
6 19 18
6 23 6
6 31 7
6 45 4
6 74 36
6 99 13
6 118 8
6 133 3
6 190 21
6 203 14
6 217 14
6 265 48
7 19 14
7 31 15
7 34 3
7 39 21
7 71 3
7 72 29
7 133 16
7 145 3
7 208 15
7 209 43
7 217 5
7 220 17
7 263 7
7 264 52
8 9 24
8 43 19
8 84 5
8 87 23
8 103 1
8 113 11
8 136 22
8 137 61
8 144 8
8 147 21
8 153 1
8 177 28
8 183 18
8 193 24
8 210 42
8 221 64
9 4 1
9 80 4
9 88 17
9 103 4
9 137 3
9 177 14
9 226 13
9 288 42
10 7 24
10 23 5
10 31 25
10 72 34
10 73 4
10 82 40
10 99 23
10 164 67
10 177 53
10 203 16
10 217 34
10 240 27
10 245 14
11 6 7
11 33 5
11 41 19
11 53 10
11 62 19
11 63 16
11 75 42
11 95 14
11 125 2
11 139 9
11 188 1
11 195 12
11 214 28
11 228 33
11 256 17
12 17 13
12 25 15
12 46 6
12 59 2
12 67 20
12 75 10
12 81 16
12 100 27
12 108 17
12 128 8
12 207 11
12 226 30
12 253 29
12 295 31
13 9 9
13 153 4
13 154 39
13 161 20
13 171 5
13 204 4
13 207 10
13 208 17
13 235 39
13 236 13
13 247 53
13 251 24
13 260 12
13 272 25
13 283 64
13 284 16
13 291 43
13 304 24
14 56 10
14 68 21
14 109 3
14 116 11
14 121 17
14 179 5
14 180 7
14 222 14
14 256 4
14 257 8
14 302 47
15 18 14
15 183 10
16 56 51
16 63 28
16 75 17
16 123 12
16 128 9
16 134 14
16 148 22
16 170 20
16 199 21
16 201 3
16 210 4
16 256 12
16 286 13
17 19 10
17 46 21
17 75 61
17 100 41
17 108 20
17 226 3
17 227 12
17 253 23
17 270 9
17 292 28
18 15 1
18 47 8
18 80 3
18 127 26
18 202 6
18 302 27
19 7 19
19 10 13
19 72 3
19 81 32
19 99 28
19 149 10
19 154 10
19 221 37
19 247 17
19 282 9
19 288 20
20 19 14
20 24 2
20 35 20
20 55 2
20 101 4
20 113 13
20 120 19
20 131 4
20 167 45
20 228 11
20 229 38
20 244 25
20 260 37
20 266 26
20 285 28
20 288 24
21 30 40
21 40 27
21 48 8
21 86 11
21 98 32
21 129 24
21 143 2
21 162 8
21 172 12
21 184 4
21 244 31
21 252 21
21 253 16
21 254 6
21 277 9
22 12 5
22 38 5
22 63 30
22 72 21
22 81 12
22 126 20
22 149 48
22 173 35
22 223 17
22 225 5
22 232 20
22 252 9
23 6 8
23 7 9
23 10 2
23 19 19
23 31 44
23 59 13
23 72 2
23 87 3
23 91 10
23 99 27
23 107 24
23 131 8
23 152 18
23 203 2
23 216 18
23 217 5
23 223 3
23 257 19
23 261 34
23 272 38
24 20 13
24 23 1
24 35 1
24 108 11
24 119 13
24 138 31
24 165 25
24 243 16
24 251 25
25 17 38
25 46 39
25 63 3
25 75 10
25 100 10
25 108 3
25 142 24
25 148 1
25 185 1
25 189 12
25 226 39
25 253 23
26 0 4
26 27 15
26 37 12
26 56 25
26 71 6
26 73 16
26 78 37
26 83 6
26 110 14
26 132 19
26 200 15
26 213 16
26 223 24
26 229 13
26 237 36
26 239 5
26 292 41
26 293 37
27 0 8
27 26 17
27 37 33
27 73 11
27 78 38
27 89 25
27 97 25
27 114 9
27 127 20
27 132 5
27 146 15
27 200 27
27 225 5
27 267 25
27 281 32
27 287 20
28 4 47
28 22 29
28 29 23
28 31 29
28 35 28
28 42 9
28 49 19
28 54 7
28 73 39
28 76 61
28 77 2
28 84 25
28 85 29
28 91 49
28 103 18
28 105 8
28 119 17
28 130 44
28 135 25
28 140 7
28 162 12
28 213 13
28 256 58
28 268 32
29 73 16
29 77 4
29 135 8
29 169 12
29 237 4
29 241 20
29 243 19
29 268 26
29 282 8
30 121 2
30 138 33
30 150 4
30 155 39
30 165 7
30 208 16
30 226 11
30 236 7
30 271 31
30 278 27
30 287 4
30 299 14
30 303 31
31 10 2
31 19 6
31 21 4
31 27 10
31 115 1
31 164 31
31 199 21
31 217 16
31 289 40
31 297 12
32 189 16
32 243 12
32 278 13
32 295 9
32 297 11
32 299 18
33 25 16
33 41 4
33 58 16
33 62 5
33 96 2
33 105 23
33 139 3
33 170 17
33 195 2
33 214 15
33 228 10
33 260 9
33 288 17
33 300 36
34 96 2
34 180 3
34 190 8
34 219 13
34 229 9
34 230 25
34 238 33
34 254 15
34 259 33
34 262 24
34 270 10
34 281 3
34 298 18
35 1 6
35 20 23
35 24 35
35 55 4
35 65 15
35 78 3
35 101 1
35 131 7
35 155 29
35 203 21
35 247 18
35 251 29
35 260 15
35 301 50
36 8 7
36 18 16
36 44 6
36 51 10
36 56 38
36 80 21
36 83 15
36 98 33
36 112 16
36 129 28
36 133 11
36 144 16
36 177 53
36 206 23
36 215 12
36 235 32
36 244 25
36 257 84
37 58 2
37 68 7
37 110 12
37 200 31
37 228 10
37 230 6
37 234 21
38 59 9
38 61 32
38 72 1
38 88 8
38 100 2
38 116 9
38 122 1
38 145 22
38 147 10
38 151 32
38 178 6
38 191 8
38 229 10
38 232 38
38 254 13
38 263 16
38 278 11
39 5 29
39 48 5
39 49 1
39 64 52
39 169 1
39 178 7
39 198 4
39 204 28
39 254 10
39 269 3
39 287 21
40 18 25
40 37 12
40 48 7
40 140 17
40 179 12
40 200 6
40 215 4
40 257 3
40 277 24
40 302 12
41 7 4
41 32 20
41 62 3
41 86 21
41 95 18
41 96 9
41 105 17
41 116 13
41 139 30
41 155 55
41 165 17
41 170 34
41 195 2
41 226 20
41 228 50
41 286 21
42 4 15
42 21 10
42 22 9
42 29 25
42 36 9
42 48 3
42 49 11
42 73 11
42 77 5
42 84 2
42 85 26
42 135 13
42 141 17
42 233 11
42 248 48
42 265 7
43 5 14
43 44 14
43 45 25
43 58 8
43 81 16
43 90 2
43 93 1
43 122 6
43 141 30
43 158 12
43 176 4
43 194 19
43 199 19
43 235 23
43 265 28
43 289 29
44 2 4
44 4 18
44 36 23
44 77 3
44 82 32
44 83 61
44 86 3
44 98 24
44 115 7
44 117 16
44 198 3
44 206 41
44 215 44
44 244 32
44 246 7
44 257 31
44 292 29
45 5 17
45 32 33
45 43 7
45 58 15
45 66 5
45 81 9
45 88 2
45 121 12
45 127 11
45 141 13
45 176 4
45 203 3
45 217 7
45 270 10
45 274 15
45 295 33
46 16 7
46 17 2
46 25 16
46 53 10
46 75 12
46 100 4
46 108 18
46 148 8
46 221 4
46 226 6
46 285 9
46 300 5
47 15 36
47 18 29
47 82 4
47 116 26
47 168 4
47 180 13
47 183 6
47 202 32
47 237 1
47 257 17
48 21 13
48 40 17
48 98 16
48 106 8
48 172 2
48 257 40
48 273 10
48 277 23
48 281 5
49 4 1
49 29 17
49 42 1
49 65 5
49 84 4
49 85 3
49 135 11
49 180 6
49 192 4
49 205 9
49 217 5
49 231 31
49 241 8
49 263 20
49 287 32
49 289 13
49 301 9
50 70 3
50 72 16
50 97 3
50 135 3
50 157 6
50 174 8
50 175 15
50 178 12
50 191 48
50 234 29
50 249 28
50 258 13
50 279 27
50 280 27
50 286 12
50 296 17
51 17 24
51 63 18
51 134 14
51 187 20
51 199 19
51 211 12
51 221 9
51 255 9
51 256 18
51 277 4
51 286 17
51 300 67
52 3 7
52 67 7
52 69 21
52 76 21
52 125 61
52 185 52
52 189 40
52 247 25
52 249 21
52 270 14
52 280 21
52 286 7
53 187 9
53 189 10
53 209 1
53 234 4
53 241 19
53 276 8
53 303 9
54 5 53
54 10 35
54 43 1
54 45 20
54 58 66
54 70 30
54 81 20
54 93 27
54 111 41
54 122 10
54 135 11
54 139 40
54 141 14
54 147 13
54 166 24
54 175 23
54 176 33
54 193 19
54 254 23
54 264 27
54 299 44
55 17 7
55 20 6
55 24 15
55 35 9
55 73 2
55 85 12
55 107 27
55 119 16
55 131 16
55 152 19
55 159 16
55 166 14
55 236 23
55 251 40
55 271 23
55 294 19
56 127 18
56 142 6
56 148 16
56 255 5
56 300 20
57 60 69
57 75 18
57 107 27
57 124 14
57 133 3
57 171 27
57 185 9
57 216 2
57 261 18
57 264 9
57 275 30
58 76 8
58 81 10
58 259 26
59 38 15
59 61 10
59 88 20
59 125 17
59 145 4
59 151 5
59 212 4
59 216 9
59 232 6
59 263 4
59 266 9
59 283 23
59 284 43
60 159 12
60 251 11
60 268 9
60 270 1
61 88 3
61 91 4
61 109 8
61 121 21
61 151 12
61 167 31
61 187 1
61 232 9
61 263 4
61 298 9
62 33 4
62 58 27
62 95 13
62 96 17
62 104 10
62 105 1
62 139 10
62 167 38
62 188 8
62 195 11
62 196 2
62 203 9
62 214 19
62 228 4
62 243 28
62 252 5
62 292 36
63 128 9
63 199 12
63 255 11
63 278 5
63 286 7
63 295 7
63 300 15
64 34 26
64 39 15
64 68 8
64 106 3
64 111 6
64 114 14
64 198 8
64 259 6
64 261 12
64 287 16
64 293 20
65 94 8
65 102 9
65 117 6
65 166 25
65 218 18
65 233 3
65 235 10
65 265 5
65 266 3
65 288 10
65 301 8
66 76 20
66 124 32
66 142 32
66 181 28
66 187 21
66 188 3
66 201 46
66 221 48
66 227 37
66 242 14
66 284 9
66 285 43
67 52 1
67 69 39
67 76 16
67 125 13
67 165 5
67 185 29
67 189 11
67 232 26
67 303 12
68 104 13
68 189 21
68 197 33
68 204 23
68 238 3
68 250 2
68 279 19
68 293 25
68 296 15
69 3 9
69 76 19
69 108 1
69 125 16
69 126 4
69 185 1
69 189 19
69 278 12
69 285 15
70 50 5
70 145 3
70 157 11
70 173 20
70 175 29
70 191 34
70 192 16
70 234 26
70 238 51
70 249 31
70 258 15
70 279 31
70 280 47
70 296 30
71 0 3
71 26 1
71 27 17
71 37 19
71 55 10
71 66 20
71 78 15
71 79 10
71 89 17
71 97 26
71 106 1
71 110 32
71 132 7
71 135 14
71 167 80
71 188 38
71 196 15
71 200 18
71 274 46
71 304 41
72 6 7
72 7 13
72 10 16
72 21 2
72 31 11
72 38 7
72 133 11
72 205 17
72 231 31
72 291 14
73 28 2
73 29 22
73 49 16
73 77 16
73 84 5
73 102 34
73 106 2
73 135 7
73 254 14
73 262 42
73 270 9
73 293 30
73 304 27
74 127 48
74 167 21
74 177 1
74 229 17
74 231 33
74 262 8
74 284 23
74 289 18
74 290 1
74 298 4
75 25 1
75 46 4
75 63 2
75 100 1
75 108 1
75 227 8
75 253 2
76 51 2
76 52 9
76 67 10
76 69 5
76 125 8
76 170 9
76 185 18
76 216 8
76 253 14
76 300 24
77 4 16
77 42 6
77 49 28
77 80 33
77 84 14
77 85 28
77 91 39
77 97 24
77 135 7
77 146 12
77 192 27
77 235 44
77 237 24
77 254 31
77 292 27
78 37 8
78 51 17
78 67 15
78 99 1
78 169 4
78 181 7
78 200 1
78 257 22
78 270 10
79 12 8
79 22 11
79 96 17
79 124 49
79 126 65
79 149 2
79 173 29
79 185 34
79 186 18
79 212 4
79 223 25
79 225 31
79 245 17
79 246 10
79 256 37
80 117 2
80 192 14
80 194 3
80 220 12
80 240 4
80 248 3
80 265 9
80 274 14
81 5 3
81 45 3
81 200 4
81 234 12
81 242 9
81 247 19
81 260 8
81 288 35
82 146 4
82 160 6
82 224 24
82 273 6
82 302 11
83 12 1
83 21 25
83 30 12
83 36 21
83 42 4
83 44 5
83 48 11
83 80 22
83 97 28
83 194 31
83 206 32
83 215 22
83 217 20
83 218 3
83 235 31
83 240 19
83 244 6
83 257 52
83 273 13
84 4 51
84 19 18
84 21 12
84 29 41
84 42 16
84 49 3
84 73 4
84 77 10
84 79 7
84 85 21
84 130 1
84 135 2
84 137 3
84 220 15
85 29 9
85 49 5
85 73 4
85 172 1
85 239 7
85 241 1
85 261 45
85 291 31
85 297 6
86 21 14
86 33 12
86 40 27
86 43 7
86 48 39
86 82 13
86 83 17
86 98 12
86 183 10
86 193 5
86 244 10
86 267 2
86 277 28
86 288 6
86 302 10
87 9 23
87 18 34
87 37 16
87 98 41
87 103 2
87 136 5
87 137 16
87 150 12
87 168 5
87 224 13
87 302 38
88 38 34
88 61 4
88 145 22
88 151 7
88 165 12
88 178 11
88 232 9
88 278 4
89 0 13
89 26 34
89 27 1
89 37 24
89 71 1
89 78 23
89 97 17
89 132 5
89 157 15
89 186 9
89 197 20
89 203 3
89 246 7
89 256 22
89 263 33
90 22 12
90 29 41
90 54 2
90 66 8
90 70 21
90 79 12
90 108 36
90 126 11
90 149 8
90 166 25
90 173 26
90 179 16
90 186 24
90 223 44
90 225 28
90 246 4
90 252 3
90 280 2
90 295 31
91 4 4
91 29 19
91 42 2
91 48 16
91 49 4
91 73 18
91 84 23
91 85 13
91 130 25
91 135 6
91 172 7
91 194 29
91 205 12
91 217 6
91 222 21
91 223 7
91 241 21
91 251 7
91 287 2
92 2 27
92 37 20
92 39 11
92 58 25
92 64 67
92 106 14
92 111 14
92 114 4
92 169 2
92 198 17
92 214 19
92 238 23
92 239 20
92 250 10
92 258 12
92 287 39
93 5 23
93 45 16
93 54 12
93 58 63
93 81 35
93 89 7
93 122 8
93 130 3
93 141 17
93 158 8
93 173 4
93 176 9
93 197 27
93 203 18
93 216 37
93 225 33
93 250 16
93 271 24
93 289 55
94 34 12
94 43 23
94 63 17
94 65 7
94 102 16
94 128 5
94 141 9
94 145 15
94 163 7
94 166 37
94 218 5
94 233 13
94 245 4
94 266 24
94 288 72
94 301 61
95 33 9
95 41 32
95 67 17
95 68 8
95 75 21
95 96 12
95 105 6
95 188 5
95 196 14
95 228 14
95 242 7
95 265 9
95 276 21
96 11 12
96 39 24
96 52 27
96 56 13
96 66 12
96 84 8
96 89 2
96 95 23
96 105 15
96 139 32
96 179 7
96 188 23
96 195 23
96 196 20
96 214 14
96 256 14
97 0 17
97 26 14
97 37 36
97 78 5
97 89 8
97 109 15
97 110 25
97 123 14
97 132 9
97 150 23
97 200 17
97 230 30
97 249 9
98 7 1
98 40 6
98 48 5
98 116 6
98 143 2
98 160 4
98 162 11
98 174 7
98 245 12
98 277 28
99 6 10
99 7 4
99 31 14
99 33 13
99 60 14
99 72 1
99 193 12
99 203 10
99 251 19
99 272 17
99 298 22
100 17 7
100 46 10
100 67 5
100 75 6
100 134 8
100 226 10
100 253 25
100 303 15
101 1 12
101 20 4
101 24 26
101 35 8
101 55 9
101 57 24
101 72 31
101 73 8
101 113 24
101 119 10
101 131 5
101 144 11
101 151 25
101 171 34
101 223 17
101 251 17
101 252 24
101 275 29
101 283 37
102 4 3
102 65 8
102 74 22
102 166 9
102 190 10
102 218 5
102 219 1
102 266 4
102 288 35
102 301 33
103 8 2
103 9 18
103 26 1
103 27 16
103 72 33
103 78 13
103 87 2
103 121 18
103 136 18
103 137 32
103 147 39
103 153 6
103 193 12
103 213 3
103 231 37
103 245 15
103 252 4
103 299 25
104 174 4
104 197 9
104 204 8
104 250 9
104 276 8
104 279 6
104 280 8
105 11 12
105 25 42
105 33 20
105 62 15
105 117 17
105 119 3
105 125 10
105 139 9
105 148 33
105 196 17
105 228 7
105 252 3
105 253 52
106 2 13
106 15 17
106 19 1
106 39 16
106 64 26
106 82 11
106 114 16
106 169 10
106 198 4
106 241 2
106 282 6
106 287 17
107 60 13
107 154 4
107 216 4
107 251 8
107 261 48
107 294 15
108 17 11
108 25 8
108 46 14
108 75 13
108 100 17
108 208 1
108 226 14
108 253 20
108 260 4
109 14 11
109 48 1
109 121 10
109 137 12
109 184 4
109 222 17
109 269 13
109 282 5
109 302 39
109 304 31
110 0 3
110 2 9
110 27 2
110 29 32
110 37 13
110 47 32
110 60 38
110 78 25
110 89 27
110 104 5
110 200 5
110 239 30
110 296 19
111 2 8
111 5 9
111 21 15
111 39 22
111 50 3
111 64 14
111 92 13
111 106 31
111 109 15
111 114 10
111 150 16
111 164 24
111 169 10
111 198 8
111 205 2
111 263 1
111 266 7
111 287 27
111 298 18
112 14 4
112 32 12
112 39 13
112 42 17
112 109 32
112 150 57
112 168 14
112 182 10
112 184 4
112 215 4
112 220 16
112 222 9
112 269 26
112 302 34
113 1 6
113 20 28
113 24 27
113 31 19
113 34 50
113 35 14
113 55 20
113 101 27
113 119 34
113 131 12
113 151 11
113 152 11
113 193 15
113 211 9
113 214 21
113 252 14
113 275 44
113 282 44
114 2 20
114 39 13
114 64 9
114 85 12
114 92 11
114 106 3
114 111 7
114 115 6
114 198 2
114 241 25
114 250 17
114 287 34
115 4 11
115 10 5
115 15 23
115 82 45
115 114 2
115 118 4
115 141 8
115 180 38
115 192 35
115 209 24
115 239 23
115 274 40
115 290 45
116 140 6
116 162 6
116 179 7
116 222 14
116 224 15
117 40 4
117 80 15
117 192 20
117 194 1
117 205 17
117 231 5
117 240 33
117 248 23
117 265 9
117 271 16
117 274 15
118 52 14
118 53 43
118 146 13
118 164 6
118 170 19
118 197 25
118 204 5
118 209 20
118 239 9
118 241 42
118 250 6
118 255 40
118 276 11
118 293 44
119 17 10
119 20 16
119 24 4
119 30 13
119 35 15
119 61 13
119 67 6
119 88 11
119 113 12
119 131 7
119 138 48
119 151 17
119 152 23
119 223 1
119 252 7
119 303 23
120 2 11
120 43 3
120 64 22
120 68 47
120 104 56
120 159 27
120 166 2
120 174 13
120 197 56
120 204 8
120 208 16
120 239 24
120 250 7
120 279 18
121 112 15
121 150 21
121 179 17
121 184 1
121 202 35
121 222 9
121 225 7
121 253 16
121 277 12
121 302 23
122 5 29
122 22 7
122 39 9
122 45 14
122 52 3
122 57 2
122 58 4
122 81 5
122 93 20
122 99 21
122 141 5
122 158 4
122 176 35
122 178 20
122 203 12
122 216 12
122 275 20
122 296 14
123 51 15
123 56 21
123 148 12
123 170 8
123 190 15
123 199 10
123 210 8
123 255 13
123 256 22
123 300 1
123 304 28
124 25 1
124 64 3
124 69 4
124 142 22
124 181 4
124 187 24
124 189 7
124 201 33
124 221 19
124 227 7
124 285 17
125 3 9
125 52 6
125 53 2
125 69 1
125 82 27
125 185 10
125 189 12
125 201 15
125 234 19
125 285 9
125 286 5
126 56 4
126 63 14
126 108 7
126 125 4
126 149 1
126 288 3
127 167 5
127 194 13
127 205 2
127 231 10
127 239 5
127 262 3
127 289 4
127 291 1
128 16 8
128 46 8
128 56 38
128 75 9
128 123 30
128 148 23
128 199 21
128 210 9
128 255 13
128 256 32
128 286 9
128 300 16
129 36 13
129 37 17
129 40 34
129 48 14
129 86 3
129 98 20
129 121 2
129 157 8
129 160 19
129 167 26
129 172 24
129 174 12
129 203 7
129 277 24
129 301 28
130 27 7
130 29 10
130 32 20
130 42 5
130 49 9
130 60 28
130 73 31
130 77 27
130 85 14
130 91 11
130 135 10
130 185 10
130 215 11
130 230 21
130 287 24
130 290 29
130 301 24
131 1 4
131 20 16
131 22 6
131 24 22
131 35 20
131 55 15
131 100 17
131 101 3
131 103 16
131 113 10
131 119 16
131 129 17
131 199 41
131 210 30
131 214 3
131 232 7
131 293 50
131 299 38
131 303 36
132 1 1
132 8 2
132 26 14
132 27 8
132 31 11
132 37 35
132 78 25
132 87 6
132 97 24
132 104 6
132 110 33
132 157 24
132 169 2
132 174 16
132 188 15
132 200 5
133 6 2
133 10 36
133 19 2
133 23 7
133 31 12
133 72 23
133 99 22
133 154 28
133 156 4
133 176 22
133 198 3
133 208 10
133 216 12
133 217 19
133 243 34
133 289 29
134 51 12
134 63 23
134 75 8
134 88 11
134 128 3
134 199 46
134 214 11
134 255 18
134 275 6
134 277 19
134 286 23
134 300 42
135 4 9
135 29 10
135 38 6
135 47 17
135 50 5
135 73 23
135 84 12
135 85 2
135 91 8
135 106 19
135 114 8
135 130 5
135 137 8
135 237 16
135 241 12
135 248 3
136 8 6
136 9 33
136 21 12
136 40 25
136 87 11
136 104 23
136 137 39
136 147 10
136 168 3
136 182 20
136 213 2
136 246 20
136 250 9
137 9 4
137 87 12
137 153 9
137 160 17
137 169 12
138 60 5
138 145 4
138 151 5
138 155 14
138 165 16
138 230 23
138 236 5
138 268 8
138 271 16
138 275 2
138 303 28
139 33 1
139 62 7
139 67 11
139 81 15
139 95 17
139 188 2
139 189 2
139 196 2
139 201 6
139 253 15
139 303 11
140 14 24
140 56 32
140 82 24
140 98 15
140 116 8
140 143 5
140 160 22
140 179 3
140 222 2
140 224 18
140 245 6
140 302 21
141 5 4
141 45 15
141 58 8
141 74 4
141 81 38
141 127 18
141 163 19
141 176 17
141 177 14
141 231 5
141 265 19
142 53 12
142 81 4
142 181 2
142 201 2
142 221 11
142 227 9
142 242 3
142 256 18
142 285 14
142 300 5
143 15 9
143 109 7
143 116 44
143 129 5
143 140 7
143 160 18
143 162 7
143 168 1
143 176 7
143 179 27
143 222 8
143 224 2
143 240 28
143 245 8
143 267 2
144 14 7
144 36 22
144 44 28
144 47 35
144 82 20
144 83 28
144 84 12
144 172 36
144 197 14
144 206 39
144 215 36
144 244 29
144 257 46
144 269 19
144 302 27
145 59 7
145 61 18
145 81 5
145 82 22
145 83 13
145 88 27
145 151 26
145 178 12
145 214 3
145 232 11
145 263 22
145 266 20
146 53 19
146 117 7
146 118 6
146 164 22
146 197 29
146 209 16
146 241 28
146 259 1
146 276 29
146 293 44
147 8 4
147 9 14
147 18 27
147 87 23
147 136 1
147 137 14
147 150 16
147 153 14
147 160 3
147 178 5
147 179 25
147 193 10
147 257 51
148 56 3
148 63 8
148 185 18
148 199 36
148 210 2
148 236 6
148 256 10
148 300 10
149 90 8
149 92 27
149 138 10
149 173 9
149 186 11
149 187 11
149 223 13
149 225 11
149 280 16
150 14 8
150 87 7
150 109 2
150 202 7
150 220 13
150 302 17
151 59 8
151 61 45
151 88 10
151 178 16
151 232 12
151 238 18
151 251 42
151 263 8
151 275 6
151 283 15
152 6 22
152 7 13
152 10 13
152 19 9
152 23 11
152 31 21
152 54 14
152 72 8
152 99 43
152 107 38
152 122 15
152 133 23
152 156 6
152 171 30
152 217 10
152 251 23
152 294 19
153 8 1
153 9 39
153 40 47
153 69 22
153 87 33
153 103 10
153 134 17
153 136 25
153 137 33
153 140 2
153 147 11
153 165 36
153 193 15
153 213 48
153 228 2
154 88 5
154 171 2
154 235 6
154 247 27
154 284 8
154 304 8
155 138 10
155 165 15
155 247 5
155 260 7
155 271 8
155 272 9
155 303 14
156 0 34
156 6 15
156 7 14
156 10 10
156 13 27
156 19 56
156 23 73
156 24 29
156 31 36
156 41 34
156 52 23
156 72 29
156 95 24
156 97 14
156 99 44
156 133 18
156 158 20
156 195 37
156 200 16
156 217 66
156 264 27
156 268 54
156 279 28
157 45 12
157 50 4
157 64 16
157 70 10
157 120 4
157 164 15
157 175 18
157 191 2
157 192 17
157 234 19
157 249 12
157 258 10
157 271 35
157 280 7
157 296 3
158 10 3
158 11 4
158 24 4
158 26 10
158 31 6
158 45 14
158 54 11
158 58 17
158 81 22
158 84 7
158 91 10
158 97 16
158 122 12
158 141 3
158 173 13
158 176 18
158 213 3
158 229 48
158 273 14
158 279 8
159 17 11
159 57 10
159 60 11
159 107 11
159 138 5
159 171 1
159 216 9
159 261 65
159 264 20
159 266 10
159 268 27
159 270 7
159 275 2
159 284 14
159 298 22
160 116 4
160 121 9
160 161 7
160 179 11
160 245 4
160 281 4
161 31 3
161 154 10
161 208 2
161 220 7
161 235 27
161 238 5
161 247 3
161 254 6
161 260 8
161 272 12
161 284 23
161 287 2
161 291 1
161 304 23
162 7 15
162 18 2
162 93 7
162 94 9
162 116 12
162 125 4
162 140 28
162 143 3
162 160 25
162 179 26
162 224 15
162 245 15
162 259 10
163 45 11
163 65 35
163 94 13
163 102 30
163 127 3
163 166 26
163 218 8
163 233 27
163 265 3
163 266 27
163 288 50
163 295 28
163 301 28
164 53 14
164 74 16
164 117 33
164 118 3
164 167 22
164 170 9
164 209 6
164 241 6
164 272 11
164 276 15
164 293 29
165 9 2
165 30 6
165 67 8
165 138 10
165 236 14
165 271 8
165 278 12
165 297 3
165 303 20
166 102 15
166 149 7
166 218 7
166 230 17
166 233 9
166 266 8
166 288 28
166 301 34
167 61 2
167 74 4
167 127 14
167 177 3
167 262 1
167 284 26
167 290 3
168 14 21
168 109 25
168 112 12
168 116 13
168 121 7
168 150 25
168 175 12
168 220 28
168 224 9
168 257 7
168 283 31
168 302 21
169 2 14
169 39 2
169 64 30
169 92 5
169 106 3
169 111 22
169 114 22
169 120 12
169 146 14
169 198 17
169 287 46
169 293 22
170 52 3
170 53 17
170 76 1
170 146 17
170 164 17
170 186 2
170 209 3
170 241 18
170 243 15
170 261 2
170 276 30
170 293 71
171 60 7
171 88 7
171 107 16
171 155 24
171 236 6
171 261 37
171 264 20
171 275 7
172 15 44
172 21 1
172 40 16
172 48 7
172 51 13
172 86 9
172 98 6
172 104 4
172 182 22
172 224 11
172 269 3
172 277 16
172 293 23
173 58 22
173 90 7
173 126 3
173 149 14
173 167 31
173 223 5
173 225 10
173 252 2
173 262 35
173 279 9
173 292 28
173 295 31
173 298 30
174 3 18
174 68 20
174 104 16
174 110 2
174 120 2
174 162 7
174 197 15
174 204 38
174 239 11
174 250 36
174 279 13
174 281 14
175 30 2
175 38 1
175 41 3
175 50 18
175 70 5
175 150 10
175 157 20
175 177 15
175 191 23
175 234 43
175 280 4
175 287 15
175 296 28
176 44 2
176 58 2
176 81 20
176 106 3
176 203 5
176 240 19
176 248 20
176 257 20
176 292 11
177 74 21
177 127 18
177 167 10
177 231 11
177 262 27
177 289 22
177 290 16
177 291 39
178 38 18
178 59 7
178 61 9
178 72 3
178 100 8
178 145 8
178 232 15
178 263 3
178 273 5
178 278 31
178 303 13
179 116 4
179 140 5
179 160 9
179 162 9
179 256 9
179 267 3
180 15 98
180 18 11
180 47 25
180 87 6
180 109 10
180 194 21
180 202 2
180 224 4
180 232 9
180 267 20
180 273 28
181 67 14
181 124 4
181 142 17
181 187 6
181 221 18
181 225 2
181 227 9
181 242 8
181 268 3
181 285 14
181 299 20
182 14 37
182 47 10
182 60 19
182 86 9
182 109 3
182 112 21
182 121 7
182 150 22
182 160 19
182 168 16
182 220 9
182 222 14
182 269 13
182 273 3
183 15 40
183 18 25
183 47 10
183 80 19
183 82 12
183 179 21
183 180 16
183 194 34
183 202 32
183 240 6
183 267 11
183 273 29
184 14 31
184 15 71
184 62 17
184 109 17
184 116 2
184 121 4
184 140 6
184 150 10
184 162 18
184 168 26
184 182 11
184 220 3
184 222 18
184 257 22
184 269 23
184 302 61
185 52 4
185 63 17
185 69 17
185 76 13
185 125 8
185 201 18
185 227 5
185 274 8
185 285 33
186 9 11
186 22 11
186 45 2
186 52 12
186 76 15
186 126 19
186 134 16
186 173 7
186 243 35
186 244 5
186 246 18
186 286 15
187 53 16
187 142 20
187 201 29
187 221 10
187 242 7
187 276 23
187 285 24
188 24 12
188 33 8
188 41 4
188 69 7
188 76 22
188 105 4
188 108 23
188 124 27
188 139 15
188 214 16
188 228 4
189 3 6
189 16 2
189 67 15
189 69 7
189 76 26
189 125 19
189 185 11
189 208 6
189 303 27
190 34 9
190 37 12
190 99 11
190 219 27
190 230 13
190 238 31
190 254 4
190 259 19
190 298 35
191 16 12
191 52 11
191 104 25
191 157 10
191 234 22
191 236 14
191 249 12
191 258 11
191 261 19
191 279 3
191 280 4
192 80 21
192 117 4
192 141 4
192 176 3
192 194 21
192 205 35
192 240 9
192 248 16
192 274 25
193 8 13
193 9 25
193 87 40
193 103 8
193 109 7
193 122 4
193 136 13
193 137 24
193 147 19
193 153 3
193 179 19
193 200 11
193 302 62
194 80 8
194 117 3
194 205 8
194 240 2
194 248 15
194 265 18
194 301 9
195 11 18
195 41 20
195 43 15
195 95 16
195 96 21
195 105 7
195 115 18
195 120 8
195 139 33
195 181 25
195 188 23
195 196 11
195 210 27
195 212 16
195 227 14
195 228 21
195 263 49
196 11 13
196 33 28
196 41 22
196 60 51
196 95 1
196 100 14
196 139 12
196 149 25
196 159 12
196 188 13
196 195 7
196 214 15
196 221 15
196 223 11
196 228 44
196 258 15
197 154 12
197 174 1
197 204 5
197 209 1
197 239 1
197 279 12
198 2 14
198 29 15
198 39 10
198 64 3
198 80 19
198 104 2
198 111 15
198 114 13
198 145 30
198 169 5
198 206 18
198 287 16
198 289 33
199 63 5
199 210 4
199 255 9
199 256 5
199 285 13
199 286 11
199 300 13
200 0 6
200 37 15
200 61 30
200 66 24
200 78 8
200 89 18
200 132 2
200 167 41
200 266 6
200 296 16
201 3 8
201 142 11
201 181 20
201 208 13
201 221 14
201 285 12
201 292 14
202 15 54
202 18 11
202 82 8
202 168 5
202 180 9
202 248 7
202 267 13
202 273 25
202 283 13
203 5 1
203 43 6
203 54 12
203 58 2
203 77 14
203 81 1
203 93 7
203 132 1
203 141 14
203 158 26
203 174 9
203 176 13
203 177 7
203 192 22
203 231 23
204 50 8
204 68 10
204 104 16
204 165 1
204 174 9
204 197 14
204 239 2
204 249 3
204 279 1
204 281 3
204 293 42
205 80 36
205 161 12
205 194 5
205 235 6
205 240 8
205 248 18
205 265 17
205 274 36
205 291 5
206 57 17
206 148 24
206 154 20
206 172 4
206 215 14
206 220 5
206 235 13
206 244 6
206 257 37
206 277 13
206 289 35
206 296 6
207 12 31
207 17 8
207 25 24
207 46 44
207 75 28
207 100 46
207 108 16
207 165 8
207 210 6
207 226 37
207 242 11
207 253 17
207 300 19
208 126 8
208 154 14
208 161 23
208 235 15
208 247 57
208 260 10
208 272 27
208 275 28
208 283 31
208 284 3
208 291 11
208 304 9
209 9 7
209 53 10
209 115 4
209 137 15
209 146 3
209 164 3
209 170 4
209 239 4
209 241 27
209 250 3
209 276 13
209 293 39
210 16 3
210 19 8
210 56 23
210 100 6
210 123 21
210 128 17
210 148 16
210 225 7
210 256 17
210 300 42
211 16 9
211 56 27
211 69 5
211 85 8
211 93 4
211 123 47
211 128 29
211 139 5
211 148 43
211 199 21
211 210 28
211 215 12
211 242 2
211 244 5
211 256 33
211 300 31
212 17 12
212 22 10
212 44 3
212 48 14
212 58 13
212 79 7
212 90 14
212 126 29
212 149 8
212 173 7
212 186 54
212 207 1
212 210 5
212 223 18
212 225 3
212 250 5
212 252 19
212 281 16
213 1 4
213 5 7
213 8 8
213 9 28
213 87 29
213 103 8
213 136 7
213 137 18
213 147 11
213 153 19
213 177 26
213 193 31
213 243 15
213 258 11
213 267 22
214 11 4
214 33 4
214 37 18
214 41 2
214 62 18
214 95 24
214 105 11
214 132 7
214 139 8
214 149 2
214 181 15
214 187 37
214 195 6
214 228 8
215 36 9
215 40 16
215 80 12
215 83 7
215 112 6
215 114 9
215 182 12
215 244 5
215 257 31
216 51 9
216 57 16
216 60 28
216 159 8
216 165 34
216 171 11
216 264 26
216 275 5
217 7 10
217 19 14
217 31 4
217 72 17
217 99 21
217 155 25
217 163 9
217 219 14
217 233 12
217 264 25
217 272 18
217 295 38
218 58 24
218 65 2
218 94 16
218 102 14
218 166 33
218 205 21
218 233 10
218 266 30
218 288 19
218 301 9
219 34 32
219 190 7
219 229 25
219 230 31
219 238 27
219 254 13
219 259 34
219 281 7
219 290 23
219 298 17
220 14 6
220 85 6
220 109 9
220 121 1
220 222 6
220 244 2
220 302 1
221 76 2
221 142 8
221 227 3
221 285 9
222 14 7
222 121 4
222 150 15
222 168 3
222 179 14
222 184 6
222 245 5
222 280 7
222 302 9
223 22 2
223 30 12
223 60 42
223 88 25
223 126 21
223 149 14
223 165 16
223 173 7
223 186 12
223 225 11
223 252 16
223 261 35
223 271 18
224 14 7
224 18 15
224 116 16
224 143 23
224 160 29
224 162 9
224 179 13
224 202 7
224 245 3
224 248 26
224 273 15
225 63 17
225 126 21
225 141 12
225 149 2
225 173 12
225 186 4
225 207 5
225 223 3
225 232 16
225 299 13
226 5 3
226 17 4
226 75 39
226 93 9
226 100 13
226 108 8
226 253 13
226 276 3
227 66 6
227 142 26
227 181 12
227 187 19
227 201 19
227 221 2
227 242 8
227 253 6
227 280 3
227 285 15
227 303 17
228 79 2
228 95 11
228 96 7
228 105 13
228 126 15
228 139 3
228 189 11
228 201 22
228 214 2
229 177 11
229 190 42
229 219 16
229 230 2
229 234 3
229 238 11
229 281 11
229 298 8
230 34 2
230 229 11
230 238 26
230 254 30
230 259 33
230 274 15
230 298 15
231 70 4
231 127 5
231 161 3
231 167 29
231 177 8
231 289 27
231 290 19
231 301 23
232 38 3
232 59 2
232 61 9
232 69 12
232 82 4
232 88 18
232 145 7
232 151 1
232 263 5
232 299 11
233 65 13
233 80 30
233 102 10
233 163 1
233 166 9
233 218 7
233 266 15
233 288 11
233 290 12
233 301 49
234 50 4
234 56 4
234 70 11
234 157 20
234 174 12
234 296 12
235 117 3
235 161 3
235 247 8
235 283 2
235 284 4
235 291 2
235 304 34
236 30 10
236 107 10
236 138 6
236 152 4
236 155 15
236 165 7
236 171 16
236 268 17
236 271 35
236 285 2
236 294 11
236 303 7
237 32 24
237 149 34
237 243 39
237 278 27
237 282 34
237 286 10
237 292 29
237 294 5
237 295 17
237 296 11
237 297 4
237 299 44
238 34 2
238 208 11
238 229 9
238 254 8
238 259 10
238 281 4
238 298 11
239 68 26
239 104 32
239 115 9
239 120 2
239 174 13
239 197 17
239 204 28
239 250 2
239 279 15
239 293 11
240 65 10
240 80 38
240 117 17
240 167 15
240 177 18
240 192 9
240 194 55
240 205 20
240 248 14
240 262 8
240 265 27
240 274 22
240 289 22
241 5 21
241 146 7
241 164 17
241 170 11
241 209 16
241 276 2
241 293 1
242 66 5
242 67 6
242 69 21
242 124 35
242 142 20
242 187 10
242 189 12
242 201 16
242 221 39
242 227 9
242 285 40
242 288 12
243 32 6
243 142 11
243 282 1
243 292 17
243 294 4
243 295 3
243 297 10
243 299 22
244 44 17
244 83 2
244 134 17
244 206 4
244 210 7
244 215 14
244 257 27
244 262 19
244 289 29
245 116 13
245 125 8
245 140 6
245 143 3
245 160 16
245 162 8
245 179 21
245 224 1
245 262 4
245 302 33
246 22 12
246 24 18
246 43 18
246 54 15
246 58 13
246 126 33
246 149 32
246 158 23
246 169 6
246 173 25
246 186 15
246 210 24
246 212 11
246 223 4
246 225 3
247 272 17
247 282 12
247 283 15
247 291 3
247 304 17
248 15 14
248 80 14
248 197 6
248 202 3
248 205 25
248 240 3
248 265 11
249 2 16
249 157 10
249 174 16
249 175 8
249 191 9
249 204 6
249 234 25
249 258 16
249 280 7
249 293 1
250 68 25
250 104 16
250 116 8
250 120 2
250 166 13
250 174 2
250 197 29
250 204 22
250 239 25
250 279 20
251 134 24
251 255 14
251 275 21
251 304 25
252 11 12
252 22 5
252 48 18
252 57 13
252 79 7
252 126 38
252 131 17
252 149 2
252 186 10
252 207 21
252 225 21
252 246 18
252 263 1
253 46 16
253 75 1
253 100 3
253 207 3
253 226 6
253 238 10
254 34 11
254 190 13
254 218 4
254 229 21
254 230 10
254 238 2
254 281 1
254 298 19
255 16 2
255 51 12
255 63 13
255 148 3
255 256 19
255 286 2
255 300 10
256 56 11
256 63 6
256 148 9
257 269 3
258 50 2
258 70 2
258 138 18
258 149 18
258 157 21
258 175 10
258 191 4
258 234 33
258 267 7
258 279 15
258 280 7
258 296 32
259 190 11
259 218 12
259 219 12
259 229 10
259 238 7
259 254 27
259 298 19
260 126 4
260 154 19
260 208 3
260 221 1
260 235 20
260 247 38
260 272 14
260 283 2
260 284 7
260 291 14
260 300 24
260 304 17
261 60 23
261 171 12
261 216 1
261 264 12
261 270 3
261 295 10
261 304 15
262 127 1
262 167 10
262 231 11
262 290 8
262 291 7
263 38 1
263 59 6
263 61 20
263 69 6
263 72 17
263 88 5
263 145 10
263 151 3
263 178 15
263 181 7
263 226 14
263 232 5
263 283 2
264 60 11
264 107 16
264 171 19
264 251 35
264 261 18
264 270 2
264 275 19
264 281 7
264 304 9
265 80 11
265 117 3
265 192 11
265 205 15
265 248 7
265 274 5
265 291 8
266 65 8
266 94 10
266 102 6
266 141 21
266 163 6
266 233 3
266 262 26
266 288 8
266 301 14
267 15 38
267 18 14
267 47 22
267 116 11
267 183 9
267 222 17
267 273 18
267 302 24
268 30 12
268 112 1
268 138 7
268 152 6
268 155 15
268 159 20
268 165 10
268 226 8
268 236 13
268 271 17
268 272 1
268 303 30
269 14 11
269 47 12
269 48 1
269 112 3
269 121 11
269 150 14
269 160 15
269 168 30
269 182 9
269 220 42
269 222 23
269 231 31
269 302 37
270 45 5
270 57 18
270 60 30
270 107 57
270 159 20
270 171 18
270 216 13
270 229 18
270 251 37
270 261 21
270 264 27
270 271 6
270 275 37
271 107 2
271 155 6
271 165 4
271 236 10
271 247 6
271 261 40
271 268 10
271 303 24
272 154 5
272 161 3
272 164 15
272 235 23
272 261 19
272 304 33
273 15 33
273 18 22
273 47 28
273 123 15
273 202 14
273 216 25
273 267 21
273 277 3
274 80 15
274 117 10
274 192 9
274 194 9
274 248 25
274 265 4
274 284 3
274 291 19
275 60 25
275 107 2
275 155 18
275 159 5
275 171 10
275 216 13
275 261 14
276 53 21
276 118 2
276 154 18
276 185 5
276 241 9
276 247 9
276 279 6
276 293 10
277 21 21
277 129 5
277 190 20
277 251 23
278 32 5
278 128 3
278 243 5
278 292 18
278 294 20
278 295 2
278 299 20
279 68 2
279 120 3
279 197 20
279 204 4
279 249 10
279 250 7
280 61 13
280 157 15
280 191 5
280 234 60
280 249 6
280 296 20
281 34 8
281 116 4
281 190 25
281 219 12
281 229 12
281 230 29
281 238 17
281 254 11
281 259 26
281 298 40
282 32 18
282 189 13
282 243 4
282 278 6
282 292 20
282 295 14
282 297 20
283 154 26
283 161 19
283 247 6
283 251 14
283 260 6
283 272 1
283 291 11
283 304 12
284 235 3
284 247 1
284 272 8
284 283 16
284 291 26
284 304 42
285 66 4
285 181 6
285 201 2
285 221 3
285 227 1
285 255 15
286 51 5
286 63 16
286 69 23
286 123 15
286 134 4
286 185 12
286 199 14
286 255 47
286 300 34
287 68 13
287 198 11
288 65 3
288 102 21
288 266 4
288 301 6
289 167 5
289 177 15
289 231 3
289 262 2
289 290 1
290 74 11
290 127 24
290 167 15
290 177 1
290 231 15
290 262 3
290 289 5
291 154 2
291 161 1
291 235 6
291 272 12
291 283 6
291 304 29
292 32 11
292 243 20
292 278 9
292 295 4
292 299 11
293 53 24
293 241 15
293 276 5
294 32 18
294 237 4
294 243 8
294 278 2
294 282 32
294 292 19
294 295 17
294 297 10
294 299 9
295 32 4
295 237 4
295 243 10
295 278 11
295 282 8
295 292 13
295 294 5
295 299 18
296 157 15
296 191 9
296 234 2
296 249 16
296 280 13
297 237 6
297 243 32
297 278 16
297 282 1
297 292 29
297 294 6
297 295 25
297 299 15
298 219 8
298 229 13
298 230 10
298 238 22
298 254 3
298 281 7
299 32 3
299 278 4
299 282 7
299 294 23
299 295 15
299 297 3
300 63 4
301 65 2
302 182 2
303 51 4
303 155 12
303 236 5
303 300 9
304 235 8
304 251 2
