0 4 2
0 7 2
0 10 2
0 18 14
0 39 11
0 116 19
0 138 17
0 180 7
0 181 25
0 196 18
0 255 1
0 270 29
0 272 22
0 286 17
0 299 22
1 6 18
1 50 27
1 51 3
1 69 28
1 70 22
1 84 1
1 118 30
1 128 10
1 192 51
1 202 31
1 220 29
1 229 4
1 241 57
1 257 19
1 262 25
1 275 29
1 287 23
2 0 2
2 27 12
2 54 5
2 77 25
2 88 55
2 105 53
2 109 50
2 142 27
2 159 25
2 164 6
2 185 13
2 195 9
2 198 12
2 222 2
2 246 29
2 262 41
2 294 23
2 302 38
3 5 26
3 11 7
3 45 44
3 64 20
3 74 31
3 75 15
3 79 2
3 82 1
3 103 10
3 123 6
3 139 7
3 144 13
3 159 9
3 204 22
3 225 14
3 256 38
4 22 5
4 33 10
4 40 3
4 52 19
4 59 16
4 61 11
4 78 20
4 87 7
4 89 22
4 111 2
4 164 20
4 180 6
4 183 9
4 190 1
4 283 57
5 4 11
5 22 5
5 40 5
5 83 13
5 87 54
5 111 1
5 127 7
5 149 28
5 183 22
5 191 10
5 194 16
5 266 5
5 274 21
5 299 17
6 1 21
6 84 4
6 95 1
6 114 7
6 118 19
6 202 1
6 205 14
6 241 19
6 266 13
7 0 5
7 10 50
7 21 5
7 36 30
7 44 3
7 54 44
7 92 13
7 116 17
7 133 4
7 179 9
7 180 14
7 185 17
7 203 35
7 239 19
7 255 24
7 283 23
8 67 11
8 102 13
8 106 23
8 118 11
8 122 48
8 133 14
8 148 13
8 166 9
8 175 20
8 199 20
8 264 16
8 284 22
8 300 22
9 108 11
9 132 26
9 153 16
9 156 16
9 161 4
9 166 28
9 176 17
9 187 22
9 222 5
9 254 3
9 273 11
9 304 13
10 0 25
10 31 7
10 33 2
10 54 24
10 74 11
10 86 11
10 101 9
10 116 33
10 120 5
10 124 30
10 168 17
10 180 3
10 209 12
10 269 17
10 296 38
11 3 14
11 9 5
11 35 37
11 45 4
11 60 12
11 64 6
11 74 14
11 90 13
11 92 4
11 119 5
11 139 28
11 144 33
11 158 2
11 159 4
11 204 5
11 206 20
11 218 32
11 225 27
11 250 10
11 256 5
11 273 27
12 17 13
12 19 19
12 27 39
12 45 14
12 83 24
12 103 3
12 114 27
12 122 30
12 123 27
12 208 54
12 209 29
12 223 1
12 266 25
12 280 32
12 286 48
12 303 45
13 10 15
13 14 29
13 25 47
13 41 27
13 42 4
13 50 24
13 52 7
13 61 58
13 66 10
13 67 63
13 69 16
13 70 5
13 95 13
13 114 13
13 120 3
13 159 18
13 164 30
13 165 18
13 184 35
13 200 26
13 204 2
13 209 27
13 223 38
13 239 13
13 257 39
14 38 39
14 61 32
14 66 55
14 67 29
14 71 6
14 72 16
14 78 29
14 102 7
14 164 4
14 165 15
14 173 7
14 203 19
14 223 18
14 251 29
14 300 21
15 23 26
15 45 7
15 65 6
15 73 3
15 74 33
15 80 24
15 83 3
15 103 5
15 127 27
15 171 13
15 182 18
15 201 16
15 206 18
15 207 6
15 228 24
16 31 9
16 34 10
16 39 8
16 44 13
16 55 4
16 60 10
16 80 15
16 81 8
16 97 10
16 107 16
16 124 4
16 198 8
16 199 12
16 250 17
16 258 15
16 292 22
16 296 22
17 12 2
17 32 7
17 75 20
17 79 3
17 103 10
17 110 10
17 114 23
17 136 5
17 188 10
17 203 17
17 208 13
17 258 13
17 277 44
17 296 50
18 0 41
18 2 8
18 4 2
18 7 12
18 10 56
18 19 4
18 30 30
18 44 30
18 54 25
18 62 39
18 68 19
18 92 18
18 116 23
18 139 21
18 178 33
18 180 28
18 181 23
18 184 28
18 207 9
18 237 41
18 288 24
18 305 51
19 17 8
19 43 25
19 76 34
19 79 3
19 85 28
19 97 2
19 103 23
19 110 7
19 114 43
19 119 2
19 123 10
19 136 22
19 167 27
19 182 33
19 191 41
19 204 13
19 207 18
19 208 35
19 214 17
19 261 31
19 280 24
20 96 1
20 115 12
20 157 2
20 167 4
20 169 3
20 247 16
20 270 8
20 282 17
20 289 3
21 4 10
21 5 5
21 22 30
21 30 12
21 33 18
21 40 11
21 52 5
21 73 2
21 87 11
21 92 4
21 111 10
21 139 1
21 166 10
21 179 27
21 183 17
21 189 19
21 255 5
21 256 12
22 4 29
22 21 1
22 24 9
22 33 4
22 39 2
22 40 24
22 52 14
22 59 3
22 70 4
22 87 14
22 111 10
22 154 1
22 168 6
22 172 13
22 178 23
22 183 18
22 235 14
22 256 20
22 299 29
23 74 16
23 87 5
23 115 31
23 182 12
23 274 1
23 289 10
23 298 9
24 89 15
24 106 5
24 112 8
24 184 4
24 210 30
24 235 30
24 260 20
24 261 58
24 272 19
24 274 14
24 292 22
25 14 11
25 42 2
25 63 16
25 66 9
25 94 1
25 128 5
25 164 11
25 165 12
25 223 15
25 257 12
25 268 3
25 295 54
26 8 24
26 102 20
26 110 5
26 122 46
26 133 5
26 134 27
26 175 12
26 199 10
26 258 12
27 37 47
27 77 14
27 98 16
27 192 16
27 194 28
27 218 29
27 241 7
27 302 19
28 93 2
28 99 19
28 195 4
28 238 22
28 240 15
28 247 26
28 287 19
28 302 6
28 303 17
29 38 12
29 128 20
29 137 1
29 143 5
29 233 16
29 285 10
29 290 8
29 300 1
30 168 2
30 179 15
30 189 19
30 203 9
30 227 10
30 265 1
30 281 13
30 299 17
31 34 14
31 44 21
31 47 29
31 49 14
31 55 13
31 58 21
31 60 12
31 80 35
31 81 25
31 82 13
31 97 25
31 100 20
31 108 31
31 116 11
31 130 27
31 185 38
31 187 14
31 198 46
31 204 17
31 245 22
31 258 22
31 262 31
32 110 6
32 113 8
32 122 28
32 140 22
32 154 19
32 187 3
32 211 21
32 224 5
32 227 17
32 230 21
32 263 19
32 267 47
33 4 5
33 5 21
33 22 14
33 40 4
33 52 16
33 124 6
33 125 8
33 127 15
33 144 33
33 234 10
33 251 18
33 274 3
33 282 42
34 16 6
34 39 4
34 44 2
34 55 9
34 60 17
34 74 6
34 80 20
34 97 2
34 107 17
34 244 22
34 258 6
34 278 47
34 305 44
35 161 7
35 191 12
35 193 2
35 196 3
35 304 8
35 305 28
36 64 15
36 97 6
36 130 32
36 132 15
36 141 45
36 160 31
36 161 16
36 195 26
36 198 8
36 201 38
36 215 40
36 226 51
36 232 31
36 246 3
36 269 21
36 278 3
36 293 16
37 129 21
37 138 3
37 176 1
37 192 13
37 215 3
37 218 23
37 262 10
38 23 2
38 37 8
38 70 10
38 88 3
38 191 2
38 229 2
38 285 8
38 286 23
38 290 20
39 15 12
39 23 11
39 41 2
39 48 6
39 83 12
39 85 16
39 91 8
39 163 21
39 167 1
39 182 26
39 207 18
39 250 3
39 276 14
40 4 5
40 87 4
40 133 11
40 136 1
40 150 4
40 158 5
40 183 38
40 197 11
40 235 26
40 261 20
40 271 24
40 301 30
41 14 7
41 25 13
41 61 1
41 66 9
41 87 18
41 91 13
41 164 36
41 165 19
41 223 1
41 236 13
41 245 11
41 257 33
41 286 23
41 289 18
41 296 26
42 8 16
42 14 3
42 25 13
42 41 8
42 58 11
42 61 12
42 69 1
42 91 2
42 93 7
42 99 21
42 128 16
42 164 22
42 165 67
42 177 15
42 223 15
42 257 5
42 286 38
42 301 32
43 68 4
43 96 12
43 131 13
43 137 25
43 151 10
43 200 10
43 213 29
43 233 43
43 253 58
43 275 32
43 285 16
43 288 9
43 290 11
43 294 49
44 16 5
44 28 8
44 34 11
44 47 2
44 49 24
44 64 6
44 80 6
44 81 11
44 97 12
44 129 5
44 145 2
44 198 10
44 201 16
44 258 13
45 28 4
45 64 20
45 81 6
45 82 5
45 93 3
45 119 3
45 141 13
45 144 13
45 161 25
45 179 12
45 204 2
45 224 25
45 230 13
45 256 14
45 263 8
45 293 20
46 27 3
46 90 12
46 98 14
46 193 6
46 196 26
46 215 24
46 240 14
46 242 18
46 291 47
46 294 14
47 16 9
47 31 2
47 34 6
47 44 4
47 49 2
47 55 8
47 60 28
47 74 4
47 76 17
47 77 23
47 80 10
47 81 7
47 97 7
47 129 16
47 198 18
47 222 29
47 232 10
47 246 24
47 258 23
48 15 11
48 23 19
48 43 24
48 52 4
48 74 27
48 76 6
48 83 3
48 85 17
48 89 22
48 163 11
48 182 20
48 190 12
48 193 16
48 199 9
48 207 9
48 214 11
48 250 3
48 300 9
49 16 27
49 28 12
49 34 23
49 47 7
49 48 3
49 50 7
49 55 15
49 60 18
49 69 4
49 81 26
49 97 18
49 129 4
49 154 19
49 168 3
49 198 3
49 207 4
49 258 8
49 265 30
49 287 12
50 1 5
50 6 21
50 23 16
50 32 18
50 51 3
50 70 10
50 75 9
50 118 6
50 155 12
50 202 6
50 212 5
50 220 12
50 241 13
50 253 15
50 285 22
50 299 27
50 303 37
51 1 10
51 6 25
51 50 24
51 54 9
51 86 16
51 97 6
51 99 18
51 118 17
51 126 8
51 143 28
51 171 15
51 202 28
51 209 19
51 220 26
51 241 25
51 253 39
51 266 15
51 285 38
52 4 4
52 5 16
52 22 1
52 33 17
52 39 9
52 40 4
52 67 11
52 85 11
52 87 3
52 114 10
52 135 11
52 174 28
52 179 47
52 183 2
52 229 7
52 260 30
52 261 30
52 265 18
53 32 33
53 57 14
53 110 5
53 113 15
53 148 16
53 154 16
53 171 37
53 211 11
53 216 20
53 224 30
53 230 18
53 250 16
53 263 6
53 267 37
53 303 44
54 0 20
54 7 4
54 10 1
54 34 2
54 66 9
54 68 4
54 92 16
54 116 7
54 173 5
54 194 24
54 243 32
54 281 18
54 293 34
55 4 5
55 16 14
55 31 18
55 34 11
55 44 10
55 47 16
55 60 22
55 81 22
55 97 18
55 98 49
55 139 3
55 144 12
55 190 21
55 198 8
55 206 22
55 209 17
55 227 13
55 230 26
56 68 3
56 71 19
56 90 19
56 150 30
56 158 26
56 179 23
56 181 15
56 185 13
56 190 14
56 194 15
56 234 21
56 265 13
56 273 13
56 287 7
57 65 1
57 121 4
57 152 28
57 158 12
57 171 10
57 248 4
57 263 9
57 267 17
58 32 12
58 70 3
58 73 8
58 100 3
58 117 15
58 126 7
58 135 16
58 157 11
58 165 2
58 177 9
58 215 19
58 221 6
58 225 33
58 266 9
58 288 19
58 304 38
59 5 38
59 21 8
59 22 6
59 33 5
59 39 3
59 40 16
59 48 8
59 52 10
59 66 29
59 75 1
59 87 7
59 91 26
59 93 6
59 111 13
59 183 20
59 207 17
59 217 55
59 247 58
59 271 13
59 305 66
60 15 10
60 34 11
60 44 3
60 55 3
60 64 3
60 97 16
60 130 12
60 192 15
60 198 9
60 208 1
60 291 33
60 296 18
61 14 11
61 25 13
61 66 3
61 164 17
61 165 1
61 196 11
61 197 18
61 210 3
61 223 18
61 257 11
61 271 23
61 298 22
62 0 30
62 7 7
62 10 26
62 18 2
62 54 67
62 66 23
62 78 62
62 92 59
62 116 73
62 120 8
62 173 35
62 180 44
62 218 33
62 237 36
62 255 58
62 258 28
62 265 56
62 298 35
63 29 18
63 117 1
63 134 11
63 142 9
63 205 17
63 213 5
63 221 15
63 228 11
63 266 11
63 270 3
63 277 8
64 124 8
64 192 6
64 225 6
64 233 12
64 256 11
64 296 11
65 57 14
65 79 12
65 113 6
65 121 10
65 134 10
65 147 8
65 152 22
65 170 11
65 171 33
65 214 21
65 217 23
65 238 18
65 244 40
65 252 5
65 263 30
65 268 19
66 12 1
66 13 1
66 14 30
66 42 6
66 61 19
66 67 5
66 74 3
66 76 6
66 92 4
66 93 18
66 164 22
66 165 13
66 203 21
66 210 1
66 223 26
66 270 23
67 17 4
67 25 30
67 41 10
67 42 5
67 61 23
67 66 1
67 116 15
67 165 17
67 169 9
67 185 17
67 220 7
67 223 22
67 238 29
67 257 17
67 264 37
67 265 24
67 279 15
68 56 11
68 71 10
68 90 44
68 116 4
68 150 26
68 158 8
68 168 16
68 185 18
68 188 22
68 190 15
68 222 9
68 249 32
68 265 11
68 273 54
68 296 31
69 1 31
69 25 24
69 75 23
69 84 5
69 133 11
69 162 29
69 205 66
69 209 43
69 212 49
69 223 39
69 257 31
69 275 74
69 278 59
69 280 10
69 286 39
69 297 23
69 301 66
69 304 63
70 58 46
70 117 6
70 120 1
70 126 4
70 135 4
70 205 4
70 253 4
70 277 39
70 290 14
71 107 1
71 150 5
71 158 6
71 190 9
71 196 11
71 261 27
71 273 5
71 302 3
72 124 27
72 151 6
72 181 12
72 239 10
72 267 9
72 268 31
72 279 3
72 297 9
72 301 20
73 15 17
73 17 10
73 23 10
73 39 7
73 48 30
73 57 25
73 74 73
73 82 6
73 83 16
73 85 32
73 163 17
73 172 43
73 182 13
73 186 14
73 204 8
73 207 34
73 250 15
73 252 10
73 272 30
73 292 53
74 39 2
74 85 1
74 163 8
74 195 10
74 217 24
74 268 2
75 84 4
75 162 9
75 164 8
75 183 25
75 191 20
75 204 18
75 205 54
75 209 30
75 212 15
75 275 33
75 280 18
76 7 10
76 12 19
76 17 12
76 26 10
76 65 1
76 79 21
76 89 29
76 102 13
76 103 25
76 110 11
76 114 4
76 123 12
76 136 6
76 153 19
76 164 25
76 208 27
76 301 28
77 27 6
77 37 18
77 88 28
77 105 12
77 129 22
77 142 5
77 192 40
77 194 1
77 218 54
77 260 12
77 302 16
78 149 15
78 172 11
78 249 17
79 12 32
79 17 26
79 19 17
79 57 43
79 76 4
79 103 32
79 110 5
79 114 26
79 123 18
79 131 2
79 136 12
79 163 15
79 174 23
79 208 6
79 244 31
79 259 12
79 267 28
80 34 10
80 47 8
80 49 20
80 55 2
80 60 3
80 81 4
80 105 25
80 146 14
80 156 27
80 189 19
80 198 15
80 222 8
80 270 19
81 27 7
81 34 1
81 46 24
81 60 10
81 77 1
81 80 11
81 97 1
81 193 37
81 194 2
81 198 1
81 258 4
82 3 10
82 11 8
82 23 24
82 45 1
82 50 18
82 64 19
82 88 18
82 97 11
82 119 1
82 139 7
82 144 7
82 159 7
82 185 9
82 187 23
82 204 2
82 206 13
82 225 11
82 230 13
82 256 33
82 288 9
83 23 31
83 39 41
83 72 11
83 74 10
83 85 17
83 91 4
83 93 33
83 101 13
83 152 13
83 163 12
83 167 27
83 175 25
83 182 41
83 207 10
83 231 5
83 297 33
84 6 9
84 23 6
84 67 17
84 75 1
84 93 5
84 102 10
84 144 20
84 162 20
84 205 25
84 209 13
84 212 1
84 236 12
84 275 38
84 278 37
85 5 6
85 15 13
85 23 27
85 30 2
85 33 7
85 39 11
85 48 2
85 83 12
85 91 13
85 101 9
85 163 30
85 182 51
85 196 29
85 207 2
85 244 16
85 286 6
86 6 3
86 17 11
86 29 3
86 38 22
86 94 23
86 143 34
86 155 22
86 205 3
86 219 29
86 229 2
86 243 7
86 266 6
86 276 11
86 280 16
86 285 9
86 286 41
86 290 3
87 5 14
87 17 1
87 33 14
87 40 15
87 52 10
87 59 2
87 102 2
87 149 33
87 165 17
87 183 12
87 187 8
87 217 24
87 270 19
87 286 20
88 27 2
88 109 11
88 142 3
88 218 6
88 253 5
88 302 3
89 30 20
89 78 1
89 149 10
89 174 13
89 179 7
90 35 6
90 71 10
90 113 7
90 156 6
90 190 21
90 273 19
91 186 13
91 217 19
91 248 5
91 264 7
91 282 20
91 284 11
91 297 16
92 0 18
92 3 17
92 7 5
92 10 13
92 13 3
92 18 6
92 116 15
92 138 38
92 145 11
92 146 47
92 168 58
92 180 33
92 185 38
92 242 28
93 8 3
93 28 12
93 99 22
93 134 12
93 214 8
93 235 44
93 238 21
93 240 23
93 247 34
93 300 16
93 303 78
94 29 37
94 38 35
94 75 11
94 95 13
94 103 7
94 143 32
94 155 5
94 219 14
94 229 9
94 233 6
94 275 13
94 276 21
94 277 34
94 285 32
94 286 30
94 290 42
95 5 7
95 43 9
95 96 35
95 103 11
95 131 1
95 137 11
95 143 4
95 196 42
95 200 14
95 219 4
95 226 11
95 233 26
95 253 3
95 285 4
95 290 3
96 20 15
96 43 7
96 130 17
96 137 13
96 200 11
96 233 5
96 253 5
96 290 1
97 16 2
97 44 1
97 49 12
97 60 4
97 80 32
97 81 10
97 88 34
97 141 2
97 176 4
97 244 12
97 253 15
97 258 6
98 138 18
98 145 9
98 272 12
98 291 3
98 294 19
99 213 2
99 240 6
99 247 22
99 300 9
99 303 19
100 4 2
100 37 53
100 58 13
100 70 61
100 82 1
100 94 6
100 117 26
100 121 13
100 126 28
100 135 50
100 137 30
100 177 25
100 200 9
100 205 21
100 214 5
100 237 16
100 288 12
100 290 33
101 71 6
101 72 14
101 114 4
101 124 7
101 128 17
101 151 23
101 231 14
101 239 20
101 268 10
101 279 17
101 297 6
101 301 46
102 26 5
102 28 10
102 56 2
102 106 29
102 122 30
102 133 10
102 148 19
102 175 12
102 199 5
102 248 15
102 303 26
103 41 11
103 75 4
103 114 5
103 134 17
103 136 20
103 147 14
103 155 9
103 171 7
103 208 23
103 211 5
103 245 8
104 78 20
104 90 12
104 107 27
104 127 33
104 142 22
104 146 28
104 149 25
104 188 53
104 189 12
104 234 18
104 249 1
104 271 13
104 283 27
104 295 50
104 296 41
104 299 34
105 88 22
105 109 4
105 194 1
105 218 15
105 226 4
105 262 2
106 26 20
106 122 29
106 133 5
106 148 3
106 159 24
106 171 18
106 175 6
106 199 18
106 261 14
106 272 30
106 283 29
107 78 30
107 127 6
107 146 2
107 149 14
107 152 15
107 188 24
107 196 19
107 234 21
107 249 17
107 271 18
107 295 32
107 296 23
108 9 19
108 109 11
108 132 13
108 153 24
108 156 7
108 166 9
108 176 6
108 187 7
108 192 2
108 222 6
108 254 19
108 291 13
109 37 1
109 88 48
109 105 25
109 129 6
109 142 5
109 192 11
109 218 16
109 254 18
109 262 4
109 289 17
109 302 9
110 12 25
110 17 24
110 19 9
110 30 34
110 49 32
110 50 24
110 62 8
110 79 10
110 103 19
110 112 23
110 114 26
110 123 48
110 136 33
110 146 9
110 166 3
110 208 7
110 244 18
110 252 1
111 3 13
111 4 5
111 5 7
111 21 19
111 33 11
111 40 8
111 52 11
111 59 16
111 87 12
111 102 23
111 125 9
111 183 48
111 197 47
111 207 4
111 248 47
111 268 32
111 280 3
112 24 33
112 59 11
112 184 3
112 206 7
112 210 46
112 213 47
112 223 8
112 235 83
112 238 39
112 239 11
112 259 21
112 260 40
112 261 39
112 272 36
112 292 17
113 216 2
113 224 12
113 227 6
113 230 38
113 249 8
113 267 2
113 277 10
113 303 14
114 30 9
114 70 6
114 98 18
114 103 5
114 160 11
114 211 10
114 221 8
114 224 6
115 167 5
115 270 3
115 271 11
115 284 1
116 0 3
116 6 18
116 7 4
116 9 7
116 54 9
116 56 14
116 71 6
116 90 15
116 139 14
116 178 8
116 281 37
117 6 29
117 70 7
117 126 28
117 131 15
117 165 9
117 276 11
118 1 3
118 6 23
118 38 12
118 50 11
118 51 6
118 61 4
118 86 6
118 99 28
118 196 7
118 202 31
118 220 5
118 228 1
118 241 42
118 247 32
118 259 3
118 274 15
119 3 6
119 11 24
119 45 24
119 64 34
119 73 20
119 74 17
119 82 15
119 121 27
119 139 22
119 144 43
119 167 57
119 206 5
119 211 19
119 216 24
119 225 69
119 239 33
119 256 10
119 267 34
120 1 19
120 14 38
120 25 15
120 58 29
120 60 30
120 70 19
120 100 50
120 117 35
120 125 15
120 126 14
120 135 45
120 150 24
120 164 7
120 168 28
120 177 50
120 237 16
120 245 17
120 278 62
120 288 16
121 26 3
121 41 10
121 57 34
121 65 2
121 94 6
121 106 17
121 133 3
121 148 2
121 150 9
121 152 12
121 155 9
121 170 39
121 171 23
121 244 14
122 223 2
122 303 1
123 17 13
123 19 6
123 43 13
123 53 7
123 80 11
123 85 16
123 103 10
123 106 12
123 110 18
123 114 26
123 133 12
123 136 19
123 167 34
123 170 14
123 208 36
123 231 8
124 101 1
124 151 10
124 191 22
124 239 8
124 268 7
124 294 3
124 301 21
125 4 22
125 5 25
125 7 15
125 11 15
125 19 14
125 21 63
125 22 24
125 33 25
125 40 6
125 52 11
125 59 25
125 66 22
125 84 21
125 87 14
125 123 3
125 141 27
125 180 14
125 183 2
125 230 37
125 258 16
125 272 39
125 273 23
126 58 9
126 70 9
126 219 11
126 221 12
126 224 8
126 247 32
126 277 33
126 285 22
126 288 3
127 78 10
127 104 2
127 146 3
127 149 9
127 172 5
127 188 30
127 234 7
127 249 24
127 271 22
127 282 16
127 295 17
127 296 30
127 305 18
128 29 24
128 72 25
128 124 22
128 141 4
128 151 17
128 212 4
128 231 16
128 239 31
128 268 4
128 271 4
128 279 26
128 282 14
128 289 8
128 301 27
129 27 14
129 37 21
129 105 7
129 218 39
129 226 11
129 233 5
129 302 4
130 64 11
130 88 31
130 108 6
130 132 13
130 161 9
130 195 4
130 201 20
130 226 14
130 262 11
130 269 8
131 7 13
131 40 2
131 43 15
131 63 22
131 72 5
131 84 38
131 95 13
131 96 30
131 134 7
131 137 17
131 200 5
131 219 13
131 233 29
131 253 54
131 276 16
131 303 46
132 27 14
132 102 9
132 108 17
132 129 26
132 153 19
132 156 16
132 166 12
132 187 8
132 222 34
132 254 40
132 296 9
133 8 18
133 26 9
133 102 30
133 106 13
133 122 54
133 144 21
133 147 18
133 148 27
133 169 36
133 175 24
133 263 15
134 63 12
134 99 24
134 157 7
134 213 11
134 221 19
134 228 6
134 238 2
134 275 30
134 277 12
134 289 29
135 6 7
135 20 24
135 58 24
135 70 12
135 117 10
135 126 9
135 155 17
135 199 1
135 237 16
135 253 5
135 288 7
136 0 4
136 6 30
136 12 2
136 17 7
136 19 11
136 27 16
136 37 43
136 90 39
136 103 6
136 114 13
136 208 39
136 269 8
136 294 31
137 95 10
137 99 25
137 131 1
137 157 5
137 200 9
137 221 2
137 232 8
137 233 5
137 253 5
137 275 40
137 294 1
138 27 4
138 98 1
138 172 45
138 242 2
138 251 16
138 269 10
138 283 22
138 293 15
139 45 1
139 56 2
139 64 19
139 144 14
139 174 29
139 206 1
139 243 7
139 256 11
139 261 16
139 293 33
140 53 14
140 57 7
140 103 12
140 111 4
140 113 17
140 121 12
140 211 10
140 216 3
140 224 21
140 227 33
140 230 55
140 263 26
140 267 41
141 28 13
141 45 7
141 129 9
141 130 14
141 161 3
141 195 10
141 201 14
141 246 13
141 269 1
141 287 11
142 37 12
142 88 2
142 105 8
142 109 12
142 192 12
142 218 2
142 262 16
142 295 4
143 38 31
143 96 11
143 137 6
143 196 26
143 219 7
143 253 4
143 285 22
143 286 2
143 290 6
144 36 2
144 45 10
144 46 9
144 64 10
144 81 11
144 139 7
144 225 11
144 239 10
144 243 6
144 256 11
144 278 7
145 46 19
145 98 25
145 108 10
145 153 21
145 171 14
145 201 8
145 215 49
145 232 7
145 240 6
145 242 13
145 246 4
145 280 24
145 291 40
145 294 45
146 38 11
146 64 13
146 77 15
146 78 15
146 87 2
146 104 7
146 107 2
146 127 9
146 149 18
146 188 76
146 216 11
146 234 34
146 249 6
146 271 35
146 292 22
146 295 38
146 296 57
147 8 22
147 26 9
147 81 22
147 94 1
147 102 42
147 106 11
147 122 34
147 133 10
147 148 26
147 167 13
147 170 2
147 175 31
147 199 57
148 8 5
148 26 13
148 102 22
148 106 10
148 122 27
148 140 9
148 152 17
148 171 12
148 175 30
148 199 1
148 259 11
148 260 32
148 292 17
149 78 6
149 89 12
149 107 5
149 217 8
149 234 3
149 235 11
149 249 3
149 271 7
149 295 2
150 71 18
150 90 14
150 144 3
150 158 5
150 166 14
150 190 6
150 196 22
150 273 4
150 278 10
150 298 11
151 25 12
151 101 3
151 113 4
151 124 6
151 128 16
151 183 6
151 231 4
151 239 1
151 274 8
151 277 12
151 279 17
151 282 15
151 301 34
152 57 7
152 121 8
152 122 20
152 143 14
152 170 5
152 171 10
152 201 7
152 235 10
152 244 7
152 259 16
152 303 6
153 108 11
153 156 7
153 176 8
153 254 3
153 293 1
154 32 8
154 53 4
154 71 10
154 113 3
154 119 8
154 140 6
154 170 18
154 206 7
154 224 5
154 225 5
154 227 28
154 230 47
154 263 9
154 267 21
155 25 13
155 29 14
155 38 12
155 86 11
155 94 8
155 96 8
155 143 15
155 219 9
155 229 10
155 266 13
155 276 4
155 285 20
155 286 15
156 9 10
156 108 2
156 109 2
156 132 15
156 153 31
156 166 4
156 176 10
156 187 4
156 194 23
156 218 22
156 222 3
156 254 2
156 291 2
157 63 50
157 134 13
157 213 53
157 221 11
157 228 37
157 266 9
157 275 13
157 277 77
157 285 32
157 301 54
158 68 5
158 71 13
158 90 12
158 150 5
158 181 12
158 190 5
158 257 16
158 273 21
158 281 15
159 27 7
159 37 2
159 77 6
159 88 28
159 105 30
159 109 26
159 117 2
159 142 25
159 209 5
159 222 14
159 225 18
159 262 7
159 302 11
160 9 22
160 104 7
160 130 29
160 141 14
160 156 17
160 161 12
160 201 9
160 226 26
160 246 23
160 254 17
160 269 29
160 291 8
160 294 21
161 36 12
161 129 4
161 160 9
161 173 14
161 192 36
161 195 31
161 201 2
161 208 2
161 226 12
161 246 23
161 262 12
161 269 14
162 20 13
162 109 1
162 173 16
162 202 3
162 205 9
162 209 26
162 220 5
162 224 7
162 234 31
162 248 36
162 257 7
162 275 35
162 289 24
162 296 8
163 10 2
163 15 4
163 23 21
163 83 4
163 114 18
163 117 2
163 124 12
163 127 1
163 156 9
163 182 18
163 207 2
163 209 3
163 232 15
163 274 13
163 296 20
164 33 3
164 42 16
164 67 14
164 165 14
164 182 18
164 183 6
164 257 14
164 273 16
164 286 22
164 293 28
165 20 13
165 25 5
165 193 45
165 270 23
165 284 13
165 300 41
165 305 44
166 108 7
166 138 16
166 153 33
166 156 11
166 254 2
166 273 3
166 278 14
167 20 9
167 115 11
167 140 9
167 169 14
167 197 6
167 264 7
167 271 21
167 274 6
167 282 30
167 289 11
168 107 10
168 138 11
168 172 31
168 174 23
168 190 12
168 243 3
168 251 26
168 283 32
168 293 30
169 20 34
169 115 7
169 153 28
169 167 12
169 171 1
169 197 1
169 236 1
169 270 19
169 282 29
169 289 13
169 300 1
169 301 53
170 57 24
170 77 20
170 105 11
170 143 10
170 152 13
170 171 25
170 175 7
170 186 18
170 214 8
170 244 68
170 247 42
170 252 3
171 57 8
171 238 5
171 244 3
172 179 13
172 251 10
172 283 8
172 293 1
173 30 1
173 89 23
173 150 18
173 174 33
173 178 20
173 179 9
173 189 9
173 203 28
173 254 19
173 265 18
173 281 24
173 299 28
174 30 13
174 189 15
174 203 12
174 251 20
174 265 20
174 281 12
174 283 20
174 299 14
175 12 6
175 26 15
175 106 7
175 122 27
175 223 6
175 260 2
175 300 18
175 303 80
176 9 10
176 105 11
176 108 11
176 132 10
176 153 26
176 156 13
176 166 15
176 187 4
176 192 36
176 222 3
176 226 3
176 254 14
176 291 32
177 6 15
177 58 22
177 70 40
177 96 2
177 117 25
177 126 25
177 131 6
177 135 11
177 150 9
177 158 18
177 219 10
177 233 3
177 237 1
177 288 2
178 30 19
178 89 2
178 172 14
178 174 16
178 179 3
178 189 7
178 203 19
178 250 6
178 260 20
178 265 26
178 281 25
178 299 13
179 78 11
179 89 6
179 174 2
179 189 6
179 247 3
179 299 9
180 7 18
180 10 13
180 16 8
180 47 12
180 54 8
180 87 2
180 89 32
180 116 37
180 172 30
180 207 12
180 251 37
180 286 17
180 299 32
180 304 21
181 35 21
181 153 3
181 191 9
181 193 8
181 196 8
181 278 2
181 298 12
181 304 31
181 305 32
182 23 8
182 74 6
182 84 4
182 270 3
182 271 4
182 277 14
182 282 11
182 288 3
183 5 5
183 33 3
183 91 8
183 98 5
183 182 22
183 271 18
183 274 20
183 284 11
184 24 25
184 30 19
184 112 5
184 210 15
184 235 39
184 259 2
184 260 10
184 261 44
184 272 26
184 292 19
184 298 11
185 56 2
185 68 3
185 71 37
185 90 4
185 150 40
185 158 14
185 188 19
185 190 21
185 203 12
185 242 3
185 251 23
185 273 1
185 302 16
186 91 25
186 115 15
186 217 2
186 248 26
186 264 13
186 297 3
187 9 10
187 108 12
187 109 17
187 132 13
187 153 16
187 156 14
187 166 28
187 176 11
187 222 9
187 225 12
187 246 1
187 250 2
187 254 28
187 273 2
188 78 4
188 127 4
188 149 1
188 172 16
188 251 11
188 271 6
188 283 14
189 89 34
189 104 1
189 172 8
189 173 15
189 203 8
189 234 13
189 281 16
189 283 31
189 299 5
190 68 10
190 71 4
190 101 3
190 150 30
190 158 14
190 188 12
190 256 3
190 273 10
190 293 11
191 35 14
191 124 9
191 255 5
191 278 1
191 295 7
191 298 13
191 304 38
191 305 25
192 88 15
192 105 1
192 122 8
192 129 8
192 218 1
192 262 5
193 35 9
193 160 9
193 181 20
193 191 19
193 215 13
193 298 20
193 305 32
194 27 30
194 37 45
194 77 12
194 109 15
194 129 42
194 138 12
194 192 7
194 218 74
194 299 16
195 27 22
195 47 23
195 130 5
195 141 15
195 160 13
195 178 13
195 201 11
195 225 24
195 226 6
195 246 34
195 269 24
196 24 2
196 38 19
196 215 1
196 293 2
196 304 22
197 20 34
197 25 5
197 115 22
197 167 10
197 169 8
197 236 2
197 270 9
197 282 10
197 289 3
198 3 9
198 34 20
198 44 32
198 49 4
198 55 7
198 80 10
198 81 22
198 97 20
198 142 19
198 163 12
198 215 29
198 269 22
198 304 25
199 26 4
199 38 3
199 71 3
199 84 13
199 122 15
199 133 33
199 148 24
199 175 25
199 210 19
200 43 6
200 63 18
200 94 1
200 95 6
200 96 48
200 126 13
200 131 3
200 135 9
200 137 2
200 159 13
200 182 21
200 233 4
200 253 40
200 275 17
200 290 15
201 108 16
201 161 1
201 195 20
201 226 3
201 246 5
201 291 11
201 294 16
201 305 21
202 6 9
202 50 12
202 99 7
202 115 14
202 136 19
202 162 2
202 169 9
202 186 5
202 229 2
202 241 11
203 24 14
203 78 6
203 89 12
203 174 5
203 179 17
203 265 17
203 283 11
203 299 11
204 11 31
204 44 13
204 45 12
204 60 8
204 61 11
204 64 34
204 82 17
204 101 16
204 104 12
204 119 11
204 139 15
204 144 6
204 173 16
204 206 16
204 225 10
204 227 2
204 250 6
204 256 9
205 38 3
205 135 12
205 209 12
205 212 18
205 236 22
205 241 14
205 275 13
205 285 3
206 3 5
206 11 14
206 32 5
206 45 15
206 57 31
206 64 20
206 74 13
206 82 9
206 119 11
206 139 25
206 144 14
206 159 11
206 163 11
206 167 10
206 208 8
206 225 17
206 248 58
206 256 3
207 23 19
207 47 6
207 48 6
207 74 19
207 76 1
207 125 3
207 132 9
207 163 11
207 182 3
207 210 22
207 272 30
208 17 7
208 44 7
208 74 13
208 103 8
208 114 8
208 193 14
208 270 20
208 295 38
208 299 17
208 303 31
209 84 13
209 106 5
209 234 20
209 275 24
210 24 36
210 26 8
210 184 8
210 235 18
210 259 7
210 260 1
210 261 26
210 272 23
210 292 19
211 113 29
211 127 5
211 154 33
211 171 35
211 227 23
211 230 11
211 240 3
211 251 16
211 263 24
211 267 30
212 6 20
212 13 11
212 23 13
212 67 25
212 75 14
212 84 10
212 123 17
212 147 21
212 162 21
212 196 19
212 199 14
212 200 9
212 209 21
212 275 23
212 280 19
212 287 17
213 192 7
213 235 19
213 261 13
213 277 8
214 28 22
214 93 22
214 94 2
214 99 19
214 113 14
214 134 12
214 238 10
214 240 21
214 247 9
214 300 22
214 303 48
215 35 25
215 98 23
215 105 25
215 193 25
215 196 12
215 232 5
215 242 11
215 280 2
215 291 13
216 32 2
216 90 29
216 144 10
216 152 29
216 154 24
216 211 17
216 224 42
216 227 19
216 230 35
216 263 11
216 267 27
217 186 19
217 248 4
217 284 33
217 295 15
217 297 13
218 37 12
218 192 4
218 226 8
218 262 9
218 281 2
218 291 2
218 299 3
219 6 16
219 29 17
219 38 24
219 86 8
219 117 7
219 143 2
219 155 10
219 213 52
219 224 10
219 229 12
219 266 23
219 276 14
219 286 4
219 290 21
220 6 20
220 50 3
220 61 23
220 63 9
220 86 9
220 118 7
220 155 3
220 165 4
220 202 19
220 241 30
220 244 7
220 275 46
220 282 16
220 295 24
221 95 15
221 134 12
221 213 38
221 228 9
221 253 13
221 277 60
222 9 2
222 153 26
222 156 12
222 166 6
222 176 11
222 187 7
222 225 5
222 254 34
222 294 6
223 14 1
223 48 5
223 61 17
223 66 13
223 164 3
223 165 9
223 245 3
223 279 2
223 287 23
223 289 8
224 53 2
224 154 7
224 211 3
224 216 7
224 227 25
224 230 11
224 263 7
224 267 18
224 269 11
225 35 9
225 45 8
225 139 14
225 144 3
225 206 13
225 242 24
225 258 7
225 287 6
226 35 13
226 129 4
226 130 2
226 141 17
226 160 6
226 195 16
226 201 5
226 246 14
226 302 12
227 53 15
227 54 7
227 224 5
227 230 14
227 243 18
227 263 20
227 267 22
228 63 33
228 134 28
228 137 16
228 178 2
228 213 64
228 221 9
228 230 16
228 266 18
228 276 11
228 277 38
228 297 41
229 29 10
229 86 15
229 114 27
229 115 3
229 116 5
229 118 15
229 143 2
229 155 27
229 186 11
229 202 1
229 219 21
229 276 1
229 286 17
230 57 1
230 113 16
230 221 2
230 224 15
230 267 1
231 72 68
231 101 19
231 124 34
231 128 10
231 151 4
231 177 17
231 186 41
231 239 39
231 268 25
231 279 18
231 300 27
231 301 68
232 37 10
232 38 9
232 46 17
232 88 1
232 98 16
232 142 26
232 215 14
232 242 7
232 291 31
232 294 22
233 43 17
233 75 8
233 95 6
233 96 3
233 131 3
233 137 15
233 199 7
233 200 1
233 253 18
233 288 3
234 78 12
234 107 4
234 179 2
234 188 25
234 271 13
234 295 16
234 296 23
234 305 5
235 149 8
235 179 4
235 210 20
235 260 2
235 261 2
235 272 13
236 20 24
236 115 24
236 151 13
236 167 15
236 169 11
236 249 18
236 270 14
236 271 2
236 287 13
236 289 28
237 1 11
237 48 6
237 50 8
237 58 13
237 70 24
237 76 5
237 85 14
237 117 23
237 126 27
237 135 2
237 143 29
237 157 22
237 177 11
237 207 6
237 219 6
237 288 4
238 26 6
238 28 1
238 93 4
238 99 19
238 192 7
238 214 1
238 240 9
238 247 32
238 259 8
238 300 22
238 303 27
239 121 10
239 151 18
239 268 5
239 279 29
239 297 14
239 301 3
240 28 19
240 46 6
240 93 35
240 99 16
240 144 6
240 152 12
240 195 3
240 214 3
240 238 19
240 247 25
240 295 21
240 300 53
240 303 34
241 6 19
241 29 10
241 194 1
241 202 17
241 299 8
242 46 19
242 98 33
242 138 8
242 142 27
242 145 7
242 209 3
242 232 6
242 246 27
242 291 15
242 294 21
243 138 27
243 168 6
243 172 56
243 174 16
243 196 19
243 230 9
243 251 17
243 283 26
243 293 27
244 57 22
244 84 4
244 88 12
244 102 1
244 121 5
244 152 10
244 171 23
244 206 1
244 216 11
244 224 1
244 252 3
245 35 51
245 66 8
245 181 38
245 191 48
245 193 22
245 236 1
245 255 16
245 278 26
245 298 21
245 304 36
245 305 34
246 36 2
246 64 7
246 129 17
246 130 10
246 141 9
246 160 13
246 161 4
246 201 21
246 226 18
246 273 4
247 99 1
247 171 2
247 303 19
248 23 5
248 91 12
248 217 6
248 284 11
248 287 25
248 297 8
249 78 22
249 107 23
249 127 12
249 149 9
249 188 14
249 197 10
249 234 19
249 271 2
249 292 3
249 294 6
249 295 53
250 15 23
250 23 9
250 48 14
250 73 7
250 74 39
250 83 16
250 85 6
250 133 14
250 158 28
250 163 10
250 173 15
250 182 30
250 207 14
250 281 18
251 78 5
251 138 4
251 172 3
251 174 6
251 243 6
251 283 10
252 53 18
252 57 13
252 65 18
252 79 3
252 107 10
252 121 14
252 152 34
252 170 20
252 171 56
252 223 11
252 244 14
252 263 21
252 264 22
252 267 24
252 287 15
252 305 14
253 95 2
253 99 10
253 137 23
253 233 9
253 275 8
253 290 13
254 9 6
254 105 13
254 153 1
254 156 10
254 166 10
254 176 7
254 194 6
254 302 5
255 35 28
255 181 27
255 191 3
255 193 21
255 196 29
255 245 7
255 278 27
255 283 12
255 298 34
255 304 27
255 305 41
256 40 7
256 45 5
256 64 9
256 145 4
256 158 14
256 159 2
256 202 11
256 216 3
256 222 11
256 225 5
257 11 23
257 14 3
257 20 26
257 25 9
257 41 2
257 66 20
257 101 9
257 133 8
257 155 5
257 165 30
257 223 11
257 248 23
258 3 11
258 16 3
258 34 4
258 44 15
258 60 10
258 80 20
258 81 11
258 132 12
258 146 30
258 198 14
259 24 21
259 106 4
259 184 11
259 210 3
259 235 34
259 260 11
259 261 17
259 272 9
259 292 4
260 24 20
260 105 9
260 184 9
260 210 2
260 235 14
260 259 5
260 261 19
260 272 4
260 292 13
261 210 9
261 235 13
261 239 3
261 272 13
261 292 3
262 88 15
262 105 8
262 109 6
262 122 14
262 159 1
262 176 6
262 232 16
262 291 16
262 302 18
263 32 3
263 113 19
263 153 6
263 154 13
263 170 14
263 224 19
263 230 22
263 267 5
264 91 1
264 115 9
264 186 3
264 197 3
264 217 40
264 248 8
264 287 2
264 297 5
264 302 4
265 30 8
265 89 4
265 174 3
265 179 2
265 189 8
265 203 1
265 281 12
265 298 11
266 63 16
266 134 9
266 157 8
266 213 36
266 221 7
266 228 14
266 242 8
266 277 71
267 98 3
267 113 5
267 140 2
267 216 2
268 20 25
268 72 34
268 101 42
268 124 9
268 128 7
268 151 15
268 197 14
268 279 9
268 297 18
268 301 47
269 36 9
269 130 6
269 141 15
269 166 2
269 201 16
269 226 26
269 242 2
269 246 17
270 20 20
270 115 24
270 167 1
270 171 2
270 236 3
270 245 5
270 282 15
270 289 11
271 78 36
271 107 6
271 149 10
271 197 11
271 209 6
271 249 16
271 295 17
271 296 12
272 227 15
272 260 11
272 292 1
273 35 36
273 56 10
273 71 8
273 150 7
273 185 13
273 190 13
273 269 7
274 20 24
274 115 31
274 167 13
274 169 4
274 197 19
274 209 8
274 236 30
274 270 5
274 282 13
274 289 10
275 205 8
275 233 4
275 277 11
276 29 31
276 38 8
276 131 7
276 133 3
276 143 3
276 155 10
276 213 20
276 219 5
276 228 6
276 229 2
276 286 27
276 290 27
277 29 3
278 35 14
278 181 33
278 191 19
278 193 44
278 298 17
278 304 12
278 305 25
279 23 5
279 72 22
279 90 9
279 101 22
279 124 7
279 151 2
279 158 9
279 231 16
279 249 5
279 258 13
279 268 44
279 284 16
279 301 23
280 46 15
280 98 15
280 145 4
280 215 50
280 221 16
280 232 19
280 242 33
280 271 20
280 291 44
280 294 70
281 89 3
281 136 3
281 139 8
281 173 3
281 174 9
281 179 6
281 203 16
281 265 3
281 299 12
282 115 11
282 196 8
282 197 12
282 236 9
282 284 3
283 179 10
283 251 9
283 293 3
284 29 12
284 186 28
284 217 22
284 248 41
284 264 36
284 265 14
284 287 13
284 297 39
285 29 4
285 38 6
285 96 6
285 219 2
285 229 7
285 276 12
285 290 11
286 29 2
286 72 2
286 219 5
286 285 11
286 290 7
287 91 19
287 182 16
287 186 25
287 217 17
287 248 8
287 264 15
287 284 3
287 297 20
288 6 4
288 58 5
288 70 40
288 71 9
288 117 20
288 126 14
288 135 4
288 177 17
288 254 8
289 20 7
289 115 42
289 169 9
289 197 8
289 241 7
289 270 3
289 282 13
290 143 6
290 155 21
290 229 2
290 233 21
290 285 8
291 98 3
291 142 20
291 215 4
291 294 6
292 107 9
292 184 1
292 210 3
292 235 21
292 259 4
292 260 2
292 261 6
292 272 15
293 116 5
293 138 2
293 172 10
293 191 24
293 251 22
293 283 3
294 215 14
294 291 5
294 297 6
295 78 5
295 149 5
295 188 6
295 251 14
295 296 28
296 78 1
296 149 6
296 188 17
296 249 6
297 186 4
297 248 7
297 264 4
297 284 5
297 287 9
298 35 20
298 181 3
298 191 3
298 193 5
298 304 10
298 305 6
299 30 12
299 89 10
299 179 14
299 189 5
299 265 4
300 28 24
300 99 29
300 238 7
300 247 42
300 303 24
301 101 4
301 124 23
301 239 1
302 37 8
302 88 12
302 105 31
302 142 13
302 159 3
302 218 11
303 99 2
303 300 10
304 35 3
304 193 6
304 278 10
304 298 2
304 305 13
305 298 4
