0 5 1
0 7 9
0 23 1
0 35 11
0 74 14
0 77 37
0 79 11
0 85 7
0 93 10
0 94 26
0 100 6
0 143 52
0 153 2
0 169 24
0 205 21
0 206 3
0 209 56
0 218 3
1 74 10
1 140 13
1 154 55
1 157 31
1 205 6
1 221 112
1 227 16
1 236 7
1 260 18
1 278 32
2 3 13
2 4 2
2 5 3
2 18 16
2 47 22
2 78 9
2 102 14
2 128 7
2 134 16
2 143 19
2 179 38
2 206 7
2 222 14
2 244 12
2 267 20
2 282 18
2 306 11
3 29 15
3 70 6
3 80 4
3 86 5
3 87 6
3 96 1
3 148 6
3 149 10
3 205 11
3 208 44
3 263 10
3 276 51
3 295 11
4 36 1
4 44 8
4 58 2
4 70 2
4 91 27
4 92 9
4 98 3
4 109 4
4 140 1
4 158 19
4 207 17
4 216 12
4 228 13
4 232 34
4 238 13
4 304 53
5 2 22
5 6 11
5 16 9
5 18 16
5 28 1
5 29 16
5 47 13
5 73 18
5 78 43
5 84 16
5 102 8
5 128 16
5 134 23
5 162 12
5 179 37
5 222 32
5 267 22
6 7 2
6 13 13
6 16 2
6 40 16
6 57 13
6 62 29
6 78 5
6 95 24
6 97 9
6 189 37
6 226 15
6 234 18
6 262 1
6 280 14
6 305 27
7 0 16
7 1 4
7 13 17
7 37 5
7 79 2
7 84 15
7 87 2
7 113 5
7 135 3
7 153 2
7 218 6
7 255 36
7 269 15
8 54 26
8 75 15
8 114 22
8 142 1
8 164 12
8 171 6
8 213 11
8 224 14
8 274 13
8 279 6
8 283 18
8 295 11
9 10 7
9 12 4
9 15 16
9 20 48
9 81 17
9 88 8
9 89 1
9 101 7
9 108 2
9 111 2
9 130 24
9 155 17
9 161 17
9 198 14
9 207 10
9 246 16
9 248 13
9 270 23
10 38 5
10 81 3
10 88 4
10 103 12
10 109 9
10 111 24
10 155 21
10 194 19
10 213 8
10 248 33
10 266 17
11 3 18
11 12 19
11 16 12
11 19 11
11 29 44
11 73 15
11 77 13
11 80 17
11 89 28
11 96 19
11 99 27
11 101 29
11 103 18
11 124 13
11 127 54
11 148 88
11 168 53
11 205 28
11 230 35
11 232 31
11 249 28
11 295 47
12 4 16
12 46 6
12 99 14
12 117 18
12 139 8
12 145 2
12 194 31
12 216 21
12 249 6
12 297 24
13 16 33
13 23 34
13 33 15
13 40 23
13 51 13
13 62 8
13 95 28
13 97 28
13 202 33
13 205 4
13 219 27
13 232 9
13 245 25
13 275 24
13 300 26
14 33 2
14 48 25
14 51 59
14 95 19
14 102 2
14 151 29
14 165 4
14 172 21
14 189 23
14 239 30
14 243 44
14 249 24
14 262 4
14 280 26
14 287 12
14 300 60
14 305 10
15 61 24
15 76 39
15 105 18
15 126 8
15 139 8
15 153 7
15 228 33
15 231 24
15 237 15
15 257 4
16 6 6
16 13 6
16 40 3
16 60 4
16 62 12
16 97 19
16 124 11
16 151 37
16 187 11
16 203 37
16 223 13
16 259 19
17 5 3
17 12 13
17 19 4
17 27 11
17 31 6
17 44 21
17 68 17
17 99 39
17 145 5
17 194 5
17 197 13
17 216 14
17 221 23
17 250 19
17 258 21
17 297 32
17 307 37
18 2 7
18 7 6
18 47 26
18 67 3
18 78 10
18 102 6
18 113 20
18 128 11
18 132 21
18 134 78
18 162 3
18 165 12
18 179 20
18 222 13
18 244 11
18 267 24
19 3 22
19 14 21
19 51 16
19 101 2
19 123 5
19 124 3
19 148 1
19 177 17
19 205 24
19 220 12
19 226 35
19 239 3
19 246 1
19 279 14
20 24 14
20 133 12
20 235 24
20 251 4
20 276 14
21 67 13
21 71 10
21 132 34
21 134 15
21 177 19
21 182 24
21 202 16
21 234 16
21 247 12
21 265 13
21 270 14
21 274 7
21 309 34
22 7 10
22 23 49
22 30 12
22 38 38
22 43 9
22 63 24
22 66 10
22 69 7
22 98 14
22 104 17
22 109 28
22 130 29
22 167 4
22 192 8
22 198 14
22 200 5
22 246 9
23 10 4
23 30 10
23 37 4
23 38 11
23 43 24
23 63 17
23 66 15
23 121 13
23 122 28
23 144 23
23 147 17
23 158 19
23 167 9
23 175 21
23 198 11
23 227 28
23 250 26
23 258 7
24 103 8
24 136 2
24 190 13
24 235 13
25 3 9
25 29 6
25 37 3
25 56 2
25 77 3
25 92 17
25 156 14
25 160 15
25 187 13
25 247 4
25 252 8
25 275 44
25 291 10
26 25 16
26 34 33
26 70 4
26 73 17
26 74 6
26 83 2
26 84 25
26 87 8
26 107 8
26 110 21
26 129 13
26 170 21
26 199 9
26 220 9
26 230 10
26 242 24
26 258 21
27 47 14
27 61 32
27 86 11
27 89 6
27 93 31
27 94 11
27 114 28
27 115 12
27 123 10
27 138 13
27 186 6
27 196 18
27 215 6
27 217 19
27 240 17
27 244 15
27 306 46
28 0 14
28 7 36
28 35 27
28 69 12
28 79 20
28 85 29
28 87 5
28 90 10
28 95 33
28 105 2
28 148 17
28 153 29
28 181 18
28 193 12
28 212 44
28 217 24
28 218 19
28 230 23
28 232 25
28 291 31
29 19 9
29 66 3
29 80 19
29 96 11
29 101 38
29 124 13
29 148 18
29 149 43
29 193 19
29 205 4
29 267 5
29 290 42
29 291 33
29 301 61
30 7 5
30 22 8
30 23 12
30 38 5
30 39 18
30 42 29
30 43 31
30 63 23
30 149 10
30 158 25
30 167 18
30 198 27
30 223 8
30 238 11
30 246 7
30 252 41
30 275 56
30 296 9
31 9 1
31 12 31
31 17 2
31 32 11
31 36 2
31 65 26
31 99 23
31 119 15
31 125 32
31 174 13
31 192 1
31 194 37
31 216 16
31 238 1
31 250 6
31 269 7
31 275 25
31 288 44
31 297 55
31 307 31
32 31 21
32 64 19
32 68 16
32 79 14
32 121 14
32 145 3
32 169 10
32 175 7
32 197 10
32 216 13
32 223 7
32 270 4
32 294 33
32 297 11
32 302 36
32 304 11
33 6 15
33 13 16
33 15 21
33 16 52
33 19 7
33 35 7
33 40 25
33 57 7
33 62 12
33 67 2
33 97 38
33 108 8
33 114 49
33 116 2
33 133 14
33 193 5
33 239 23
33 264 21
33 277 11
34 26 6
34 74 1
34 120 12
34 134 5
34 162 18
34 170 17
34 220 2
34 229 26
34 256 28
34 269 8
34 273 11
34 299 36
34 301 14
35 1 8
35 7 16
35 53 5
35 85 15
35 98 15
35 105 3
35 107 1
35 135 13
35 137 14
35 153 10
35 162 14
35 179 21
35 181 12
35 205 16
35 212 16
35 232 37
35 261 9
36 4 7
36 20 34
36 44 3
36 91 26
36 109 4
36 119 5
36 144 11
36 183 21
36 188 23
36 194 3
36 207 25
36 238 14
36 266 14
36 269 40
37 22 14
37 50 30
37 56 9
37 60 11
37 92 3
37 116 5
37 119 8
37 150 12
37 156 8
37 160 18
37 175 34
37 187 9
37 193 10
37 298 11
38 23 5
38 42 9
38 66 2
38 148 7
38 152 8
38 158 21
38 160 6
38 167 12
38 203 3
38 266 12
38 304 21
39 127 25
39 152 1
39 167 8
39 203 21
39 204 7
39 214 3
39 233 14
39 266 35
39 272 27
39 288 18
39 289 21
39 291 4
39 296 8
40 6 10
40 13 7
40 16 7
40 48 8
40 54 19
40 62 3
40 65 41
40 78 9
40 146 16
40 248 9
40 277 50
40 280 18
40 309 25
41 12 3
41 36 6
41 46 17
41 126 31
41 145 10
41 157 6
41 158 17
41 169 8
41 201 10
41 281 45
41 284 18
41 285 16
41 286 35
41 307 46
42 52 10
42 127 7
42 208 9
42 214 3
42 219 11
42 226 3
42 230 7
42 242 2
42 258 2
42 259 18
42 296 7
43 23 9
43 30 19
43 38 10
43 44 8
43 104 3
43 117 3
43 146 2
43 158 10
43 167 17
43 198 28
43 240 37
43 266 28
43 286 27
43 289 25
44 36 9
44 63 26
44 64 17
44 76 36
44 90 7
44 91 28
44 117 16
44 145 3
44 155 14
44 207 13
44 238 11
44 269 11
44 288 18
44 306 5
45 42 37
45 50 19
45 58 13
45 85 2
45 100 3
45 104 6
45 113 21
45 137 16
45 147 11
45 159 45
45 167 14
45 185 26
45 199 31
45 209 6
45 227 21
45 293 23
46 21 13
46 41 10
46 99 10
46 121 18
46 126 2
46 157 6
46 186 8
46 201 9
46 250 16
46 281 21
46 284 4
46 286 7
46 307 50
47 56 32
47 134 26
47 138 16
47 162 5
47 192 11
47 222 16
47 267 14
47 278 10
47 306 25
48 53 14
48 55 30
48 65 50
48 125 26
48 132 5
48 142 10
48 159 47
48 172 12
48 173 2
48 176 13
48 190 18
48 210 35
48 211 23
48 240 19
48 251 29
48 299 19
49 6 41
49 13 49
49 16 51
49 17 11
49 28 6
49 33 55
49 40 129
49 57 36
49 62 54
49 86 29
49 96 30
49 97 49
49 107 4
49 120 11
49 153 44
49 164 32
49 189 46
49 192 32
49 245 64
49 262 33
49 265 35
50 45 5
50 58 6
50 100 10
50 113 16
50 135 19
50 147 28
50 185 5
50 199 20
50 209 26
50 228 12
50 255 13
50 257 5
50 263 1
50 292 40
51 95 3
51 134 5
51 172 3
51 189 8
51 219 7
51 226 1
51 234 12
51 243 22
51 280 41
51 300 11
52 42 6
52 177 8
52 208 8
52 242 11
52 293 9
52 295 5
53 20 26
53 24 39
53 82 20
53 103 9
53 133 15
53 159 7
53 173 2
53 174 18
53 184 16
53 237 14
53 268 3
53 274 10
53 276 34
53 299 13
54 59 12
54 117 20
54 142 13
54 159 9
54 164 6
54 213 12
54 256 12
54 274 40
54 283 4
54 299 15
55 48 11
55 65 60
55 125 41
55 159 2
55 190 4
55 211 2
55 218 12
55 240 26
55 251 41
55 268 9
55 277 23
55 282 19
56 37 9
56 116 10
56 119 3
56 125 14
56 150 4
56 160 6
56 167 10
56 170 21
56 174 17
56 182 34
56 191 21
56 192 16
56 212 3
56 296 3
57 6 23
57 13 19
57 16 53
57 33 30
57 34 35
57 40 21
57 62 59
57 97 46
57 108 2
57 134 34
57 161 16
57 184 23
57 192 17
57 211 30
57 245 34
57 256 28
57 300 67
57 304 75
58 30 3
58 37 12
58 100 13
58 113 18
58 121 28
58 137 3
58 139 26
58 147 31
58 185 18
58 199 23
58 209 49
58 227 6
58 253 11
58 261 15
58 302 30
59 72 25
59 106 2
59 141 21
59 163 16
59 178 4
59 179 4
59 229 3
59 237 7
59 271 25
59 308 5
60 66 4
60 135 18
60 149 31
60 166 25
60 185 3
60 231 13
60 253 12
60 254 42
60 255 29
60 257 12
60 263 58
60 264 29
60 290 2
60 292 73
60 303 57
61 114 28
61 151 12
61 215 1
61 221 17
61 228 16
61 307 15
62 6 25
62 13 13
62 16 8
62 40 10
62 66 4
62 97 7
62 112 30
62 119 27
62 160 14
62 172 36
62 180 21
62 208 51
62 249 12
62 264 32
62 276 61
62 305 25
63 22 20
63 23 9
63 30 8
63 38 19
63 39 9
63 43 22
63 45 16
63 66 15
63 143 10
63 158 19
63 167 13
63 173 12
63 189 20
63 198 2
63 227 16
63 248 11
63 265 18
64 144 6
64 145 9
64 175 12
64 270 3
64 297 24
64 304 8
65 159 4
65 176 12
65 190 11
65 282 6
66 30 12
66 38 27
66 43 14
66 80 30
66 104 18
66 140 16
66 158 28
66 167 25
66 198 4
66 203 31
66 214 20
66 246 1
66 250 26
66 296 20
66 300 51
67 21 2
67 71 12
67 114 20
67 116 16
67 132 20
67 146 31
67 163 2
67 177 3
67 205 3
67 234 37
67 247 23
67 267 7
67 273 21
67 277 14
67 280 34
67 287 14
68 64 18
68 121 11
68 145 11
68 175 16
68 194 8
68 195 5
68 197 25
68 223 1
68 270 19
68 307 13
69 2 4
69 17 7
69 98 5
69 121 4
69 143 11
69 144 20
69 147 10
69 183 13
69 186 18
69 194 19
69 195 11
69 225 14
69 270 13
69 294 20
70 2 24
70 34 15
70 35 5
70 55 7
70 62 11
70 74 16
70 84 2
70 110 19
70 129 9
70 170 12
70 220 9
70 241 6
70 269 10
70 282 21
71 21 7
71 42 18
71 67 7
71 132 6
71 146 10
71 165 6
71 177 23
71 202 31
71 208 6
71 234 17
71 242 11
71 247 9
71 309 3
72 106 2
72 163 10
72 178 9
72 229 15
72 237 15
72 256 17
72 271 27
72 279 16
72 282 32
72 308 11
73 21 22
73 24 25
73 34 26
73 53 20
73 70 16
73 82 35
73 84 6
73 86 2
73 110 10
73 129 3
73 147 10
73 170 13
73 178 21
73 184 11
73 220 26
73 271 17
74 34 16
74 73 2
74 84 11
74 86 10
74 110 13
74 129 16
74 170 16
74 179 18
74 210 13
74 218 11
74 220 3
74 274 18
74 276 41
75 18 7
75 54 16
75 69 9
75 128 19
75 141 17
75 142 37
75 164 29
75 168 6
75 171 1
75 173 14
75 178 8
75 213 7
75 224 18
75 251 17
75 274 38
75 283 33
75 306 1
76 15 7
76 44 3
76 92 6
76 139 1
76 166 1
76 227 12
76 228 22
76 231 8
76 269 27
77 25 8
77 37 5
77 52 20
77 56 7
77 76 14
77 90 17
77 116 7
77 119 46
77 131 13
77 156 22
77 160 10
77 187 3
77 192 6
77 241 31
77 257 15
77 264 25
77 267 14
77 289 31
78 18 2
78 47 12
78 112 7
78 134 22
78 179 18
78 222 15
78 232 7
78 234 9
78 305 20
78 309 34
79 2 6
79 5 7
79 7 22
79 17 22
79 28 15
79 35 5
79 40 10
79 56 16
79 61 15
79 63 37
79 69 6
79 85 34
79 105 13
79 122 37
79 137 17
79 181 11
79 191 12
79 218 20
79 246 3
80 6 16
80 11 16
80 19 3
80 25 25
80 32 6
80 40 2
80 70 39
80 89 17
80 96 1
80 101 27
80 120 4
80 124 22
80 127 38
80 205 6
80 252 11
80 290 30
80 291 22
80 300 36
80 304 23
81 2 7
81 9 13
81 10 5
81 12 1
81 33 7
81 99 11
81 119 15
81 130 17
81 155 9
81 161 18
81 231 29
81 248 7
81 250 2
81 285 31
81 303 35
82 20 3
82 24 20
82 136 10
82 174 11
82 235 3
82 276 11
82 282 6
83 26 2
83 28 14
83 34 24
83 70 7
83 71 20
83 73 13
83 74 21
83 84 30
83 86 31
83 102 5
83 107 23
83 108 11
83 110 24
83 111 21
83 129 33
83 141 42
83 164 35
83 170 29
83 220 35
83 251 37
83 271 65
84 34 26
84 70 7
84 73 4
84 86 9
84 168 3
84 170 3
84 180 28
84 182 18
84 251 29
84 258 15
84 278 12
84 298 28
85 0 15
85 7 28
85 22 4
85 30 14
85 76 24
85 87 3
85 105 10
85 118 1
85 153 13
85 181 3
85 198 20
85 199 16
85 209 4
85 218 21
85 250 14
85 260 11
86 26 3
86 34 23
86 70 22
86 74 19
86 106 11
86 115 27
86 157 4
86 170 19
86 219 24
86 220 2
86 235 2
86 303 5
87 0 19
87 7 3
87 29 5
87 35 40
87 62 17
87 72 12
87 77 7
87 79 13
87 85 4
87 105 8
87 148 8
87 153 23
87 181 29
87 218 10
87 242 29
87 255 36
87 276 41
87 292 27
88 3 20
88 10 1
88 12 31
88 81 13
88 111 13
88 130 5
88 131 10
88 155 5
88 185 6
88 195 15
88 201 11
88 248 17
88 250 15
89 3 12
89 19 26
89 25 1
89 29 2
89 34 3
89 46 19
89 96 35
89 101 35
89 120 8
89 148 36
89 187 7
89 189 32
89 205 44
89 254 22
89 287 11
89 300 43
90 4 19
90 17 29
90 36 45
90 44 12
90 56 16
90 63 3
90 91 3
90 140 5
90 155 2
90 158 34
90 190 11
90 203 18
90 207 7
90 233 13
90 238 7
90 241 28
90 252 39
90 267 11
90 304 34
91 4 3
91 90 8
91 103 9
91 117 23
91 133 13
91 210 6
91 249 19
92 15 42
92 76 2
92 117 37
92 140 2
92 166 39
92 167 2
92 228 45
92 231 18
92 257 24
92 297 8
93 61 6
93 94 1
93 100 7
93 114 25
93 115 6
93 138 2
93 153 11
93 215 5
93 217 2
93 237 4
93 259 18
93 273 14
93 306 17
94 27 11
94 61 9
94 114 26
94 115 11
94 123 20
94 196 9
94 199 2
94 212 35
94 215 17
94 217 1
94 298 42
94 306 2
95 78 9
95 189 17
95 232 7
95 239 23
95 243 26
95 249 2
95 262 16
95 264 21
95 280 2
95 300 37
96 3 31
96 16 16
96 19 21
96 80 13
96 89 21
96 101 41
96 120 7
96 148 4
96 151 14
96 153 16
96 168 30
96 172 13
96 205 45
96 259 7
96 263 47
96 279 58
96 305 42
97 6 13
97 13 4
97 16 3
97 19 5
97 33 2
97 40 18
97 59 6
97 172 40
97 220 5
97 224 7
97 228 3
97 239 2
97 243 23
97 249 13
98 25 15
98 69 31
98 76 17
98 111 11
98 143 38
98 144 66
98 169 10
98 183 77
98 186 7
98 195 45
98 221 46
98 223 39
98 225 40
98 248 9
98 269 1
98 285 22
99 31 4
99 147 22
99 194 3
99 231 3
99 296 18
99 297 20
100 45 1
100 58 10
100 113 13
100 122 5
100 137 11
100 147 40
100 191 13
100 199 18
100 209 19
100 217 2
100 261 20
100 303 24
101 3 5
101 124 11
101 148 1
101 205 4
101 246 2
101 252 19
101 265 13
101 268 18
101 269 19
101 288 17
101 301 22
102 5 8
102 8 14
102 22 4
102 47 2
102 78 15
102 118 13
102 128 18
102 134 24
102 162 1
102 170 30
102 222 2
102 267 9
103 20 33
103 24 63
103 36 17
103 125 13
103 133 17
103 136 4
103 173 8
103 237 4
103 238 3
103 249 15
103 256 3
103 262 7
103 276 49
104 4 5
104 23 6
104 30 16
104 38 10
104 56 3
104 63 12
104 66 3
104 99 21
104 109 12
104 156 1
104 158 40
104 166 47
104 167 67
104 198 9
104 214 25
104 246 2
104 253 11
105 5 1
105 7 4
105 20 21
105 24 26
105 35 8
105 87 13
105 110 17
105 153 24
105 165 14
105 200 16
105 237 4
105 280 24
106 24 14
106 59 14
106 141 35
106 163 10
106 178 16
106 224 14
106 229 16
106 256 10
106 271 20
106 279 19
106 308 10
107 8 45
107 26 3
107 34 49
107 40 27
107 70 61
107 73 29
107 74 11
107 82 16
107 84 10
107 86 20
107 102 4
107 106 34
107 110 7
107 129 5
107 170 19
107 178 27
107 211 21
107 220 12
107 222 31
107 232 55
108 5 7
108 9 15
108 10 20
108 18 14
108 58 25
108 64 44
108 68 13
108 81 11
108 88 30
108 107 2
108 111 39
108 130 17
108 155 16
108 161 17
108 195 45
108 238 35
108 248 55
109 4 7
109 36 6
109 41 18
109 44 6
109 64 15
109 82 29
109 90 19
109 91 34
109 157 22
109 197 12
109 207 21
109 268 37
110 34 21
110 59 3
110 63 15
110 73 6
110 80 13
110 84 3
110 86 58
110 102 11
110 107 6
110 129 15
110 142 13
110 165 10
110 170 9
110 200 11
110 220 27
110 267 12
110 299 38
111 9 6
111 10 8
111 31 9
111 32 20
111 37 9
111 81 39
111 88 10
111 97 16
111 130 2
111 155 33
111 161 10
111 183 9
111 247 7
111 248 17
112 51 1
112 172 27
112 202 26
112 208 6
112 226 16
112 232 11
112 243 15
112 305 31
112 309 44
113 45 10
113 50 33
113 100 10
113 105 9
113 122 17
113 137 5
113 147 10
113 185 11
113 199 7
113 209 20
113 253 2
113 255 21
113 260 35
114 61 10
114 171 1
114 174 1
114 283 2
115 61 5
115 72 9
115 93 2
115 114 30
115 217 15
115 244 3
115 273 1
116 18 8
116 25 5
116 26 7
116 37 2
116 56 6
116 60 13
116 78 5
116 99 2
116 119 26
116 150 5
116 156 15
116 187 5
116 192 16
116 193 18
116 240 15
116 262 9
116 280 35
117 91 18
117 133 2
117 140 7
117 166 4
117 207 4
117 227 19
117 235 1
117 269 10
117 273 22
117 283 12
118 94 2
118 98 1
118 115 9
118 122 19
118 168 34
118 191 42
118 212 51
118 216 3
118 217 12
118 241 42
118 261 17
118 272 19
118 273 30
118 298 11
118 302 21
119 25 3
119 101 12
119 156 7
119 160 4
119 187 5
119 201 12
119 246 2
119 278 1
119 307 2
120 3 41
120 11 22
120 19 21
120 22 18
120 26 9
120 29 16
120 43 12
120 57 12
120 80 13
120 96 35
120 97 41
120 101 24
120 124 27
120 161 4
120 205 41
120 226 31
120 254 50
120 273 22
120 303 35
121 64 10
121 68 8
121 145 9
121 197 14
121 223 12
121 225 6
121 270 4
121 294 1
121 297 5
121 304 7
122 118 3
122 183 4
122 191 8
122 212 7
122 221 13
122 241 2
122 261 2
122 273 20
123 61 17
123 93 7
123 102 22
123 114 30
123 115 21
123 138 7
123 196 9
123 215 9
123 232 9
123 263 20
123 306 29
124 3 23
124 29 3
124 42 5
124 52 19
124 89 12
124 96 3
124 101 2
124 127 37
124 148 34
124 203 13
124 205 6
124 214 29
124 231 4
124 255 18
124 275 52
124 303 13
125 65 20
125 159 1
125 179 7
125 190 8
125 240 4
125 274 6
125 282 10
126 10 16
126 15 20
126 46 17
126 128 11
126 135 4
126 201 47
126 266 40
126 281 16
126 284 24
126 285 15
126 286 40
126 307 25
127 203 12
127 266 11
127 288 6
127 298 9
128 2 4
128 5 15
128 8 9
128 47 10
128 78 4
128 99 9
128 102 3
128 114 8
128 134 7
128 142 3
128 176 24
128 179 5
128 222 17
128 309 10
129 0 13
129 34 8
129 74 14
129 83 17
129 84 2
129 86 18
129 110 30
129 128 16
129 141 28
129 153 12
129 170 97
129 173 53
129 195 20
129 205 47
129 220 16
129 250 18
130 10 13
130 88 1
130 92 16
130 108 4
130 109 3
130 111 13
130 121 26
130 128 9
130 132 15
130 155 25
130 225 36
130 248 21
130 294 6
130 297 47
131 76 18
131 188 21
131 238 1
131 252 13
131 275 62
131 278 5
131 290 31
131 293 24
131 298 32
131 301 84
131 302 17
132 159 15
132 234 18
132 299 16
133 65 13
133 82 9
133 117 25
133 136 21
133 174 18
133 190 5
133 235 17
133 282 27
134 114 19
134 179 8
134 202 4
134 220 9
135 99 1
135 100 7
135 122 1
135 149 4
135 254 9
135 260 13
135 263 4
135 264 12
135 292 9
135 303 15
136 20 14
136 82 5
136 125 5
136 170 1
136 174 14
136 184 8
136 195 5
136 235 41
136 251 14
136 282 24
137 45 2
137 50 12
137 58 8
137 131 13
137 135 11
137 147 7
137 156 11
137 196 15
137 209 30
137 212 12
137 224 8
137 227 2
137 272 11
138 27 12
138 54 1
138 61 6
138 93 13
138 94 5
138 114 29
138 115 10
138 116 3
138 123 3
138 128 15
138 196 13
138 217 26
138 236 11
138 241 2
138 244 21
138 306 11
139 15 19
139 76 10
139 92 9
139 157 8
139 166 28
139 167 9
139 214 22
139 228 5
139 231 13
139 235 25
139 253 12
139 257 25
139 269 24
139 304 28
140 1 1
140 38 3
140 92 5
140 117 22
140 157 23
140 197 18
140 221 32
140 227 16
140 236 18
140 260 4
140 278 17
141 72 6
141 82 2
141 229 19
141 271 5
141 276 1
141 308 6
142 8 23
142 54 5
142 164 32
142 171 10
142 180 10
142 213 20
142 237 15
142 277 11
142 283 32
142 308 9
143 20 16
143 37 8
143 41 7
143 69 12
143 144 3
143 162 13
143 183 5
143 195 14
143 225 12
143 281 7
143 294 1
144 143 1
144 157 8
144 183 31
144 194 19
144 195 4
144 225 5
144 236 35
144 284 1
144 294 1
144 307 14
145 32 7
145 53 18
145 64 6
145 154 13
145 169 7
145 197 24
145 206 8
145 223 1
145 270 30
145 297 3
145 304 31
146 21 8
146 71 7
146 132 21
146 154 10
146 156 3
146 167 20
146 177 3
146 180 16
146 234 35
146 247 15
146 257 2
146 309 27
147 45 13
147 58 6
147 113 14
147 137 5
147 209 21
147 226 40
147 233 9
147 242 3
147 260 26
147 295 19
148 19 7
148 29 4
148 41 4
148 52 43
148 76 14
148 80 12
148 101 1
148 120 4
148 155 10
148 160 1
148 205 8
148 240 23
148 288 11
148 290 21
148 291 17
148 292 26
149 60 8
149 135 13
149 151 5
149 254 9
149 255 14
149 263 19
149 264 1
149 287 4
149 292 10
149 303 37
150 2 17
150 25 25
150 37 11
150 47 2
150 49 2
150 56 19
150 66 13
150 77 13
150 109 13
150 116 13
150 119 37
150 156 2
150 157 13
150 160 19
150 162 10
150 181 1
150 187 31
150 192 23
150 193 39
150 198 8
150 231 26
150 247 29
150 296 34
151 51 5
151 52 11
151 95 11
151 189 3
151 243 40
151 287 17
152 61 38
152 127 33
152 203 19
152 214 5
152 231 15
152 233 19
152 266 11
152 289 29
152 291 19
152 296 18
152 307 4
153 0 12
153 13 3
153 79 16
153 87 10
153 113 30
153 118 7
153 159 15
153 181 10
153 277 16
153 306 23
154 168 1
154 176 23
154 180 9
154 182 2
154 245 7
154 258 15
154 265 23
154 268 13
154 277 14
154 288 4
154 295 11
154 299 32
154 309 21
155 9 1
155 10 30
155 88 3
155 108 14
155 130 3
155 161 2
155 221 31
155 248 19
155 270 10
155 275 18
155 286 10
156 25 6
156 56 9
156 76 13
156 119 17
156 146 3
156 160 7
156 187 2
156 193 1
156 199 7
156 211 1
156 231 6
156 291 37
156 293 20
156 296 23
157 117 11
157 140 6
157 221 23
157 227 11
157 236 12
157 260 10
157 284 4
157 286 10
158 22 6
158 32 27
158 38 14
158 63 5
158 64 17
158 69 2
158 167 40
158 233 9
158 238 11
158 269 13
158 289 25
158 304 9
159 55 10
159 65 3
159 125 10
159 182 4
159 190 3
159 240 13
160 25 6
160 77 16
160 116 3
160 119 5
160 152 6
160 156 7
160 187 5
160 219 20
160 228 2
160 251 23
160 296 5
160 301 46
161 9 7
161 10 6
161 46 17
161 81 11
161 88 4
161 104 3
161 109 5
161 111 17
161 129 24
161 130 23
161 132 10
161 143 7
161 155 18
161 176 42
161 193 12
161 195 13
161 225 25
161 248 42
162 2 4
162 5 2
162 18 20
162 27 8
162 43 13
162 47 28
162 78 37
162 102 4
162 128 5
162 134 32
162 144 23
162 171 30
162 179 17
162 182 33
162 221 40
162 222 20
162 225 45
162 261 7
162 267 6
163 59 6
163 65 12
163 72 4
163 114 2
163 125 5
163 141 40
163 222 6
163 229 22
163 256 10
163 271 27
163 276 5
163 279 10
163 282 20
163 308 9
164 54 6
164 115 1
164 143 22
164 165 2
164 170 5
164 171 1
164 213 16
164 224 14
164 274 2
164 279 25
164 283 22
165 21 6
165 67 41
165 71 26
165 132 47
165 146 25
165 177 19
165 183 2
165 234 23
165 247 7
165 299 51
166 15 8
166 71 8
166 76 13
166 117 14
166 228 10
166 231 5
166 269 2
166 275 6
166 300 19
167 64 14
167 259 15
167 269 17
167 288 3
167 289 5
168 154 7
168 176 11
168 180 7
168 219 6
168 265 33
168 277 21
168 295 13
168 299 15
169 32 41
169 64 37
169 68 14
169 111 8
169 121 17
169 175 18
169 197 12
169 225 7
169 270 12
169 286 27
169 294 13
169 298 12
169 304 19
169 306 1
170 20 16
170 74 15
170 86 11
170 220 6
170 222 13
170 308 18
171 8 1
171 54 13
171 75 10
171 114 10
171 128 3
171 134 17
171 142 6
171 164 4
171 173 6
171 213 8
171 224 2
171 274 5
171 283 6
172 232 9
172 245 3
172 274 10
172 305 25
172 309 8
173 20 31
173 24 24
173 53 9
173 82 11
173 133 17
173 136 4
173 262 3
173 276 41
173 283 3
174 24 8
174 82 16
174 136 10
174 173 15
174 179 2
174 235 21
174 237 13
174 282 29
175 68 4
175 69 10
175 121 11
175 144 10
175 145 10
175 225 13
175 270 24
175 281 6
175 297 3
175 304 17
176 24 9
176 168 2
176 180 7
176 282 10
176 295 11
176 299 3
177 50 3
177 67 5
177 71 16
177 132 12
177 146 5
177 165 2
177 205 22
177 208 28
177 231 6
177 234 5
177 309 24
178 55 3
178 106 4
178 141 34
178 163 7
178 279 15
178 283 11
178 308 21
179 8 3
179 47 25
179 78 8
179 102 3
179 134 12
179 162 13
179 210 2
179 222 7
179 267 30
179 285 8
179 299 23
180 8 6
180 21 7
180 154 10
180 176 28
180 245 8
180 265 13
180 277 11
180 299 17
181 7 12
181 17 12
181 35 14
181 63 4
181 74 7
181 85 5
181 88 11
181 105 21
181 112 9
181 153 6
181 218 7
181 239 14
181 281 14
181 306 19
181 307 41
182 168 14
182 176 16
182 180 14
182 245 2
182 250 1
182 256 1
182 277 14
182 295 24
182 299 26
183 69 6
183 143 14
183 175 43
183 225 3
183 270 14
183 279 11
183 294 5
184 16 4
184 77 12
184 82 42
184 116 4
184 133 42
184 136 6
184 174 30
184 200 1
184 235 33
184 237 41
184 246 10
184 247 7
184 282 44
184 304 20
184 308 27
185 37 12
185 45 7
185 50 15
185 90 14
185 100 2
185 137 17
185 146 1
185 147 18
185 199 5
185 209 17
185 212 26
185 253 21
186 98 16
186 126 6
186 143 28
186 144 6
186 183 36
186 195 22
186 221 39
186 225 9
186 246 4
186 270 12
186 281 7
186 285 3
186 297 1
187 25 10
187 56 12
187 77 22
187 115 3
187 119 15
187 134 10
187 149 18
187 156 15
187 160 21
187 230 14
187 242 36
187 246 17
187 279 31
188 38 24
188 127 31
188 131 1
188 252 20
188 258 2
188 275 37
188 290 17
188 293 22
188 298 43
188 301 40
188 302 38
189 95 11
189 151 27
189 229 3
189 243 8
189 262 6
189 300 18
189 305 17
190 20 8
190 48 1
190 65 11
190 82 1
190 125 9
190 159 9
190 174 11
190 211 6
190 235 11
190 240 6
190 251 11
191 115 6
191 122 19
191 212 16
191 272 2
191 273 4
192 18 8
192 25 6
192 37 18
192 56 15
192 77 7
192 81 3
192 119 11
192 150 1
192 156 1
192 160 44
192 187 7
192 221 42
192 247 15
192 269 11
192 290 4
193 25 13
193 37 32
193 47 3
193 56 19
193 77 40
193 97 20
193 116 11
193 119 28
193 120 9
193 159 33
193 160 5
193 182 48
193 187 21
193 192 30
193 257 21
194 12 2
194 17 27
194 46 12
194 99 15
194 175 25
194 183 22
194 216 1
194 284 27
194 285 16
194 297 25
194 307 3
195 59 29
195 69 18
195 143 10
195 144 10
195 183 4
195 186 13
195 194 1
195 225 21
195 234 12
195 294 10
196 15 11
196 61 37
196 93 16
196 94 6
196 114 12
196 115 8
196 122 10
196 134 2
196 215 3
196 217 21
196 241 25
196 244 7
196 257 2
196 306 47
197 64 2
197 121 8
197 175 30
197 188 32
197 270 2
197 285 31
197 304 7
197 307 43
198 17 9
198 22 2
198 36 5
198 38 21
198 43 9
198 63 5
198 158 8
198 167 22
198 209 1
198 221 31
198 228 10
198 260 7
198 304 27
199 137 22
199 147 8
199 185 22
199 198 4
199 209 26
199 254 4
199 273 8
200 5 3
200 24 17
200 53 12
200 82 55
200 133 45
200 136 30
200 173 18
200 174 26
200 179 4
200 184 25
200 210 10
200 224 6
200 235 27
200 267 8
200 282 47
201 41 23
201 46 3
201 65 18
201 68 6
201 91 9
201 126 1
201 186 8
201 197 39
201 281 1
201 284 15
201 285 13
201 286 23
201 307 7
202 8 3
202 112 4
202 123 8
202 146 24
202 154 5
202 172 20
202 232 20
202 274 2
202 305 44
202 309 55
203 119 4
203 152 13
203 191 1
203 214 8
203 233 2
203 266 14
203 288 6
203 291 13
204 42 34
204 52 38
204 160 3
204 208 32
204 219 7
204 226 35
204 230 40
204 242 7
204 258 15
204 259 9
204 268 40
204 277 12
204 289 8
204 291 13
205 3 12
205 14 11
205 19 4
205 29 1
205 243 13
205 245 14
205 249 49
205 259 17
206 6 18
206 10 17
206 12 65
206 17 19
206 31 63
206 41 13
206 99 41
206 121 7
206 153 17
206 194 38
206 216 15
206 225 34
206 229 25
206 297 74
207 4 3
207 36 7
207 43 1
207 64 4
207 90 19
207 91 47
207 109 3
207 131 37
207 133 29
207 139 18
207 238 4
207 269 18
207 271 14
207 281 14
207 286 21
207 304 20
208 52 13
208 226 3
208 232 7
208 242 18
208 258 7
208 259 5
208 305 9
209 45 3
209 100 10
209 113 3
209 122 17
209 152 16
209 176 13
209 185 4
209 199 6
209 237 18
210 55 16
210 65 25
210 71 8
210 125 32
210 159 15
210 190 21
210 211 23
210 240 25
210 251 48
210 302 15
210 308 15
211 48 2
211 55 10
211 65 26
211 97 19
211 125 39
211 159 41
211 190 24
211 200 5
211 210 20
211 224 16
211 236 5
211 240 19
211 251 49
212 15 8
212 61 8
212 122 15
212 195 13
212 241 12
212 247 17
212 290 7
213 8 9
213 54 8
213 75 6
213 132 23
213 136 17
213 142 16
213 164 1
213 173 14
213 174 7
213 190 9
213 224 6
213 264 4
213 276 3
213 283 26
214 39 1
214 127 5
214 152 19
214 203 7
214 266 30
214 291 1
214 298 1
215 27 3
215 47 1
215 61 9
215 87 1
215 114 52
215 115 25
215 123 4
215 138 8
215 162 7
215 165 1
215 217 22
215 244 14
215 293 32
215 306 8
216 12 15
216 15 3
216 17 11
216 31 18
216 99 23
216 166 14
216 194 6
216 204 3
216 233 17
216 248 10
216 252 21
216 297 22
216 302 15
217 61 1
217 93 9
217 114 17
217 122 6
217 123 11
217 138 2
217 153 7
217 191 9
217 247 6
217 306 11
218 7 13
218 35 4
218 47 4
218 51 7
218 105 16
218 106 3
218 121 20
218 153 24
218 170 10
218 181 3
218 191 36
218 269 29
219 42 13
219 52 15
219 172 8
219 208 16
219 226 35
219 242 42
219 243 23
219 259 15
219 268 17
220 37 3
220 72 15
220 73 2
220 78 1
220 84 1
220 86 5
220 129 14
220 272 1
221 157 2
221 260 1
221 278 3
222 2 4
222 15 14
222 20 3
222 71 3
222 102 6
222 128 8
222 134 19
222 164 8
222 224 2
222 235 5
222 267 8
222 283 13
223 32 4
223 64 27
223 145 19
223 169 8
223 175 15
223 197 26
223 224 28
223 236 1
223 270 5
223 284 3
223 304 29
224 8 13
224 54 15
224 75 17
224 102 19
224 142 10
224 146 7
224 164 29
224 171 14
224 182 7
224 213 3
224 274 9
224 283 32
225 68 9
225 69 13
225 143 12
225 144 14
225 183 9
225 186 16
225 195 12
225 294 1
225 297 8
226 52 10
226 232 5
226 242 9
226 268 17
226 305 4
227 167 3
227 191 20
227 197 6
227 211 1
227 221 21
227 260 6
228 10 6
228 42 5
228 55 3
228 76 1
228 117 30
228 139 8
228 144 4
228 166 6
228 231 1
228 254 7
228 257 16
228 272 15
228 282 9
229 59 5
229 141 8
229 178 16
229 180 6
229 189 7
229 271 32
229 279 14
229 308 13
230 42 10
230 52 18
230 112 22
230 208 35
230 219 31
230 226 5
230 242 37
230 247 11
230 258 23
230 259 21
230 268 36
231 76 2
231 92 6
231 124 2
231 139 2
231 156 9
231 158 4
231 166 22
231 228 13
231 257 20
231 269 25
231 288 31
232 172 4
232 202 9
232 292 14
232 305 27
232 309 16
233 39 12
233 127 34
233 152 24
233 214 16
233 227 2
233 266 4
233 268 11
233 288 19
233 289 6
233 291 4
233 296 10
234 21 6
234 71 1
234 177 3
234 189 19
234 277 21
235 65 24
235 82 12
235 184 2
236 1 1
236 122 2
236 140 7
236 157 40
236 178 3
236 221 27
236 227 26
236 278 46
237 20 59
237 24 38
237 103 5
237 151 14
237 165 10
237 173 15
237 229 14
237 276 63
238 4 2
238 44 4
238 71 4
238 91 7
238 109 13
238 207 3
238 216 1
238 242 30
238 266 20
238 269 11
238 309 14
239 51 20
239 95 11
239 112 21
239 151 20
239 177 1
239 189 39
239 243 16
239 249 4
239 262 7
239 272 2
239 280 54
239 287 1
239 300 31
240 65 46
240 132 2
240 136 4
240 159 38
240 171 22
240 190 14
240 283 20
241 2 1
241 122 13
241 187 2
241 191 15
241 212 3
241 244 3
241 261 11
241 273 23
241 282 30
241 301 33
242 42 1
242 104 2
242 168 12
242 258 7
242 259 8
243 51 10
243 234 3
243 249 2
243 300 4
243 305 8
244 61 28
244 93 12
244 94 14
244 114 40
244 115 6
244 123 13
244 129 6
244 196 21
244 212 9
244 215 10
244 217 39
244 220 18
244 230 28
244 306 22
245 154 1
245 168 9
245 176 10
245 180 5
245 182 18
245 250 10
245 265 4
245 277 12
245 295 17
245 299 13
246 23 6
246 38 21
246 43 11
246 63 13
246 66 4
246 99 12
246 102 11
246 104 8
246 124 4
246 140 10
246 158 35
246 167 25
246 198 26
246 206 5
247 21 6
247 71 8
247 132 24
247 146 17
247 165 6
247 177 25
247 208 9
247 234 16
248 12 1
248 81 6
248 111 1
248 130 9
248 155 5
248 201 3
248 223 15
248 285 19
248 298 46
249 51 19
249 151 21
249 189 12
249 243 13
249 276 8
249 287 7
249 300 5
250 154 13
250 168 25
250 176 26
250 180 25
250 182 10
250 258 10
250 265 1
250 277 12
250 295 24
250 299 29
251 65 33
251 125 12
251 159 12
251 163 7
251 190 3
251 235 5
251 240 30
252 131 17
252 156 1
252 275 20
252 290 25
252 293 8
252 298 12
252 301 3
252 302 44
253 92 1
253 135 54
253 149 25
253 254 28
253 255 20
253 263 14
253 264 32
253 292 13
253 303 36
254 135 8
254 149 10
254 255 20
254 263 4
254 268 11
254 292 11
254 303 21
255 60 1
255 135 14
255 149 1
255 303 11
256 59 18
256 72 13
256 106 15
256 141 26
256 159 24
256 163 18
256 178 10
256 229 35
256 271 31
256 279 2
256 308 24
257 15 5
257 76 16
257 92 8
257 139 10
257 166 12
257 185 9
257 197 5
257 228 21
257 231 7
257 264 6
258 52 36
258 99 10
258 146 19
258 204 3
258 208 23
258 219 15
258 226 40
258 230 5
258 242 17
258 259 34
258 265 21
258 268 9
258 303 5
259 52 21
259 202 3
259 219 1
259 226 31
259 242 11
259 245 3
259 268 13
259 295 1
260 1 24
260 140 6
260 157 8
260 184 1
260 191 13
260 221 15
260 227 30
260 236 16
260 278 7
260 293 14
261 15 8
261 16 12
261 50 6
261 93 13
261 118 13
261 122 5
261 191 18
261 212 12
261 241 16
261 257 11
261 272 20
261 273 25
261 278 26
261 286 12
262 39 4
262 51 22
262 102 9
262 151 4
262 189 32
262 239 9
262 243 10
262 249 1
262 280 31
262 287 14
262 300 55
263 52 4
263 135 2
263 149 20
263 254 16
263 255 26
263 264 1
263 292 4
263 303 42
264 149 6
264 254 21
264 255 8
264 263 13
264 292 11
264 303 22
265 154 11
265 168 11
265 176 5
265 182 26
265 189 4
265 245 1
265 250 8
265 295 7
265 299 21
266 127 21
266 158 1
266 296 1
267 78 12
267 89 2
267 128 19
267 134 7
267 136 18
267 143 13
267 196 11
267 210 8
267 222 2
267 287 15
268 42 9
268 52 10
268 208 11
268 242 7
268 295 2
269 117 19
269 139 6
269 166 7
269 278 18
269 302 12
270 12 7
270 126 14
270 197 19
270 304 12
271 24 28
271 72 16
271 178 29
271 229 10
271 235 15
271 279 22
271 308 21
272 1 27
272 27 18
272 91 23
272 94 6
272 122 31
272 177 27
272 191 14
272 199 6
272 212 43
272 241 7
272 247 3
272 273 20
272 302 21
273 117 22
273 191 2
273 212 33
273 221 19
273 241 15
273 263 6
273 301 32
274 8 11
274 142 16
274 164 7
274 171 18
274 213 21
274 224 3
274 271 6
274 283 27
274 308 12
275 293 13
276 20 4
276 24 26
276 173 7
276 174 1
276 235 3
277 154 5
277 176 21
277 265 17
277 295 13
277 299 60
278 157 33
278 221 3
278 227 6
278 242 12
278 260 5
278 303 13
279 59 22
279 72 12
279 141 12
279 163 11
279 229 18
279 256 1
279 308 34
280 95 3
280 151 6
280 189 17
280 243 2
280 249 2
280 287 16
280 300 31
281 43 3
281 46 6
281 143 15
281 171 26
281 201 8
281 284 23
281 285 18
281 286 19
281 307 57
282 20 16
282 141 11
282 235 20
283 24 7
283 54 10
283 142 11
283 171 23
283 276 14
284 41 34
284 46 6
284 144 7
284 201 6
284 212 6
284 223 7
284 236 7
284 286 35
284 307 28
285 1 4
285 46 7
285 201 9
285 284 13
285 286 27
285 307 45
286 183 11
286 281 3
286 285 26
286 307 8
287 51 27
287 95 23
287 142 3
287 149 6
287 151 11
287 189 15
287 204 2
287 238 17
287 243 22
287 249 14
287 300 13
288 39 7
288 127 31
288 152 18
288 203 15
288 214 6
288 230 4
288 266 23
288 289 24
288 291 15
288 296 13
289 91 9
289 127 36
289 203 13
289 214 23
289 233 5
289 266 17
290 188 10
290 275 19
290 298 22
290 301 21
290 302 11
291 39 1
291 127 16
291 152 4
291 203 16
291 214 20
291 233 9
291 266 4
291 288 11
291 289 7
291 296 6
292 149 12
292 253 6
292 255 26
292 263 16
292 264 6
292 286 14
292 303 39
293 188 28
293 226 8
293 252 10
293 275 6
293 290 24
293 298 21
293 301 29
293 302 9
294 64 2
294 68 27
294 121 10
294 145 2
294 175 24
294 194 2
294 197 11
294 223 12
294 270 26
295 154 5
295 168 2
295 180 18
295 182 30
295 245 3
295 250 11
295 265 2
295 277 2
295 299 34
296 39 7
296 127 40
296 203 29
296 214 5
296 233 5
296 266 3
296 288 1
296 289 12
296 291 8
297 68 5
297 99 6
297 194 3
298 275 33
298 293 12
298 301 19
298 302 3
299 176 12
299 180 3
300 151 4
300 189 1
300 249 3
300 262 5
301 252 23
301 275 26
301 298 6
302 275 25
302 290 6
302 298 30
302 301 18
303 135 2
303 255 4
304 64 38
304 68 8
304 145 4
304 294 14
305 172 7
305 232 8
305 309 33
306 61 3
306 114 3
306 115 13
306 217 10
307 201 1
307 284 3
307 285 4
308 59 4
308 141 24
308 163 3
308 229 12
308 271 5
