0 1 8
0 3 23
0 7 16
0 43 1
0 44 8
0 77 69
0 86 34
0 107 22
0 136 30
0 153 26
0 156 16
0 173 16
0 178 12
0 186 6
0 208 19
0 244 1
0 247 40
0 284 26
1 11 12
1 24 5
1 29 3
1 41 33
1 101 25
1 106 2
1 115 9
1 148 1
1 151 9
1 152 14
1 216 15
1 243 30
2 3 10
2 8 2
2 14 7
2 21 45
2 23 4
2 31 34
2 40 21
2 64 7
2 82 31
2 83 22
2 121 30
2 129 30
2 130 17
2 136 22
2 166 5
2 203 38
2 244 10
2 271 21
3 4 2
3 55 16
3 86 6
3 88 13
3 92 9
3 93 24
3 94 6
3 163 30
3 165 29
3 188 12
3 218 20
3 228 33
3 312 69
3 313 58
3 317 18
4 20 13
4 45 39
4 46 17
4 70 48
4 131 17
4 134 22
4 142 28
4 166 8
4 223 32
4 241 15
4 283 14
5 12 7
5 30 13
5 60 19
5 61 3
5 67 8
5 102 18
5 125 11
5 131 7
5 158 26
5 198 14
5 204 12
5 231 33
5 291 16
6 5 12
6 9 8
6 22 27
6 36 16
6 53 20
6 74 25
6 75 34
6 82 43
6 92 30
6 110 26
6 123 31
6 124 7
6 182 5
6 310 14
7 9 12
7 24 4
7 34 11
7 35 8
7 61 11
7 77 22
7 107 5
7 133 14
7 136 38
7 156 8
7 170 24
7 173 15
7 178 40
7 189 16
7 221 31
7 272 3
7 281 19
7 287 30
8 1 32
8 2 40
8 6 27
8 7 26
8 11 13
8 14 25
8 21 58
8 31 65
8 35 1
8 40 47
8 64 42
8 106 22
8 109 42
8 130 2
8 152 43
8 168 43
8 203 69
8 263 35
8 265 37
8 275 33
9 10 8
9 20 4
9 35 2
9 39 36
9 43 3
9 49 22
9 89 8
9 112 1
9 114 12
9 152 13
9 169 15
9 175 24
9 177 8
9 214 27
9 222 3
9 224 42
9 253 38
9 292 28
10 17 2
10 27 11
10 37 7
10 68 26
10 69 23
10 113 13
10 117 22
10 129 13
10 162 3
10 167 8
10 185 4
10 274 6
10 284 8
10 299 4
10 317 29
11 1 16
11 6 7
11 24 25
11 29 3
11 36 7
11 50 19
11 54 3
11 101 12
11 115 4
11 164 11
11 199 16
11 201 22
11 238 12
11 257 16
11 268 27
11 310 29
12 5 4
12 34 6
12 61 11
12 185 2
12 198 1
12 237 25
12 305 12
13 57 20
13 70 4
13 107 5
13 135 4
13 198 2
13 217 33
13 220 16
13 261 6
13 279 18
13 295 33
13 296 5
13 313 22
14 0 31
14 6 8
14 12 40
14 21 40
14 31 16
14 40 18
14 48 8
14 64 23
14 72 39
14 116 11
14 133 32
14 152 11
14 181 18
14 203 29
14 227 40
14 248 47
15 213 2
15 220 3
15 267 11
15 291 4
15 296 3
15 300 34
15 304 15
15 307 17
15 312 9
15 313 23
16 17 10
16 85 11
16 97 40
16 120 32
16 128 29
16 135 22
16 144 31
16 148 4
16 155 68
16 160 2
16 181 15
16 182 6
16 307 35
16 308 60
16 313 29
16 317 20
17 16 8
17 52 4
17 63 3
17 85 4
17 91 11
17 128 27
17 160 3
17 162 7
17 172 3
17 258 14
17 278 35
17 280 18
17 296 40
17 307 44
18 33 4
18 119 4
18 127 11
18 145 9
18 150 14
18 205 55
18 215 6
18 219 13
18 237 1
18 238 37
18 253 7
18 290 25
19 199 22
19 201 6
19 205 16
19 211 10
19 215 36
19 248 21
19 250 4
19 254 9
19 280 16
19 306 38
20 37 40
20 40 17
20 51 3
20 52 23
20 73 10
20 74 14
20 75 11
20 83 32
20 109 16
20 129 26
20 160 21
20 163 13
20 182 7
20 186 35
20 314 42
21 2 10
21 40 3
21 166 10
21 175 13
21 202 13
21 203 2
21 205 19
21 246 4
21 255 13
21 282 35
21 293 8
21 314 10
22 42 14
22 66 7
22 119 15
22 146 10
22 166 7
22 167 17
22 172 2
22 180 10
22 193 23
22 226 2
22 234 6
22 243 17
23 48 4
23 55 5
23 110 3
23 121 18
23 197 18
23 204 27
23 243 21
23 245 18
23 246 3
23 255 13
23 258 21
23 270 7
23 282 10
23 293 7
23 296 11
23 314 21
24 34 12
24 37 12
24 47 20
24 82 15
24 83 7
24 89 16
24 91 15
24 92 11
24 101 28
24 106 11
24 138 2
24 140 10
24 215 14
24 243 9
24 257 34
24 290 27
25 38 8
25 48 8
25 67 18
25 69 14
25 70 12
25 105 2
25 121 17
25 248 7
25 270 12
25 280 11
26 16 10
26 17 2
26 32 14
26 56 20
26 58 18
26 63 10
26 84 20
26 85 1
26 105 43
26 115 14
26 120 29
26 148 8
26 160 12
26 181 11
26 186 7
26 195 42
26 202 58
26 203 15
26 278 75
26 290 48
27 68 7
27 70 2
27 80 4
27 185 29
27 284 7
28 3 21
28 40 19
28 55 12
28 88 26
28 93 24
28 94 13
28 116 25
28 158 8
28 161 20
28 162 16
28 163 52
28 176 11
28 181 19
28 188 23
28 192 16
28 218 19
28 228 36
28 242 27
28 297 38
29 23 11
29 34 16
29 37 7
29 39 16
29 47 14
29 50 20
29 60 17
29 89 7
29 101 28
29 115 19
29 118 11
29 132 18
29 164 41
29 195 10
29 255 18
29 259 33
29 285 42
29 289 12
29 307 37
29 308 24
30 15 9
30 72 38
30 76 19
30 96 3
30 108 9
30 131 15
30 161 11
30 181 12
30 188 1
30 196 13
30 202 67
30 251 28
30 266 35
30 289 27
30 296 41
31 21 24
31 40 15
31 64 16
31 109 31
31 130 10
31 132 36
31 148 2
31 203 9
31 206 31
31 244 5
31 246 43
31 260 22
31 314 23
32 66 27
32 94 9
32 114 27
32 174 8
32 187 9
32 191 32
32 211 26
32 216 22
32 223 12
32 273 53
32 275 29
32 297 120
32 298 50
32 312 43
33 1 6
33 18 21
33 27 28
33 115 6
33 119 31
33 124 27
33 150 17
33 151 14
33 202 20
33 205 25
33 231 15
33 238 47
33 243 12
33 253 31
33 290 24
33 309 24
34 20 1
34 58 18
34 95 20
34 129 2
34 161 2
34 217 5
34 248 25
34 287 14
35 9 6
35 39 24
35 43 15
35 60 5
35 77 20
35 111 26
35 112 11
35 130 10
35 138 8
35 146 13
35 150 29
35 152 33
35 175 39
35 177 32
35 193 41
35 214 38
35 224 1
35 300 19
36 19 6
36 54 1
36 74 37
36 92 16
36 99 7
36 110 13
36 175 18
36 231 18
36 310 2
37 34 12
37 73 9
37 129 10
37 182 9
37 186 19
37 188 15
37 234 16
37 274 3
38 41 3
38 81 25
38 139 17
38 151 10
38 157 17
38 168 17
38 184 17
38 219 29
38 229 4
38 292 7
38 294 14
39 55 8
39 80 16
39 144 34
39 152 18
39 175 7
39 181 3
39 195 23
39 203 5
39 214 3
39 224 5
39 270 20
39 294 19
40 21 34
40 31 12
40 64 10
40 177 8
40 203 25
40 221 21
40 270 1
40 286 9
40 290 44
40 310 13
40 314 38
40 316 28
41 38 8
41 81 3
41 151 13
41 157 9
41 184 3
41 219 11
41 229 25
41 254 8
41 257 4
41 268 18
41 271 4
42 90 6
42 104 1
42 152 7
42 167 10
42 226 23
42 239 31
42 261 5
42 315 9
43 1 13
43 35 2
43 39 10
43 82 3
43 111 1
43 112 9
43 152 17
43 175 29
43 177 6
43 180 20
43 185 37
43 200 38
43 203 25
43 214 1
43 224 5
43 279 31
43 280 42
43 295 46
44 0 5
44 7 37
44 36 17
44 46 18
44 58 14
44 87 8
44 90 33
44 107 19
44 136 22
44 153 11
44 156 12
44 170 36
44 173 4
44 178 8
44 200 54
44 287 48
44 291 19
44 317 28
45 37 23
45 46 27
45 82 15
45 116 22
45 137 15
45 138 12
45 146 23
45 185 9
45 212 15
45 223 12
45 269 18
45 275 6
46 100 15
46 116 16
46 121 23
46 137 5
46 149 12
46 187 8
46 223 21
46 311 33
47 29 4
47 50 19
47 83 20
47 89 12
47 101 19
47 115 10
47 153 1
47 154 16
47 164 17
47 250 11
47 263 45
47 268 18
47 280 22
48 25 11
48 38 7
48 67 8
48 82 4
48 85 11
48 99 7
48 105 42
48 121 26
48 125 20
48 127 29
48 133 14
48 179 22
48 210 10
48 227 35
48 286 24
48 292 16
49 86 3
49 95 10
49 149 12
49 169 13
49 209 5
49 230 4
49 240 2
49 249 24
49 274 15
49 297 25
50 1 12
50 19 11
50 21 1
50 24 2
50 29 18
50 36 9
50 65 15
50 89 12
50 91 7
50 118 12
50 157 28
50 205 18
50 219 19
50 242 10
50 310 2
51 7 18
51 20 7
51 34 44
51 37 6
51 52 10
51 58 15
51 75 12
51 109 26
51 146 16
51 161 29
51 186 18
51 203 15
51 232 22
51 289 30
51 291 13
52 10 11
52 16 9
52 34 25
52 37 9
52 51 6
52 58 15
52 69 5
52 80 7
52 95 11
52 129 13
52 154 14
52 161 12
52 162 15
52 182 27
52 186 14
52 291 26
52 313 23
52 315 33
53 20 1
53 22 3
53 27 26
53 28 13
53 36 9
53 41 4
53 74 10
53 75 5
53 82 8
53 92 36
53 110 12
53 113 15
53 123 15
53 192 17
53 201 29
53 229 14
54 6 31
54 36 8
54 53 2
54 74 10
54 75 5
54 82 15
54 92 40
54 102 6
54 103 3
54 107 14
54 110 35
54 115 2
54 116 13
54 123 23
54 124 5
54 219 10
54 231 14
54 282 50
54 286 5
54 310 6
55 28 14
55 88 27
55 155 33
55 163 8
55 178 14
55 179 19
55 188 39
55 218 17
55 228 7
55 229 20
55 252 46
55 265 31
55 281 11
55 301 31
55 304 59
55 307 25
56 13 33
56 63 30
56 75 11
56 85 5
56 111 12
56 118 13
56 120 17
56 128 7
56 160 8
56 164 1
56 182 10
56 188 11
56 197 22
56 218 9
56 221 26
56 224 10
56 256 26
56 284 16
57 13 14
57 135 9
57 160 6
57 197 10
57 217 12
57 220 26
57 232 8
57 274 28
57 277 16
57 279 15
57 295 30
58 52 11
58 79 10
58 144 11
58 179 4
58 267 7
58 285 12
59 62 5
59 70 10
59 149 6
59 176 14
59 223 1
59 247 5
59 259 24
59 272 4
59 273 5
59 297 20
59 298 4
59 302 34
59 311 11
59 316 21
60 5 8
60 12 19
60 108 1
60 114 5
60 142 12
60 211 11
60 213 21
60 236 6
60 239 35
60 273 15
60 286 15
61 5 16
61 12 5
61 37 17
61 60 17
61 114 13
61 137 24
61 142 7
61 149 13
61 158 32
61 182 3
61 198 22
61 236 12
61 260 6
62 12 9
62 51 3
62 59 15
62 61 1
62 94 9
62 149 16
62 176 37
62 247 37
62 254 45
62 260 4
62 288 12
62 298 36
62 302 56
62 311 67
62 316 40
63 16 17
63 26 2
63 54 2
63 70 14
63 102 4
63 116 5
63 120 6
63 127 14
63 128 4
63 203 12
63 204 14
63 246 22
63 256 11
63 282 22
64 2 20
64 8 2
64 14 11
64 21 47
64 40 7
64 56 18
64 98 16
64 101 16
64 130 21
64 141 50
64 173 13
64 203 21
64 214 19
64 233 46
64 245 19
64 255 39
64 264 19
64 294 46
65 19 25
65 105 1
65 140 31
65 199 21
65 201 17
65 215 5
65 233 27
65 248 37
65 262 17
65 280 19
65 306 39
66 32 11
66 71 1
66 146 9
66 193 4
66 216 9
66 234 4
66 240 3
66 266 5
66 277 1
66 298 12
67 25 3
67 48 3
67 72 3
67 99 20
67 101 2
67 105 9
67 127 13
67 179 2
67 207 25
67 286 10
67 293 3
68 27 6
68 69 12
68 113 4
68 154 14
68 162 19
68 175 10
68 226 6
68 284 34
68 291 16
68 304 17
68 317 30
69 10 1
69 27 16
69 80 26
69 154 25
69 162 2
69 284 32
69 294 18
69 303 25
69 313 11
69 317 12
70 144 3
70 204 7
70 258 5
70 266 11
70 282 24
70 303 13
70 309 4
71 22 16
71 55 13
71 66 26
71 94 24
71 146 9
71 162 11
71 167 19
71 169 23
71 172 30
71 193 9
71 220 29
71 224 14
71 232 17
71 234 44
72 76 10
72 202 5
72 221 15
72 255 3
72 289 3
73 20 10
73 21 8
73 34 35
73 37 20
73 42 39
73 51 11
73 52 12
73 58 48
73 60 18
73 95 7
73 99 10
73 104 9
73 123 7
73 161 10
73 182 11
73 186 34
73 235 4
73 247 12
74 1 1
74 51 9
74 53 9
74 67 12
74 75 5
74 78 13
74 92 5
74 110 7
74 125 9
74 147 3
74 151 5
74 310 3
75 1 10
75 18 16
75 36 22
75 53 8
75 74 16
75 92 30
75 103 9
75 110 51
75 136 20
75 151 5
75 259 39
75 286 2
76 72 19
76 96 18
76 131 16
76 202 16
76 207 13
76 251 8
76 255 19
76 258 2
76 262 3
76 266 23
76 289 13
76 296 16
77 107 5
77 111 8
77 126 15
77 136 5
77 153 4
77 173 21
77 178 19
77 187 14
77 281 16
77 303 1
78 133 9
78 141 2
78 145 15
78 168 27
78 180 8
78 199 10
78 254 13
78 265 7
78 305 10
79 117 2
79 155 8
79 159 28
79 210 2
79 281 6
79 285 2
79 300 9
80 10 6
80 27 10
80 68 17
80 135 7
80 144 6
80 185 2
80 284 35
80 285 29
80 300 19
80 313 19
80 317 25
81 124 4
81 132 9
81 184 1
81 219 8
81 248 17
81 257 2
82 18 16
82 36 4
82 53 21
82 54 5
82 74 26
82 75 24
82 92 47
82 103 21
82 110 11
82 123 5
82 147 2
83 11 30
83 24 3
83 50 6
83 91 14
83 101 25
83 118 11
83 164 7
83 182 9
83 199 24
83 202 17
83 220 16
83 232 10
83 253 6
83 262 19
83 289 11
84 16 16
84 17 6
84 26 5
84 44 5
84 49 4
84 56 29
84 63 13
84 77 14
84 85 3
84 97 14
84 120 34
84 128 17
84 148 10
84 159 12
84 160 6
84 182 8
84 251 27
84 299 6
84 304 51
85 15 42
85 16 14
85 17 11
85 58 17
85 63 17
85 80 5
85 84 10
85 87 18
85 120 14
85 128 7
85 138 1
85 159 20
85 160 4
85 162 10
85 210 9
85 212 40
86 49 10
86 122 7
86 154 7
86 165 24
86 196 16
86 209 5
86 226 12
86 240 2
86 249 20
86 299 16
86 317 17
87 88 9
87 171 16
87 174 3
87 187 13
87 213 5
87 216 5
87 227 5
87 250 18
87 260 21
87 269 16
87 288 5
87 298 37
87 315 36
88 60 9
88 69 11
88 87 17
88 93 13
88 163 11
88 188 13
88 216 8
88 297 2
89 1 10
89 29 7
89 47 24
89 57 14
89 63 3
89 73 18
89 101 24
89 106 1
89 115 29
89 118 14
89 119 10
89 164 20
89 184 28
89 233 48
89 234 39
89 306 46
90 42 14
90 104 3
90 153 4
90 222 9
90 239 15
90 315 2
91 1 23
91 11 29
91 18 25
91 24 13
91 27 19
91 29 24
91 47 16
91 75 13
91 82 15
91 83 10
91 92 23
91 101 55
91 115 3
91 140 51
91 145 6
91 160 5
91 226 7
92 74 5
92 110 11
92 180 5
92 229 4
92 253 13
92 257 25
93 3 3
93 34 20
93 55 11
93 79 7
93 88 27
93 110 13
93 117 25
93 133 18
93 188 6
93 269 12
93 303 4
94 32 13
94 88 8
94 109 19
94 114 6
94 191 2
94 216 18
94 228 15
94 260 3
94 273 33
94 274 5
94 275 16
94 297 39
95 20 28
95 25 36
95 34 13
95 37 31
95 51 11
95 53 13
95 58 10
95 86 10
95 136 12
95 146 3
95 161 25
95 223 8
95 272 22
95 298 39
96 30 5
96 72 12
96 76 10
96 86 4
96 131 4
96 202 24
96 225 29
96 251 2
96 266 15
96 289 27
96 296 14
96 314 26
97 79 22
97 159 21
97 266 6
97 285 6
97 301 14
98 19 20
98 65 18
98 81 36
98 133 12
98 201 15
98 211 10
98 215 14
98 238 15
98 248 9
98 268 25
98 280 17
98 306 28
99 25 16
99 67 13
99 71 5
99 105 16
99 125 12
99 127 3
99 139 15
99 179 21
99 190 15
99 207 18
99 227 10
99 286 17
99 289 5
99 291 26
100 4 31
100 45 4
100 46 26
100 61 5
100 108 9
100 114 3
100 137 38
100 142 3
100 149 22
100 191 11
100 196 15
100 223 55
100 272 19
100 273 23
100 302 2
101 1 6
101 83 11
101 225 13
101 245 24
101 248 3
101 257 4
102 10 10
102 27 46
102 37 3
102 68 23
102 69 58
102 80 8
102 113 11
102 135 24
102 154 5
102 162 24
102 185 19
102 194 15
102 240 2
102 284 49
102 317 44
103 6 7
103 36 39
103 53 17
103 54 13
103 73 2
103 74 11
103 75 2
103 92 31
103 97 18
103 110 33
103 123 10
103 129 16
103 190 14
103 192 2
103 216 26
103 241 11
103 266 10
103 295 18
104 42 4
104 90 13
104 134 6
104 202 19
104 226 18
104 239 17
104 249 8
104 261 9
104 268 1
104 280 13
104 292 12
104 315 13
105 67 4
105 76 4
105 81 6
105 99 14
105 127 15
105 141 2
105 227 12
106 1 5
106 11 39
106 24 17
106 38 9
106 47 22
106 50 27
106 63 23
106 82 9
106 83 10
106 91 9
106 101 46
106 104 28
106 115 26
106 118 2
106 140 29
106 145 29
106 164 31
106 215 33
106 219 25
106 246 14
107 51 28
107 77 7
107 136 30
107 153 3
107 156 10
107 178 17
107 198 23
107 200 28
107 226 16
107 273 15
107 274 27
107 297 44
107 301 44
108 87 27
108 127 14
108 171 40
108 174 33
108 187 17
108 213 6
108 236 3
108 244 4
108 259 17
108 260 17
108 269 26
108 288 38
109 23 6
109 67 5
109 204 7
109 245 11
109 246 3
109 282 22
109 293 13
109 313 12
110 36 5
110 47 1
110 53 12
110 92 14
110 99 9
110 213 3
110 263 26
110 264 5
110 289 11
111 3 1
111 9 7
111 31 18
111 35 16
111 39 22
111 43 9
111 95 12
111 144 20
111 172 1
111 175 17
111 177 21
111 189 12
111 193 4
111 197 19
111 214 10
111 230 2
111 249 32
112 2 13
112 9 9
112 26 16
112 39 11
112 42 36
112 43 15
112 50 15
112 111 24
112 139 16
112 146 44
112 148 1
112 152 48
112 167 27
112 175 47
112 177 44
112 187 22
112 214 17
112 224 4
112 234 32
112 305 33
113 27 17
113 69 21
113 80 5
113 154 7
113 162 7
113 185 14
113 284 21
113 297 18
113 304 60
113 317 26
114 20 11
114 94 32
114 149 19
114 175 2
114 176 42
114 191 17
114 216 25
114 228 2
114 273 37
114 275 62
114 297 41
114 302 11
114 311 21
115 47 20
115 50 24
115 78 7
115 127 9
115 141 30
115 157 13
115 201 3
115 243 7
115 265 16
116 12 12
116 57 20
116 126 4
116 132 24
116 195 32
116 200 4
116 242 8
116 263 13
116 276 22
116 278 22
116 282 3
117 79 12
117 97 11
117 159 7
117 234 4
117 285 11
117 287 2
118 24 16
118 29 7
118 40 1
118 41 26
118 43 11
118 47 16
118 50 1
118 66 12
118 89 9
118 91 1
118 101 20
118 115 15
118 164 6
118 173 22
118 186 8
118 194 30
118 199 14
118 250 20
118 254 30
118 283 8
119 18 14
119 150 3
119 205 25
119 238 5
119 253 9
119 254 27
119 262 7
119 290 14
119 294 1
120 17 1
120 37 29
120 43 18
120 63 19
120 84 19
120 85 13
120 128 19
120 148 10
120 159 29
120 160 5
120 181 8
120 194 14
120 223 9
120 246 4
120 249 8
120 251 28
120 252 26
120 304 57
120 307 46
120 317 39
121 109 18
121 204 2
121 245 9
121 258 4
121 280 15
121 282 16
122 3 10
122 22 7
122 30 7
122 49 29
122 86 46
122 91 12
122 153 11
122 165 14
122 196 14
122 198 23
122 208 9
122 209 15
122 212 7
122 230 33
122 236 12
122 240 30
122 249 43
122 315 46
123 24 14
123 36 19
123 37 23
123 74 20
123 75 3
123 82 13
123 92 35
123 95 3
123 103 3
123 110 28
123 129 1
123 130 6
123 190 1
123 229 20
123 279 18
123 312 23
124 18 29
124 33 5
124 119 26
124 157 15
124 205 54
124 231 12
124 238 32
124 253 61
124 276 25
124 290 31
124 310 10
124 314 19
125 25 45
125 48 10
125 67 31
125 99 2
125 105 38
125 124 7
125 127 50
125 179 20
125 190 14
125 200 21
125 231 8
125 255 16
125 286 5
126 66 3
126 67 8
126 116 24
126 132 28
126 165 17
126 195 2
126 200 4
126 239 15
126 242 27
126 259 31
126 263 11
126 276 40
126 277 2
126 278 13
126 308 43
127 25 25
127 48 3
127 67 11
127 105 11
127 132 27
127 179 2
127 227 11
127 233 3
127 237 2
127 245 18
127 286 8
128 34 2
128 46 10
128 85 9
128 97 43
128 144 41
128 154 27
128 181 1
128 210 19
128 236 4
128 242 28
128 285 43
128 300 32
129 51 4
129 58 30
129 68 2
129 73 3
129 82 4
129 95 15
129 108 3
129 144 19
129 182 6
129 186 38
129 282 12
130 8 11
130 14 44
130 21 27
130 31 13
130 37 22
130 40 43
130 44 8
130 64 35
130 75 8
130 98 26
130 152 31
130 203 21
130 239 62
130 242 44
130 243 48
130 308 52
130 310 6
131 17 4
131 72 22
131 96 9
131 202 1
131 266 12
131 282 3
131 289 9
131 296 10
132 195 17
132 238 3
132 263 11
132 308 12
133 12 2
133 67 16
133 70 12
133 78 22
133 141 59
133 168 37
133 185 14
133 206 33
133 253 21
133 262 25
133 283 11
134 42 27
134 61 7
134 90 33
134 104 27
134 171 14
134 174 2
134 222 7
134 226 11
134 239 24
134 260 18
134 261 19
134 288 9
134 315 38
135 13 23
135 57 4
135 217 2
135 220 17
135 279 20
135 284 4
135 295 28
136 79 23
136 144 10
136 151 8
136 170 4
136 178 12
136 303 3
136 317 3
137 4 22
137 45 1
137 46 4
137 171 12
137 174 13
137 223 18
137 269 28
137 298 17
137 303 8
137 308 26
138 4 41
138 7 28
138 32 14
138 35 3
138 45 39
138 46 38
138 71 12
138 100 57
138 123 17
138 128 13
138 137 68
138 183 1
138 223 45
138 244 25
138 272 5
138 297 60
139 110 15
139 190 16
139 194 8
139 235 13
139 240 5
139 264 10
139 271 33
139 277 26
139 292 22
139 309 11
140 150 18
140 168 7
140 180 10
140 199 3
140 206 8
140 207 8
140 225 20
140 253 8
140 262 5
140 294 27
140 305 35
140 310 8
141 98 2
141 105 10
141 157 14
141 168 14
141 248 15
141 254 9
141 268 6
141 283 18
141 305 16
142 5 25
142 10 22
142 12 33
142 27 28
142 60 28
142 61 8
142 62 2
142 93 10
142 134 6
142 158 32
142 198 17
142 225 37
142 236 27
142 247 16
142 288 9
142 298 28
142 302 14
143 139 7
143 146 14
143 169 5
143 192 12
143 194 3
143 214 1
143 230 5
143 235 12
143 249 8
143 264 6
143 271 9
143 277 16
143 292 16
143 309 9
144 70 5
144 80 11
144 220 12
144 287 7
145 74 2
145 78 16
145 82 13
145 119 14
145 133 19
145 140 7
145 141 33
145 151 12
145 168 6
145 180 5
145 206 5
145 253 8
145 262 40
145 283 22
145 290 10
145 294 22
146 49 9
146 66 4
146 167 12
146 230 9
146 234 30
146 239 12
146 281 16
146 286 13
146 309 20
147 33 1
147 38 19
147 41 6
147 81 36
147 132 9
147 141 44
147 151 10
147 184 19
147 200 17
147 219 30
147 250 8
147 257 12
147 277 13
148 2 17
148 9 14
148 16 9
148 17 12
148 26 1
148 37 2
148 56 18
148 63 16
148 84 22
148 85 19
148 89 11
148 128 23
148 160 52
148 181 19
148 207 53
148 295 15
148 296 43
149 12 7
149 58 5
149 62 15
149 136 7
149 176 11
149 216 2
149 247 18
149 273 3
149 298 7
149 302 1
149 311 25
149 316 14
150 91 9
150 119 7
150 124 18
150 205 13
150 231 14
150 242 9
150 251 13
150 253 6
150 276 9
150 290 17
150 306 10
150 312 15
151 81 35
151 147 19
151 157 6
151 184 24
151 205 31
151 219 17
151 229 15
151 233 18
151 248 14
151 257 29
152 9 6
152 65 15
152 111 11
152 139 18
152 175 7
152 238 2
152 277 17
152 292 14
153 7 13
153 77 28
153 83 8
153 136 28
153 147 1
153 166 21
153 173 6
153 218 2
153 232 14
153 241 1
154 10 22
154 27 7
154 58 15
154 80 12
154 185 24
154 242 27
154 267 23
154 284 13
154 285 2
154 317 44
155 79 19
155 90 19
155 97 29
155 117 7
155 144 2
155 159 10
155 210 1
155 267 4
155 281 13
155 285 7
155 287 17
155 299 2
155 301 18
156 16 1
156 44 28
156 68 10
156 77 5
156 79 41
156 136 18
156 155 14
156 170 14
156 173 3
156 178 39
156 226 23
156 281 25
156 317 38
157 38 18
157 41 7
157 78 8
157 81 19
157 147 17
157 151 11
157 184 9
157 201 5
157 211 2
157 219 44
157 257 4
157 306 22
158 4 2
158 12 38
158 60 17
158 113 15
158 132 14
158 156 21
158 171 22
158 198 5
158 202 33
158 242 10
158 273 3
159 79 11
159 97 9
159 267 3
159 278 11
159 281 9
159 285 9
159 299 3
160 21 12
160 26 1
160 63 13
160 85 7
160 116 14
160 128 12
160 131 14
160 181 10
160 221 25
160 236 11
160 245 14
160 246 26
160 293 3
161 15 35
161 20 20
161 34 12
161 36 11
161 37 30
161 52 12
161 58 32
161 108 4
161 129 6
161 144 35
161 178 18
161 179 9
161 186 7
161 197 6
161 291 8
162 10 12
162 27 6
162 80 7
162 113 1
162 154 11
162 185 32
162 210 7
162 266 10
162 284 28
162 303 23
162 317 22
163 28 19
163 34 8
163 55 3
163 93 23
163 113 22
163 178 1
163 188 16
163 191 8
163 218 18
163 223 12
163 228 24
163 278 42
163 291 8
163 304 50
163 313 20
164 47 1
164 50 17
164 101 3
164 105 16
164 110 8
164 115 5
164 118 11
164 127 13
164 207 12
164 235 6
164 270 14
164 276 21
164 280 21
165 77 10
165 86 11
165 135 24
165 156 2
165 196 14
165 230 15
165 249 18
165 261 7
165 301 14
166 67 11
166 72 31
166 207 31
166 221 26
166 225 12
166 227 22
166 237 13
166 255 23
166 258 15
166 314 25
167 15 10
167 22 9
167 66 20
167 71 1
167 135 10
167 146 3
167 190 9
167 193 16
167 207 41
167 234 19
167 268 28
167 303 5
167 309 7
167 312 25
168 141 5
168 145 3
168 199 11
168 243 16
168 254 4
168 290 2
169 139 3
169 143 29
169 178 20
169 192 1
169 194 19
169 235 3
169 241 5
169 261 8
169 271 3
169 277 9
169 292 13
169 309 71
170 0 8
170 68 3
170 77 8
170 93 16
170 107 5
170 136 26
170 153 11
170 174 20
170 178 8
170 189 13
170 237 36
170 300 11
170 304 45
170 307 9
170 311 30
170 317 25
171 87 8
171 269 17
171 297 14
172 22 22
172 42 21
172 66 37
172 71 5
172 75 13
172 104 1
172 125 13
172 143 14
172 146 15
172 167 26
172 193 3
172 234 20
172 239 22
172 274 27
172 277 10
172 292 11
173 0 9
173 9 5
173 77 4
173 92 10
173 95 4
173 96 25
173 107 17
173 136 22
173 153 2
173 170 10
173 178 2
173 186 15
173 222 16
173 255 14
173 303 21
174 159 9
174 171 18
174 213 15
174 249 14
174 269 21
174 288 3
174 298 23
175 100 2
175 111 8
175 119 22
175 147 2
175 152 5
175 177 1
175 212 21
175 219 27
175 240 16
175 271 16
175 308 23
176 59 16
176 94 22
176 174 18
176 216 18
176 226 3
176 247 16
176 298 7
176 303 19
176 311 42
176 316 19
177 6 6
177 33 3
177 39 20
177 43 3
177 47 14
177 65 9
177 81 29
177 111 5
177 112 2
177 141 10
177 148 5
177 152 13
177 175 7
177 180 15
177 214 21
177 265 13
177 310 10
178 44 1
178 113 6
178 117 3
178 153 1
178 162 21
178 170 10
178 292 9
178 312 29
179 67 11
179 99 15
179 105 14
179 125 7
179 127 13
179 202 13
179 240 8
179 256 10
179 263 20
179 286 21
180 140 5
180 168 3
180 206 8
180 233 14
180 283 15
180 294 32
180 305 13
181 11 11
181 26 3
181 31 5
181 40 5
181 56 12
181 61 5
181 63 11
181 84 4
181 85 21
181 114 11
181 128 5
181 209 18
181 255 33
182 34 12
182 51 29
182 58 49
182 69 23
182 77 23
182 129 7
182 161 17
182 186 4
182 190 1
182 220 32
182 259 70
183 4 41
183 5 31
183 8 1
183 31 14
183 45 31
183 46 43
183 74 26
183 94 15
183 100 8
183 137 22
183 138 9
183 149 23
183 181 13
183 182 23
183 223 51
183 244 6
183 272 58
183 286 24
183 306 42
184 27 2
184 38 2
184 41 17
184 53 4
184 81 17
184 141 23
184 147 24
184 151 5
184 157 2
184 193 2
184 219 37
184 229 30
184 234 21
184 271 2
184 305 7
185 12 9
185 46 1
185 68 4
185 69 15
185 140 18
185 284 2
185 317 29
186 6 1
186 34 12
186 54 4
186 58 40
186 95 43
186 203 6
186 239 9
186 257 10
186 309 11
187 87 8
187 108 13
187 171 22
187 174 13
187 196 6
187 213 20
187 228 9
187 260 13
187 269 9
187 288 11
187 298 7
188 3 3
188 28 27
188 55 35
188 88 7
188 93 8
188 95 8
188 108 6
188 151 14
188 159 4
188 161 14
188 218 14
188 228 10
188 303 13
189 0 10
189 44 20
189 52 2
189 57 15
189 77 17
189 84 5
189 107 26
189 136 19
189 142 6
189 146 51
189 153 14
189 170 21
189 173 8
189 178 17
189 230 20
189 249 14
189 251 10
189 267 32
189 282 38
189 300 39
190 6 8
190 66 14
190 89 9
190 143 21
190 169 14
190 194 13
190 235 17
190 241 3
190 264 5
190 271 32
190 277 14
190 286 7
190 292 27
190 309 11
191 46 11
191 59 3
191 94 3
191 158 3
191 188 2
191 216 48
191 223 18
191 225 21
191 269 14
191 273 18
191 275 15
191 297 50
192 42 6
192 73 3
192 122 4
192 125 9
192 139 13
192 169 6
192 172 6
192 190 14
192 194 30
192 217 16
192 264 13
192 271 12
192 277 56
192 292 42
192 309 24
193 22 18
193 66 22
193 146 21
193 167 13
193 172 11
193 191 7
193 195 10
193 202 18
193 222 2
193 234 2
193 239 17
194 22 2
194 42 11
194 92 14
194 139 3
194 190 13
194 241 8
194 271 1
194 277 7
194 292 15
194 309 28
195 200 2
195 204 7
195 242 12
195 259 1
195 263 2
195 278 4
196 49 14
196 86 13
196 161 11
196 165 8
196 208 19
196 209 2
196 230 39
196 240 7
196 249 27
196 261 17
196 305 3
196 315 14
197 13 15
197 57 10
197 70 21
197 101 14
197 109 13
197 121 33
197 204 6
197 246 13
197 256 9
197 258 31
197 282 5
197 293 1
198 12 8
198 19 10
198 60 31
198 61 8
198 137 14
198 142 5
198 158 21
198 171 27
198 180 36
198 185 27
198 253 11
198 303 9
199 180 3
199 206 10
199 248 12
199 254 12
199 262 3
199 265 17
199 294 21
199 305 4
199 310 12
200 116 8
200 132 17
200 195 10
200 252 1
200 259 24
200 263 6
200 276 11
200 278 28
200 300 8
200 308 43
201 19 3
201 65 9
201 98 9
201 211 2
201 233 6
201 248 17
201 255 10
201 268 30
201 271 6
201 306 1
202 27 5
202 72 5
202 76 9
202 131 1
202 251 3
202 289 7
202 296 13
203 21 12
203 31 10
203 76 14
203 92 15
203 130 3
203 132 10
203 221 8
204 96 19
204 121 7
204 246 8
204 255 14
204 270 18
204 282 20
204 314 10
205 180 4
205 238 7
205 306 11
206 18 16
206 119 18
206 131 14
206 140 22
206 199 5
206 205 2
206 253 23
206 262 21
206 290 33
206 294 5
206 305 17
206 310 15
207 72 18
207 221 5
207 225 2
207 255 2
207 258 1
208 49 23
208 86 5
208 122 12
208 139 10
208 143 12
208 165 15
208 196 19
208 220 17
208 239 42
208 240 8
208 249 15
208 258 29
208 261 19
208 281 8
209 9 1
209 13 6
209 49 3
209 86 16
209 121 14
209 122 13
209 165 42
209 190 8
209 196 15
209 208 13
209 225 26
209 230 11
209 240 47
209 249 12
209 315 5
210 69 8
210 80 15
210 97 31
210 117 29
210 155 30
210 159 62
210 281 10
210 285 19
210 287 14
210 299 37
210 301 13
211 65 19
211 98 13
211 201 36
211 215 20
211 219 29
211 233 28
211 248 13
211 250 12
211 254 9
211 265 11
211 268 18
211 280 26
211 306 39
212 15 10
212 217 6
212 230 2
212 252 16
212 267 18
212 291 19
212 300 37
212 304 30
212 307 17
212 312 26
212 313 24
213 12 5
213 87 16
213 108 1
213 171 23
213 174 11
213 269 28
213 283 13
213 288 8
213 311 16
214 15 28
214 27 45
214 39 29
214 94 46
214 110 26
214 121 14
214 138 3
214 152 39
214 175 27
214 194 31
214 222 27
214 224 6
215 65 6
215 168 16
215 259 7
215 268 3
216 121 2
216 142 10
216 273 17
216 275 2
216 297 35
216 316 3
217 22 1
217 49 3
217 72 27
217 86 2
217 135 31
217 220 19
217 232 2
217 279 2
217 280 25
217 295 17
217 313 9
218 3 5
218 34 25
218 58 29
218 79 22
218 88 17
218 93 28
218 113 9
218 133 2
218 163 3
218 179 6
218 188 13
218 228 10
218 303 30
218 304 40
219 78 5
219 81 6
219 250 3
219 257 2
220 13 2
220 15 4
220 135 16
220 144 13
220 232 14
220 274 7
220 295 11
221 121 20
221 131 16
221 207 10
221 225 13
221 227 8
221 237 26
221 255 3
221 256 5
221 282 10
221 314 7
222 42 44
222 43 3
222 70 12
222 90 14
222 92 7
222 99 8
222 104 23
222 134 3
222 198 14
222 226 24
222 239 46
222 261 17
222 311 13
222 315 15
223 27 2
223 113 4
223 137 6
223 165 3
223 244 2
223 269 31
224 6 8
224 9 3
224 39 10
224 43 15
224 66 8
224 103 15
224 111 15
224 129 5
224 152 19
224 175 22
224 177 5
224 193 8
224 214 19
224 264 19
224 309 4
225 72 17
225 109 5
225 159 8
225 207 3
225 237 6
225 255 3
226 90 41
226 134 20
226 153 11
226 239 28
226 261 9
226 276 24
226 280 27
226 301 5
226 315 35
227 25 7
227 126 4
227 166 5
227 207 28
227 221 3
227 225 39
227 237 37
227 255 3
227 256 2
227 275 6
227 284 7
227 314 8
228 88 27
228 93 14
228 171 25
228 176 6
228 218 30
228 297 14
229 22 5
229 38 9
229 74 16
229 81 32
229 93 24
229 110 2
229 147 31
229 151 3
229 157 40
229 205 5
229 219 24
229 257 37
230 86 23
230 90 20
230 165 4
230 208 12
230 209 12
230 240 25
230 249 2
230 276 38
230 304 36
230 315 15
231 18 21
231 109 11
231 119 40
231 124 12
231 150 5
231 205 12
231 211 5
231 238 25
231 253 22
231 290 15
231 310 5
232 13 3
232 57 9
232 69 19
232 135 3
232 217 12
232 220 12
232 234 6
232 240 18
232 271 7
232 274 42
232 279 50
232 295 26
232 315 21
233 19 7
233 98 13
233 215 11
233 248 10
233 250 5
233 268 9
233 280 8
233 306 17
234 57 3
234 66 2
234 143 5
234 172 12
234 295 7
234 297 5
235 41 12
235 123 2
235 139 8
235 166 23
235 169 5
235 172 8
235 190 4
235 192 15
235 194 9
235 264 22
235 271 13
235 277 26
235 292 2
235 309 44
236 5 24
236 12 27
236 46 12
236 87 15
236 122 4
236 142 7
236 158 57
236 165 7
236 185 15
236 194 8
236 198 2
236 276 28
236 311 17
237 101 5
237 121 16
237 133 1
237 166 7
237 207 9
237 221 12
237 225 8
237 254 11
237 314 13
238 18 3
238 81 10
238 119 19
238 150 5
238 205 8
238 233 17
238 237 18
238 253 15
238 290 16
238 308 12
239 234 2
239 261 12
239 277 11
240 49 5
240 71 1
240 86 10
240 122 9
240 165 16
240 225 15
240 230 1
240 249 6
240 258 7
241 53 3
241 66 17
241 104 21
241 139 37
241 143 13
241 144 14
241 169 12
241 175 9
241 179 6
241 190 6
241 192 14
241 194 12
241 235 22
241 271 40
241 277 41
241 292 17
241 309 26
242 116 5
242 126 1
242 132 17
242 200 32
242 259 11
242 278 14
242 308 5
243 81 18
243 133 14
243 140 20
243 168 13
243 225 12
243 254 4
243 290 7
243 301 3
243 305 7
243 308 9
244 4 13
244 11 28
244 45 25
244 46 27
244 59 5
244 100 14
244 137 28
244 183 6
244 186 6
244 188 20
244 214 5
244 223 22
244 272 4
244 302 6
245 121 22
245 197 6
245 204 5
245 246 8
245 259 17
245 282 1
245 314 6
246 67 4
246 109 10
246 121 21
246 197 36
246 204 7
246 258 8
246 282 14
246 293 21
247 32 25
247 149 25
247 191 3
247 216 7
247 260 9
247 269 15
247 298 21
247 302 6
247 311 28
247 316 19
248 211 2
248 215 4
248 280 5
248 306 5
249 165 12
249 209 7
249 230 6
249 303 3
249 313 5
250 19 12
250 65 27
250 98 10
250 201 30
250 211 6
250 215 14
250 233 18
250 248 3
250 268 33
250 275 8
251 30 7
251 49 8
251 72 18
251 76 16
251 96 9
251 131 16
251 202 20
251 247 19
251 278 28
251 289 41
251 296 14
252 10 8
252 15 9
252 263 21
252 267 46
252 291 41
252 300 37
252 304 30
252 307 12
252 312 42
252 313 14
253 18 3
253 119 11
253 150 6
253 205 21
253 231 4
253 238 2
253 270 12
253 290 15
254 206 4
254 225 1
254 305 13
255 105 6
255 207 4
255 225 15
255 237 10
255 293 11
255 314 11
256 23 15
256 109 17
256 121 10
256 127 10
256 204 19
256 245 27
256 246 1
256 270 9
256 279 1
256 282 58
256 293 16
257 38 18
257 81 24
257 125 9
257 157 5
257 184 5
257 194 18
257 219 14
257 250 8
257 309 5
258 23 5
258 70 8
258 109 14
258 131 15
258 204 11
258 245 22
258 246 5
258 256 27
258 270 4
258 293 19
259 105 2
259 116 2
259 132 6
259 195 19
259 200 11
259 245 3
259 276 1
259 278 4
260 108 5
260 171 32
260 174 28
260 187 6
260 213 7
260 269 1
260 273 3
260 288 5
260 306 36
261 42 1
261 90 25
261 209 2
261 222 8
261 226 2
261 284 8
261 315 34
262 12 2
262 78 32
262 141 12
262 168 13
262 276 7
262 290 23
262 294 7
262 305 18
263 126 2
263 195 10
263 200 3
263 225 12
263 242 8
263 259 5
263 276 10
263 278 31
263 300 18
263 308 20
264 4 4
264 41 13
264 42 7
264 143 13
264 164 12
264 169 10
264 192 1
264 194 27
264 235 6
264 241 8
264 271 50
264 277 26
264 309 28
265 103 6
265 140 13
265 145 1
265 169 2
265 180 24
265 199 17
265 206 16
265 294 16
265 305 25
265 310 30
266 72 29
266 76 22
266 96 7
266 202 56
266 249 7
266 251 47
266 279 4
266 289 14
266 296 15
267 15 9
267 144 5
267 300 15
267 304 25
267 307 21
267 312 13
267 313 14
267 315 18
268 19 36
268 65 5
268 215 17
268 248 4
268 280 16
268 306 13
269 88 5
269 171 4
269 174 7
269 187 11
269 213 4
269 273 4
269 288 5
270 109 8
270 121 19
270 166 13
270 197 2
270 219 6
270 242 12
270 245 25
270 246 24
270 256 10
270 263 2
270 282 36
271 110 5
271 277 17
271 291 5
272 4 34
272 22 8
272 36 22
272 45 25
272 46 14
272 51 10
272 107 12
272 137 19
272 180 14
272 181 21
272 200 16
272 223 31
272 244 29
272 254 34
273 171 19
273 191 3
273 234 10
273 275 16
273 297 12
273 311 9
274 13 2
274 102 2
274 135 34
274 153 8
274 217 13
274 220 7
274 232 15
274 279 32
274 295 34
275 137 4
275 171 20
275 191 5
275 216 1
275 269 1
275 297 27
276 132 6
276 195 16
276 238 18
276 242 8
276 254 12
276 259 22
276 263 3
276 278 19
276 308 21
277 261 3
277 292 11
277 307 17
278 132 3
278 259 3
278 263 7
278 283 7
279 57 7
279 135 17
279 167 1
279 220 2
279 245 9
279 268 17
279 278 15
279 295 7
280 19 7
280 201 21
280 215 8
280 233 3
280 248 7
280 306 11
281 79 30
281 97 14
281 117 16
281 155 17
281 159 8
281 210 4
281 285 7
281 287 10
281 301 11
282 96 10
282 245 20
282 258 23
282 270 5
282 293 10
283 41 13
283 78 21
283 141 1
283 168 36
283 206 9
283 233 7
283 254 8
283 262 7
284 72 5
284 135 2
284 317 34
285 79 7
285 97 13
285 117 3
285 155 15
285 159 10
285 251 4
285 281 8
285 287 9
285 299 17
285 301 1
286 25 2
286 67 20
286 77 11
286 105 35
286 123 5
286 125 8
286 127 17
286 179 12
286 242 7
286 245 8
287 79 6
287 97 4
287 117 1
287 159 6
287 299 11
287 301 21
288 61 2
288 87 13
288 171 21
288 174 11
288 187 6
288 213 3
288 260 23
288 269 14
289 25 7
289 38 11
289 72 13
289 202 10
289 284 4
289 296 57
290 18 3
290 119 18
290 205 30
290 231 8
290 253 17
291 15 3
291 212 5
291 267 16
291 300 48
291 304 30
291 307 3
291 312 27
291 313 35
292 169 6
292 194 8
292 264 11
292 271 18
292 277 11
292 309 9
293 23 4
293 116 18
293 197 1
293 204 19
293 245 15
293 246 2
293 258 2
293 270 2
293 279 1
293 283 31
294 215 22
294 254 26
294 265 1
294 283 16
294 305 8
295 105 5
295 220 13
295 311 6
296 70 1
296 72 8
296 96 3
296 131 7
296 202 9
296 251 5
296 289 9
296 314 13
297 302 8
298 87 2
298 247 3
298 302 1
298 316 7
299 79 15
299 97 37
299 117 17
299 154 7
299 155 17
299 159 4
299 281 13
299 301 16
300 34 3
300 212 1
300 304 15
300 307 16
300 313 3
301 79 27
301 97 13
301 117 13
301 155 13
301 159 8
301 285 11
302 149 7
302 176 15
302 247 6
302 273 16
302 298 2
302 311 28
302 316 14
303 12 6
303 70 17
303 90 19
303 144 22
303 254 15
304 212 3
304 267 3
305 180 3
305 199 6
305 265 17
305 283 10
305 306 13
306 145 5
306 201 1
306 215 22
306 250 4
306 280 5
307 212 23
307 267 3
307 291 2
307 300 8
307 304 14
307 312 13
307 313 1
308 132 30
308 195 20
308 242 4
308 259 9
308 276 5
308 278 33
309 192 2
309 271 15
309 277 10
310 27 10
310 78 8
310 140 9
310 180 35
310 199 21
310 206 23
310 262 13
310 294 21
310 305 17
311 298 14
311 316 8
312 267 4
312 300 3
312 304 25
312 307 4
313 252 17
313 300 7
313 304 25
313 307 13
313 312 28
314 166 3
314 207 17
314 221 4
314 225 3
314 255 13
315 42 9
315 90 9
315 239 21
316 149 15
316 311 2
