0 1 4
0 2 4
0 18 27
0 27 68
0 54 5
0 68 13
0 85 25
0 105 23
0 122 14
0 161 10
0 189 4
0 192 14
0 226 24
0 236 9
1 5 4
1 35 46
1 41 21
1 48 15
1 77 6
1 81 36
1 95 32
1 98 28
1 144 52
1 157 19
1 172 54
1 178 16
1 194 21
1 217 16
1 238 18
1 257 8
1 302 28
1 308 52
2 8 23
2 22 23
2 45 24
2 49 25
2 54 13
2 82 24
2 87 25
2 100 36
2 146 12
2 147 14
2 165 30
2 194 80
2 207 25
2 228 28
2 249 8
2 257 8
2 267 23
2 270 48
3 10 8
3 14 17
3 35 8
3 81 14
3 98 11
3 159 4
3 162 15
3 193 14
3 241 14
3 263 44
3 292 17
3 305 22
4 15 1
4 19 33
4 210 9
4 257 2
4 262 16
4 295 4
4 301 38
4 318 26
5 0 14
5 6 12
5 13 14
5 54 6
5 61 27
5 68 12
5 73 4
5 97 19
5 133 3
5 138 8
5 188 12
5 207 10
5 229 28
5 240 9
5 268 20
5 320 54
6 2 16
6 3 15
6 15 13
6 40 22
6 57 22
6 65 5
6 78 26
6 89 11
6 146 2
6 148 14
6 158 30
6 167 37
6 172 44
6 173 9
6 174 27
6 176 6
6 183 24
6 192 34
6 199 17
6 208 59
6 300 42
7 4 14
7 5 11
7 8 7
7 36 47
7 64 8
7 67 7
7 73 17
7 83 18
7 88 19
7 93 26
7 120 12
7 157 12
7 184 21
7 195 20
7 220 21
7 280 26
7 306 18
8 3 5
8 12 1
8 22 13
8 49 22
8 70 15
8 82 22
8 87 41
8 96 5
8 97 6
8 116 1
8 194 30
8 216 22
8 223 29
8 263 20
8 270 46
8 276 40
9 63 1
9 72 13
9 86 10
9 141 6
9 151 3
9 265 5
9 283 8
9 314 12
10 1 1
10 3 15
10 14 11
10 17 32
10 35 5
10 48 5
10 58 3
10 64 3
10 77 32
10 81 13
10 95 11
10 98 12
10 137 20
10 167 47
10 179 15
10 193 6
10 209 24
10 238 9
10 248 40
10 257 3
10 273 29
10 297 36
10 303 42
11 36 14
11 51 10
11 53 12
11 110 12
11 206 21
11 217 6
11 259 17
11 275 16
11 278 38
11 280 27
11 292 39
11 308 12
12 5 5
12 9 16
12 18 7
12 24 24
12 65 6
12 69 26
12 104 8
12 140 16
12 155 10
12 159 1
12 163 11
12 198 16
12 265 22
12 277 3
12 289 17
13 5 4
13 11 29
13 14 4
13 15 18
13 21 30
13 23 10
13 46 42
13 57 19
13 61 20
13 68 15
13 133 2
13 140 17
13 148 25
13 188 17
13 214 34
13 244 9
13 269 14
13 277 8
14 4 27
14 16 25
14 25 30
14 26 27
14 76 31
14 77 2
14 108 31
14 113 21
14 135 10
14 157 31
14 178 14
14 254 18
14 257 10
14 258 41
14 309 28
14 310 19
14 317 37
15 9 28
15 10 7
15 13 1
15 25 26
15 57 27
15 65 3
15 82 4
15 89 28
15 125 12
15 148 23
15 158 24
15 174 23
15 186 38
15 191 2
15 204 27
15 284 24
15 311 50
16 19 1
16 44 2
16 45 11
16 90 8
16 93 16
16 112 13
16 120 9
16 132 6
16 203 14
16 228 44
16 271 17
16 281 5
17 20 12
17 149 8
17 196 3
17 201 14
17 214 29
17 225 1
17 230 9
17 239 4
17 247 12
17 252 18
17 302 29
18 0 5
18 20 14
18 30 18
18 31 11
18 85 30
18 111 52
18 122 42
18 145 10
18 150 4
18 161 4
18 164 13
18 219 28
18 222 11
18 226 36
18 236 47
19 23 3
19 96 5
19 108 3
19 135 10
19 187 10
19 191 6
19 220 5
19 254 17
20 30 8
20 106 8
20 158 2
20 211 11
20 222 7
20 248 9
20 251 11
20 271 18
21 112 15
21 171 4
21 204 9
21 209 31
21 217 2
21 259 4
21 315 15
22 2 4
22 7 14
22 19 24
22 24 22
22 26 38
22 32 44
22 49 13
22 82 44
22 87 30
22 194 24
22 231 10
22 254 1
22 257 19
22 261 20
22 268 38
22 270 40
22 281 17
23 5 12
23 13 13
23 24 8
23 33 5
23 57 23
23 61 4
23 68 13
23 97 2
23 114 1
23 184 6
23 188 6
23 194 7
23 209 3
23 262 38
23 269 9
23 314 17
24 52 4
24 69 1
24 101 4
24 148 2
24 163 5
24 198 11
24 271 2
24 299 19
24 312 8
25 63 3
25 141 12
25 187 5
25 208 6
25 224 18
25 258 6
25 313 16
25 317 5
26 42 2
26 209 5
26 232 10
26 253 9
26 271 10
26 296 10
27 12 22
27 18 19
27 28 29
27 51 15
27 85 19
27 111 14
27 122 12
27 151 9
27 161 24
27 188 3
27 191 25
27 226 54
27 236 23
27 242 7
27 249 12
27 299 28
28 17 11
28 75 1
28 107 25
28 198 5
28 211 15
28 227 7
28 246 35
28 265 4
28 271 30
28 285 11
29 11 3
29 16 4
29 36 17
29 67 6
29 70 4
29 130 24
29 134 3
29 141 14
29 176 6
29 210 2
29 249 3
29 272 5
30 79 16
30 104 18
30 121 7
30 205 25
30 222 3
30 244 19
30 289 3
30 307 13
31 0 40
31 18 6
31 27 4
31 30 30
31 63 35
31 85 13
31 105 24
31 111 8
31 121 43
31 122 28
31 135 27
31 161 32
31 226 46
31 236 41
31 244 40
31 316 46
32 244 7
32 248 7
32 284 2
32 300 4
32 311 14
32 312 11
32 319 19
33 16 11
33 32 16
33 44 11
33 70 11
33 90 12
33 92 16
33 93 18
33 112 36
33 113 6
33 116 6
33 220 13
33 228 8
33 245 8
33 274 13
33 281 7
34 29 25
34 47 13
34 58 12
34 62 38
34 84 10
34 91 26
34 102 17
34 108 24
34 114 7
34 128 34
34 182 7
34 187 14
34 197 10
34 217 14
34 255 24
34 258 4
34 283 27
34 316 39
35 10 3
35 47 12
35 48 3
35 108 9
35 137 3
35 172 4
35 238 4
35 250 15
35 268 45
35 272 18
35 273 4
35 303 22
36 166 12
36 206 3
36 275 35
36 278 10
36 280 27
36 308 18
37 43 24
37 51 9
37 67 7
37 119 24
37 141 5
37 172 12
37 181 3
37 206 18
37 216 12
37 219 15
37 275 2
37 278 27
37 306 16
38 17 8
38 44 17
38 68 6
38 91 36
38 103 12
38 122 3
38 124 15
38 132 33
38 133 2
38 143 9
38 202 42
38 207 13
38 213 30
38 237 17
38 243 26
38 264 20
38 279 1
38 299 20
38 301 43
39 59 7
39 156 8
39 195 1
39 234 35
39 294 17
39 306 17
39 315 6
40 37 6
40 74 4
40 100 8
40 115 18
40 152 5
40 154 40
40 181 20
40 218 27
40 223 38
40 234 17
40 256 13
40 259 14
40 294 13
40 299 11
40 312 46
40 318 66
41 4 38
41 14 12
41 19 44
41 29 10
41 30 19
41 70 20
41 96 8
41 135 6
41 142 2
41 157 3
41 163 28
41 170 14
41 178 51
41 191 28
41 254 15
42 116 2
42 142 48
42 193 24
42 203 17
42 230 26
42 231 12
42 232 21
42 237 7
42 239 7
42 245 7
42 261 28
42 270 6
42 290 17
42 296 8
42 302 16
43 11 21
43 94 4
43 153 1
43 166 5
43 206 4
43 275 12
43 286 6
43 306 28
44 16 5
44 33 5
44 90 31
44 92 27
44 93 12
44 116 5
44 123 15
44 134 6
44 172 15
44 228 10
44 234 20
44 281 2
45 21 10
45 167 31
45 204 22
45 209 15
45 233 7
45 259 12
45 267 20
45 274 14
45 276 15
45 292 8
45 312 6
45 315 12
46 55 10
46 91 13
46 123 16
46 128 2
46 139 9
46 145 14
46 148 14
46 215 7
46 241 5
46 264 16
46 283 4
46 319 29
47 110 11
47 187 7
47 204 4
47 217 14
47 249 5
47 250 10
47 318 4
48 1 5
48 3 14
48 17 6
48 49 13
48 58 13
48 77 3
48 81 14
48 89 8
48 95 1
48 97 22
48 98 18
48 105 17
48 137 7
48 150 5
48 182 12
48 185 14
48 232 13
48 250 9
48 253 21
49 7 16
49 8 13
49 22 6
49 26 9
49 82 2
49 87 24
49 170 14
49 191 20
49 194 39
49 208 5
49 209 35
49 269 1
49 270 12
49 306 18
50 16 7
50 21 33
50 45 8
50 84 8
50 167 16
50 204 39
50 209 32
50 225 1
50 228 5
50 233 39
50 267 28
50 270 8
50 274 25
50 276 30
50 315 46
51 37 8
51 43 6
51 154 12
51 206 48
51 275 7
51 278 5
51 286 2
51 295 6
51 306 9
51 308 5
52 12 13
52 24 40
52 46 11
52 48 10
52 69 38
52 101 40
52 106 7
52 140 18
52 159 23
52 163 17
52 198 13
52 214 17
52 267 24
52 269 3
52 277 20
52 291 11
52 298 14
52 309 2
53 37 13
53 51 8
53 60 11
53 106 17
53 165 37
53 166 20
53 210 20
53 216 39
53 218 28
53 286 45
53 294 15
54 3 3
54 5 2
54 13 11
54 15 11
54 23 15
54 49 39
54 55 14
54 61 32
54 68 2
54 71 3
54 73 10
54 97 40
54 131 18
54 133 8
54 153 7
54 180 36
54 188 27
54 208 40
54 213 15
54 269 32
55 17 11
55 46 15
55 71 14
55 79 6
55 91 18
55 103 20
55 123 10
55 145 12
55 199 9
55 215 1
55 227 4
55 264 18
56 49 6
56 180 5
56 202 17
56 229 6
56 241 5
56 248 12
56 262 40
56 293 13
57 62 14
57 65 9
57 89 2
57 148 11
57 158 31
57 174 9
57 192 1
57 196 4
57 224 6
57 243 13
57 312 43
58 1 5
58 3 13
58 35 7
58 64 7
58 77 3
58 81 8
58 95 12
58 133 14
58 135 20
58 137 23
58 178 34
58 212 14
58 238 18
58 247 19
58 270 20
58 272 17
58 296 42
59 43 10
59 90 8
59 94 6
59 110 50
59 152 6
59 156 11
59 166 13
59 175 11
59 195 2
59 225 15
59 234 49
59 250 10
59 291 24
59 295 21
60 22 7
60 29 24
60 31 4
60 40 15
60 59 7
60 134 15
60 176 2
60 197 6
60 210 13
60 219 10
60 257 10
60 292 18
61 23 21
61 68 4
61 97 2
61 119 13
61 171 30
61 188 11
61 229 8
61 269 11
61 295 29
62 47 13
62 76 7
62 102 5
62 114 19
62 177 6
62 182 6
62 187 22
62 215 2
62 250 10
62 283 34
63 28 12
63 107 17
63 200 18
63 205 12
63 227 6
63 246 13
63 271 20
63 275 3
64 4 27
64 39 11
64 66 16
64 67 8
64 73 11
64 83 16
64 88 31
64 100 37
64 109 20
64 136 13
64 150 1
64 166 37
64 193 13
64 220 17
64 306 30
64 308 42
65 3 9
65 62 19
65 67 18
65 76 18
65 78 2
65 89 9
65 99 12
65 123 2
65 143 12
65 148 3
65 156 18
65 158 20
65 168 7
65 174 7
65 183 24
65 186 49
65 192 5
65 217 48
65 258 23
65 309 35
66 7 27
66 55 19
66 63 11
66 73 5
66 74 13
66 83 37
66 109 23
66 126 17
66 130 15
66 136 5
66 138 7
66 185 12
66 188 30
66 190 12
66 219 7
66 220 27
66 223 22
66 229 17
66 256 24
66 315 21
67 11 6
67 40 31
67 43 14
67 109 21
67 120 8
67 126 3
67 154 9
67 156 25
67 163 9
67 190 8
67 219 12
67 220 15
67 258 9
67 315 44
68 13 5
68 23 2
68 54 9
68 61 36
68 125 4
68 132 7
68 188 35
68 189 4
68 228 17
68 229 18
68 237 7
68 256 34
69 12 13
69 24 28
69 156 11
69 163 21
69 183 15
69 216 3
69 240 29
69 260 9
70 29 8
70 60 9
70 75 2
70 113 1
70 129 9
70 130 30
70 134 28
70 142 1
70 176 21
70 210 17
70 230 22
70 237 10
70 257 7
70 306 11
71 46 24
71 55 21
71 91 49
71 92 7
71 103 25
71 123 20
71 128 5
71 132 8
71 133 12
71 144 11
71 145 39
71 148 9
71 191 5
71 215 33
71 255 4
71 259 32
71 264 28
71 307 14
71 313 12
72 9 2
72 12 15
72 28 28
72 43 16
72 52 3
72 86 15
72 103 14
72 117 3
72 151 26
72 164 5
72 169 24
72 254 12
72 267 7
72 307 10
73 83 20
73 100 21
73 110 15
73 120 8
73 155 8
73 175 12
73 210 9
73 220 13
73 312 22
74 36 4
74 40 13
74 100 10
74 110 7
74 154 1
74 218 14
74 223 13
74 233 13
74 256 13
74 286 9
74 299 37
74 312 19
74 318 8
75 29 18
75 39 6
75 44 27
75 60 30
75 89 6
75 90 21
75 129 2
75 130 16
75 134 9
75 153 6
75 176 13
75 210 18
75 219 29
75 249 11
76 4 9
76 19 3
76 80 6
76 108 14
76 113 10
76 128 5
76 140 12
76 142 34
76 163 22
76 178 19
76 183 11
76 254 18
76 305 3
76 309 14
77 3 18
77 7 4
77 35 23
77 81 2
77 95 3
77 137 6
77 140 17
77 142 31
77 177 9
77 187 18
77 237 6
78 6 13
78 15 23
78 57 25
78 65 46
78 72 10
78 76 13
78 89 18
78 97 20
78 114 17
78 140 3
78 148 26
78 158 32
78 163 25
78 164 6
78 183 27
78 228 20
78 254 7
78 302 54
79 11 6
79 20 12
79 30 13
79 104 4
79 118 1
79 200 14
79 205 36
79 222 15
79 229 7
79 251 7
79 285 52
79 289 27
79 307 2
80 47 6
80 55 6
80 139 16
80 211 9
80 230 7
80 240 13
80 273 8
80 282 8
80 287 9
80 292 17
80 305 16
80 309 10
80 310 35
80 320 50
81 34 5
81 35 6
81 48 2
81 50 15
81 58 13
81 77 5
81 95 5
81 165 28
81 193 12
81 200 5
81 238 9
81 245 9
81 247 10
81 260 2
81 313 5
81 314 35
82 8 12
82 35 5
82 49 4
82 87 14
82 120 8
82 147 3
82 181 31
82 185 6
82 194 17
82 220 8
82 233 49
82 245 23
82 261 20
82 270 14
82 284 45
82 296 34
83 47 13
83 67 8
83 77 2
83 108 7
83 151 3
83 256 16
83 268 26
84 121 7
84 152 1
84 184 8
84 199 10
84 235 1
84 266 8
84 291 3
84 314 34
85 0 16
85 23 17
85 31 7
85 32 38
85 39 23
85 122 12
85 161 1
85 179 9
85 226 61
85 236 9
85 265 3
85 287 31
85 289 9
86 9 16
86 72 11
86 85 12
86 111 5
86 117 13
86 128 9
86 151 6
86 155 14
86 164 15
86 169 5
86 179 2
86 221 11
86 227 18
86 285 22
86 293 21
86 307 14
87 26 3
87 49 7
87 82 16
87 134 12
87 142 10
87 188 13
87 194 9
87 203 29
87 259 30
87 261 37
87 263 10
87 316 13
88 36 4
88 51 12
88 53 7
88 94 16
88 141 12
88 166 27
88 206 8
88 216 1
88 241 12
88 286 32
88 306 13
88 318 12
89 57 14
89 69 28
89 148 2
89 158 15
89 169 5
89 174 30
89 183 7
89 246 13
89 251 17
89 279 6
89 311 32
89 316 40
89 319 17
90 16 10
90 33 11
90 44 8
90 92 31
90 93 22
90 116 3
90 152 5
90 228 19
90 275 22
90 281 23
91 103 8
91 145 5
91 243 8
91 301 23
92 16 24
92 33 3
92 44 12
92 90 15
92 93 15
92 112 41
92 116 3
92 137 1
92 152 15
92 199 11
92 204 36
92 228 9
92 281 19
92 288 3
92 304 20
93 16 1
93 33 15
93 44 7
93 92 6
93 112 22
93 212 3
93 228 9
93 252 2
93 278 9
93 291 13
94 53 6
94 88 3
94 90 4
94 110 3
94 165 8
94 216 21
94 233 9
94 280 8
94 286 10
94 294 6
94 306 29
95 3 10
95 35 22
95 48 2
95 81 7
95 112 37
95 114 18
95 137 3
95 201 24
95 214 30
95 254 4
95 273 23
95 309 37
95 311 28
95 320 36
96 4 38
96 19 12
96 41 14
96 76 11
96 77 11
96 108 14
96 113 8
96 129 22
96 131 9
96 133 1
96 135 24
96 139 19
96 168 14
96 178 2
96 191 25
96 210 24
96 213 10
96 254 12
96 262 53
96 300 36
96 316 47
96 319 51
97 5 3
97 13 8
97 21 47
97 23 18
97 28 18
97 31 3
97 61 8
97 68 16
97 133 14
97 138 18
97 160 17
97 174 9
97 188 52
97 214 21
97 268 27
98 1 10
98 3 6
98 10 17
98 35 44
98 70 16
98 81 23
98 95 29
98 114 8
98 132 3
98 137 2
98 178 11
98 182 8
98 197 12
98 209 37
98 230 37
98 238 7
98 239 9
98 250 7
98 297 25
98 320 36
99 21 3
99 56 1
99 103 15
99 180 24
99 229 9
99 243 14
99 256 7
99 262 27
99 293 13
99 301 15
100 74 22
100 81 14
100 84 3
100 110 8
100 175 5
100 181 4
100 218 24
100 223 19
100 299 36
100 312 31
100 318 26
101 12 12
101 52 10
101 69 29
101 107 22
101 140 6
101 155 25
101 163 15
101 198 17
101 242 25
101 251 5
101 307 19
102 47 7
102 62 17
102 72 15
102 163 2
102 182 10
102 187 15
102 189 17
102 197 8
102 217 17
102 246 12
102 250 21
102 282 17
102 283 10
102 298 10
103 13 2
103 46 21
103 71 5
103 91 3
103 145 20
103 160 8
103 228 21
103 243 4
103 246 20
103 264 1
104 24 15
104 79 12
104 108 15
104 118 4
104 155 3
104 174 23
104 200 16
104 205 40
104 222 3
104 242 2
104 246 13
104 285 12
104 289 24
104 307 28
105 18 1
105 20 35
105 30 10
105 83 32
105 106 40
105 131 9
105 155 13
105 161 7
105 205 17
105 221 11
105 242 45
105 251 48
106 28 7
106 31 1
106 251 6
106 285 5
106 289 8
107 20 12
107 63 9
107 198 7
107 211 23
107 227 6
107 242 13
107 271 10
108 76 13
108 113 14
108 157 17
108 186 25
108 191 21
108 197 7
108 250 10
108 298 6
108 316 26
109 8 12
109 64 3
109 73 6
109 74 7
109 77 14
109 83 19
109 93 14
109 120 19
109 126 16
109 136 11
109 152 8
109 190 2
109 210 9
109 218 37
109 236 3
109 278 17
109 295 39
110 39 11
110 291 2
110 292 9
111 0 5
111 5 11
111 27 20
111 30 17
111 68 16
111 85 14
111 107 24
111 122 71
111 144 34
111 151 15
111 161 10
111 226 46
111 236 39
111 293 18
112 16 12
112 44 10
112 45 7
112 90 22
112 93 1
112 175 2
112 204 2
112 228 3
112 315 5
113 14 18
113 19 9
113 76 6
113 108 10
113 117 6
113 145 32
113 171 13
113 178 17
113 186 20
113 209 18
113 277 18
113 298 41
114 39 3
114 47 5
114 62 18
114 102 7
114 145 1
114 167 10
114 182 18
114 197 17
114 217 24
114 250 26
114 260 15
114 273 7
114 283 26
115 74 11
115 100 3
115 112 29
115 154 18
115 181 12
115 207 3
115 223 5
115 234 10
115 256 23
115 299 14
115 312 26
115 318 21
116 16 14
116 33 26
116 44 18
116 90 13
116 92 17
116 93 35
116 97 8
116 112 49
116 130 12
116 150 8
116 172 8
116 228 10
116 281 28
116 295 25
117 4 15
117 9 19
117 16 8
117 20 2
117 47 6
117 86 3
117 101 12
117 151 9
117 169 7
117 179 14
117 224 18
117 253 15
117 269 5
117 320 43
118 30 11
118 79 1
118 104 14
118 179 13
118 200 32
118 205 15
118 211 23
118 222 12
118 260 15
118 265 20
118 285 40
118 289 43
118 307 17
119 11 9
119 36 18
119 47 5
119 51 20
119 154 23
119 206 19
119 235 12
119 259 9
119 275 18
119 278 51
119 280 28
119 286 8
119 292 14
119 294 17
119 308 29
120 19 28
120 67 5
120 83 15
120 126 3
120 219 23
120 220 14
120 237 7
120 275 23
120 296 1
120 299 23
121 56 1
121 61 6
121 120 4
121 143 15
121 171 19
121 184 1
121 199 14
121 235 30
121 244 20
121 266 11
121 279 9
121 315 20
122 27 15
122 31 5
122 85 13
122 102 1
122 117 13
122 127 7
122 221 4
122 226 7
122 236 5
122 242 20
123 46 16
123 55 11
123 57 9
123 71 9
123 91 18
123 103 12
123 145 6
123 215 8
123 237 1
123 253 20
123 262 22
123 264 1
123 282 13
123 290 29
124 32 33
124 132 1
124 160 19
124 172 22
124 202 19
124 213 11
124 223 16
124 224 12
124 229 20
124 242 14
124 243 24
124 301 7
125 29 22
125 60 20
125 70 26
125 75 7
125 128 7
125 129 30
125 130 28
125 134 19
125 150 29
125 155 15
125 156 9
125 203 31
125 210 30
125 212 6
125 219 18
125 269 9
125 318 51
126 7 4
126 11 17
126 53 34
126 60 2
126 61 9
126 67 10
126 73 15
126 120 9
126 136 18
126 148 5
126 176 14
126 182 6
126 188 23
126 190 2
126 220 5
126 308 3
126 316 25
127 44 3
127 59 3
127 61 6
127 84 32
127 91 12
127 121 12
127 130 2
127 143 12
127 150 18
127 171 21
127 184 27
127 199 1
127 207 17
127 235 16
127 264 10
127 266 30
127 272 23
127 288 19
128 55 48
128 71 8
128 91 30
128 103 42
128 123 14
128 145 29
128 174 6
128 215 10
128 248 25
128 264 25
128 274 21
128 284 38
129 29 54
129 60 15
129 68 11
129 70 16
129 75 7
129 130 76
129 134 25
129 150 37
129 191 6
129 199 16
129 210 14
129 219 28
129 247 44
129 258 15
129 288 19
129 317 12
130 21 24
130 29 10
130 60 9
130 83 7
130 92 16
130 210 29
130 219 3
130 314 18
131 12 10
131 20 73
131 75 3
131 100 25
131 105 19
131 106 49
131 107 35
131 109 7
131 122 20
131 155 36
131 192 3
131 221 22
131 226 23
131 242 17
131 246 20
131 251 37
131 319 50
132 91 3
132 93 8
132 124 2
132 158 4
132 207 12
132 213 13
132 215 6
132 243 17
132 264 16
132 266 17
132 279 14
132 301 22
133 5 29
133 13 39
133 23 27
133 28 27
133 41 4
133 54 31
133 61 20
133 64 1
133 68 14
133 135 15
133 138 6
133 143 13
133 188 41
133 192 6
133 270 13
134 29 13
134 59 6
134 70 3
134 73 3
134 90 10
134 113 8
134 130 23
134 210 20
134 219 13
134 257 10
134 316 14
135 4 34
135 19 33
135 76 32
135 77 1
135 113 11
135 138 5
135 157 19
135 168 3
135 177 4
135 204 26
135 224 18
135 250 54
135 255 15
135 279 15
135 317 17
136 41 8
136 47 18
136 67 16
136 87 2
136 94 10
136 95 7
136 109 23
136 113 2
136 120 15
136 133 5
136 146 2
136 158 9
136 171 37
136 185 8
136 190 27
136 209 28
136 223 23
136 233 16
136 252 26
137 1 17
137 3 18
137 10 28
137 14 4
137 25 11
137 35 4
137 56 7
137 57 2
137 81 12
137 95 15
137 98 7
137 123 12
137 163 10
137 230 35
137 238 18
137 316 47
137 319 42
138 13 33
138 22 14
138 23 8
138 54 17
138 56 13
138 60 8
138 61 38
138 68 19
138 116 26
138 133 6
138 162 31
138 188 19
138 208 13
138 242 47
138 280 25
138 304 24
139 78 4
139 145 10
139 174 4
139 230 8
139 266 7
139 267 19
139 282 8
139 287 14
139 305 14
139 309 15
139 320 56
140 24 31
140 62 8
140 69 29
140 101 17
140 134 9
140 163 11
140 198 13
140 216 17
140 241 18
140 277 3
141 37 3
141 43 31
141 51 14
141 87 3
141 153 5
141 154 13
141 166 10
141 188 13
141 206 47
141 219 11
141 249 26
141 278 20
141 280 12
141 306 20
141 318 36
142 19 6
142 26 16
142 170 2
142 193 14
142 231 4
142 290 4
142 314 18
143 56 22
143 84 12
143 121 13
143 127 13
143 150 28
143 161 18
143 171 52
143 173 2
143 184 24
143 199 16
143 258 21
143 263 41
143 264 14
143 266 5
143 288 27
144 17 8
144 149 23
144 187 6
144 189 2
144 201 29
144 214 22
144 239 9
144 242 7
144 303 2
145 46 3
145 91 5
145 114 22
145 123 17
145 180 15
145 215 4
145 264 15
146 29 8
146 60 10
146 64 5
146 67 18
146 73 12
146 81 13
146 83 22
146 109 5
146 120 47
146 126 14
146 136 1
146 185 1
146 190 13
146 218 16
146 270 32
146 275 36
146 308 52
147 2 21
147 8 67
147 13 18
147 22 86
147 49 57
147 61 21
147 72 13
147 73 1
147 82 13
147 87 26
147 106 42
147 109 42
147 126 10
147 143 12
147 170 35
147 194 31
147 238 25
147 257 25
147 270 66
147 274 42
148 15 4
148 21 23
148 57 2
148 89 26
148 103 19
148 174 6
148 191 5
148 259 29
148 279 9
148 316 24
148 319 23
149 123 2
149 144 21
149 196 3
149 201 42
149 214 29
149 217 15
149 239 12
149 252 15
149 302 10
149 303 2
150 84 2
150 92 5
150 124 6
150 126 6
150 143 3
150 171 16
150 184 35
150 235 24
150 272 15
150 288 10
151 9 3
151 63 13
151 86 15
151 102 23
151 104 19
151 162 14
151 164 9
151 169 18
151 177 7
151 206 17
151 251 10
151 298 32
151 300 46
152 39 29
152 59 4
152 110 30
152 149 12
152 156 1
152 184 1
152 195 11
152 204 28
152 234 43
152 291 16
152 295 5
152 304 5
153 37 29
153 43 4
153 44 6
153 47 26
153 49 5
153 51 27
153 75 2
153 90 9
153 94 7
153 141 28
153 148 7
153 165 10
153 206 54
153 208 17
153 249 40
153 257 6
153 286 16
153 306 37
154 74 8
154 100 27
154 256 8
154 278 5
154 299 26
154 312 12
155 20 22
155 61 8
155 106 24
155 205 27
155 221 16
155 242 18
155 251 34
155 311 15
156 39 20
156 59 6
156 110 43
156 152 27
156 175 1
156 234 10
156 258 18
156 259 16
156 280 12
156 291 8
156 295 20
157 4 7
157 27 20
157 32 23
157 66 6
157 76 23
157 93 19
157 108 20
157 113 19
157 132 4
157 178 25
157 210 20
157 225 5
157 254 31
157 256 27
157 266 5
157 294 3
158 29 24
158 30 15
158 68 7
158 148 2
158 183 3
158 192 6
158 240 3
158 310 1
159 12 31
159 24 34
159 69 24
159 101 15
159 123 6
159 140 26
159 158 34
159 163 17
159 184 5
159 198 53
159 215 17
159 246 10
159 277 12
159 284 43
159 316 47
160 69 17
160 102 14
160 152 6
160 183 6
160 187 2
160 240 11
160 241 9
160 300 33
160 305 10
161 0 1
161 10 22
161 18 2
161 27 7
161 43 9
161 79 1
161 85 3
161 111 3
161 122 18
161 173 10
161 185 7
161 226 17
161 236 30
161 238 12
161 254 11
161 289 15
162 19 2
162 26 34
162 42 11
162 44 15
162 110 16
162 142 39
162 193 10
162 231 13
162 232 3
162 245 12
162 253 12
162 263 15
162 267 15
162 268 26
162 274 18
162 290 5
162 296 9
163 24 1
163 101 29
163 122 12
163 198 21
163 248 7
163 298 4
163 309 6
164 9 3
164 86 16
164 107 46
164 117 14
164 151 12
164 169 23
164 179 9
164 205 15
164 264 14
164 265 13
164 283 3
164 307 22
164 317 20
164 319 20
165 88 31
165 94 8
165 166 33
165 194 5
165 216 12
165 223 3
165 274 14
165 286 22
165 294 28
165 295 1
165 312 7
165 314 21
166 53 11
166 94 22
166 216 10
166 218 8
166 278 11
166 280 8
166 286 12
167 21 32
167 39 7
167 204 24
167 209 4
167 233 3
167 276 2
167 291 7
167 315 11
168 4 34
168 8 9
168 19 37
168 41 48
168 68 17
168 70 31
168 84 16
168 96 15
168 98 34
168 108 52
168 117 13
168 124 29
168 125 20
168 129 22
168 130 33
168 135 27
168 157 32
168 191 18
168 204 51
168 230 36
168 254 21
168 288 13
169 9 11
169 52 2
169 71 18
169 226 4
169 276 18
169 283 13
169 316 37
170 26 11
170 42 3
170 142 10
170 162 16
170 193 2
170 216 2
170 231 13
170 232 8
170 245 7
170 253 8
170 263 7
170 270 4
170 290 3
170 296 11
171 45 13
171 84 8
171 290 13
171 316 12
172 203 16
172 228 6
172 261 6
172 263 10
172 268 1
172 314 15
172 317 10
173 0 8
173 6 7
173 8 7
173 15 35
173 57 62
173 65 18
173 73 18
173 78 67
173 89 68
173 99 11
173 148 43
173 158 12
173 159 8
173 174 40
173 183 15
173 189 8
173 249 16
173 254 17
173 276 33
174 26 19
174 57 17
174 78 11
174 80 18
174 89 8
174 158 10
174 180 19
174 183 20
174 241 6
174 274 12
174 304 8
175 39 20
175 44 16
175 59 7
175 90 13
175 94 20
175 110 42
175 152 19
175 156 6
175 195 6
175 234 27
175 294 13
175 295 14
176 60 4
176 125 1
176 129 6
176 130 15
176 134 6
176 146 18
176 152 15
176 156 4
176 170 9
176 202 15
176 210 6
176 219 22
176 235 12
176 243 10
176 257 19
176 288 6
177 9 20
177 25 15
177 171 7
177 208 22
177 213 11
177 224 24
177 247 10
177 255 19
177 258 16
177 276 14
177 313 45
177 317 52
178 4 10
178 33 4
178 49 10
178 81 10
178 108 9
178 113 11
178 191 3
178 217 11
178 260 16
178 267 22
179 9 8
179 72 23
179 86 5
179 105 7
179 117 23
179 151 31
179 169 18
179 192 10
179 196 31
179 198 15
179 211 17
179 227 11
179 251 6
179 293 24
180 46 6
180 50 3
180 262 29
180 293 11
180 301 5
180 313 20
180 317 22
181 33 5
181 74 23
181 100 8
181 115 17
181 154 23
181 165 11
181 218 2
181 223 14
181 256 26
181 286 7
181 291 15
181 299 62
181 312 9
181 318 21
182 47 10
182 99 2
182 101 30
182 106 3
182 108 24
182 186 11
182 187 32
182 248 45
182 250 6
182 283 25
182 319 43
183 15 1
183 47 4
183 57 3
183 62 14
183 140 2
183 148 5
183 154 26
183 158 52
183 169 15
183 205 36
183 260 33
183 282 24
184 39 2
184 84 19
184 171 19
184 199 12
184 212 1
184 216 9
184 262 8
184 266 10
184 272 29
184 306 11
184 308 1
185 7 21
185 64 10
185 67 1
185 73 33
185 83 17
185 112 51
185 126 27
185 167 30
185 203 25
185 220 19
185 233 19
185 238 2
185 267 19
185 284 34
185 315 26
186 32 39
186 248 14
186 284 5
186 287 9
186 300 12
186 311 8
186 319 22
187 47 2
187 56 4
187 69 13
187 114 5
187 160 18
187 162 16
187 182 19
187 197 3
187 217 5
187 224 9
187 250 1
187 283 15
188 13 6
188 68 13
188 94 9
188 204 17
188 269 2
188 286 13
188 294 21
189 41 7
189 43 16
189 56 53
189 83 19
189 99 44
189 180 34
189 184 7
189 219 25
189 229 16
189 241 20
189 262 80
189 264 17
189 266 20
189 279 13
189 293 7
189 301 30
190 7 20
190 45 23
190 64 2
190 67 19
190 75 29
190 109 15
190 120 9
190 129 2
190 161 1
190 257 4
190 278 22
190 284 14
190 294 24
190 296 13
191 4 27
191 19 13
191 41 19
191 49 13
191 113 6
191 122 1
191 135 9
191 178 8
191 232 14
191 254 3
191 259 33
191 283 14
191 313 26
192 15 6
192 65 9
192 67 20
192 78 25
192 89 9
192 117 9
192 148 3
192 149 6
192 158 14
192 160 12
192 174 11
192 183 30
192 226 27
192 236 10
192 273 13
193 26 27
193 42 2
193 55 11
193 139 17
193 162 3
193 227 8
193 231 7
193 245 5
193 253 12
193 255 13
193 290 20
193 296 27
193 314 25
194 82 7
194 87 5
194 120 29
194 147 1
194 157 4
194 201 46
194 202 13
194 263 30
194 270 10
195 39 20
195 53 13
195 59 5
195 93 7
195 109 17
195 110 26
195 152 42
195 156 5
195 210 10
195 234 16
195 259 38
195 283 24
195 291 26
195 295 19
195 318 27
196 17 12
196 144 6
196 149 15
196 201 17
196 214 6
196 225 17
196 272 5
196 302 29
196 303 37
196 320 12
197 47 39
197 62 10
197 169 9
197 182 22
197 187 19
197 191 3
197 217 4
197 250 7
197 258 14
197 283 16
197 284 24
197 313 9
197 315 27
197 319 24
198 12 3
198 24 9
198 63 11
198 69 19
198 140 17
198 163 9
198 164 3
198 285 35
198 293 18
199 121 3
199 171 32
199 213 7
199 235 9
199 239 24
199 272 4
199 288 14
200 28 5
200 30 12
200 79 3
200 104 5
200 107 21
200 118 3
200 205 1
200 236 4
200 251 20
200 285 15
200 289 25
200 307 12
201 17 3
201 225 2
201 252 5
201 268 5
201 302 9
201 303 5
202 32 37
202 84 13
202 119 3
202 130 18
202 132 20
202 156 17
202 213 21
202 267 10
202 279 2
202 301 23
203 172 22
203 201 11
203 261 4
203 263 5
203 268 10
203 290 6
203 314 4
204 167 16
204 267 15
204 315 9
205 20 14
205 118 14
205 200 2
206 43 6
206 53 11
206 218 2
206 280 21
206 286 5
206 306 6
206 308 2
206 310 3
207 38 9
207 121 5
207 124 5
207 132 7
207 164 16
207 171 26
207 199 9
207 202 17
207 213 2
207 243 12
207 279 33
207 288 23
207 297 23
207 301 26
208 91 10
208 180 9
208 213 16
208 224 4
208 247 9
208 255 2
208 258 3
208 259 16
208 264 2
208 313 10
208 317 27
209 21 12
209 45 7
209 167 21
209 204 14
209 267 12
209 274 4
209 315 23
210 23 3
210 45 10
210 60 9
210 134 11
210 156 9
210 176 6
210 219 13
210 291 4
211 63 13
211 246 15
211 271 8
211 293 2
211 311 5
212 55 13
212 79 11
212 84 34
212 121 3
212 127 26
212 143 27
212 150 19
212 171 20
212 184 38
212 193 19
212 199 30
212 202 4
212 235 18
212 256 28
212 266 12
212 272 55
212 288 52
213 21 25
213 38 4
213 124 26
213 132 11
213 202 24
213 207 6
213 243 10
213 251 2
213 262 12
213 266 12
213 279 4
213 301 29
214 144 13
214 196 1
214 276 11
214 303 18
215 46 14
215 55 5
215 71 7
215 91 32
215 103 8
215 123 34
215 145 2
215 158 11
215 191 3
215 217 16
215 264 18
215 311 27
215 313 10
216 9 18
216 144 6
216 166 18
216 203 19
216 286 5
216 294 15
216 299 41
217 62 29
217 95 1
217 114 2
217 182 3
217 197 1
217 250 18
217 267 7
217 283 24
217 310 11
217 320 14
218 36 24
218 115 3
218 154 25
218 181 9
218 223 15
218 256 20
218 280 14
218 299 34
218 312 5
218 318 30
219 29 13
219 60 11
219 176 8
219 184 2
219 210 6
219 275 1
219 291 5
219 295 2
220 7 8
220 35 1
220 64 3
220 73 6
220 83 31
220 110 17
220 115 16
220 134 25
220 136 3
220 146 8
220 181 16
220 234 12
220 249 8
220 259 10
220 278 39
221 20 29
221 72 5
221 79 11
221 106 24
221 107 15
221 155 35
221 196 7
221 198 26
221 242 9
221 251 4
221 307 16
222 30 32
222 79 5
222 86 10
222 104 13
222 105 17
222 118 4
222 155 20
222 200 19
222 205 4
222 207 27
222 251 11
222 285 23
222 289 34
222 307 10
223 154 3
223 256 2
223 294 15
223 299 21
223 312 4
223 318 13
224 91 23
224 208 18
224 247 19
224 258 11
224 313 19
224 317 4
225 17 26
225 19 10
225 144 17
225 149 1
225 209 25
225 214 43
225 239 10
225 252 6
225 262 33
225 302 19
225 303 18
226 32 48
226 122 2
226 160 3
226 260 22
226 285 26
226 319 16
227 28 11
227 63 12
227 107 27
227 118 3
227 145 22
227 169 3
227 211 19
227 246 19
227 269 4
227 271 3
227 293 6
228 33 11
228 44 6
228 84 12
228 92 3
228 93 4
228 112 17
228 261 11
228 281 23
229 9 4
229 56 14
229 84 7
229 99 13
229 180 22
229 207 26
229 241 9
229 256 24
229 262 16
229 288 25
229 293 25
230 53 6
230 76 4
230 80 4
230 139 20
230 158 15
230 240 29
230 273 6
230 282 19
230 287 13
230 305 13
230 309 21
230 310 19
230 320 22
231 26 9
231 42 2
231 170 19
231 193 8
231 203 12
231 216 36
231 228 5
231 245 13
231 253 5
231 276 8
231 296 30
232 26 7
232 42 1
232 142 13
232 193 12
232 201 33
232 231 8
232 253 9
232 268 11
232 290 4
233 21 10
233 45 9
233 50 1
233 112 20
233 165 9
233 167 26
233 204 33
233 209 9
233 223 21
233 267 10
233 274 7
233 276 9
233 307 34
233 315 17
234 39 3
234 110 11
234 175 12
234 312 11
235 4 2
235 84 11
235 121 18
235 127 7
235 130 13
235 143 14
235 150 24
235 171 14
235 184 1
235 199 14
235 216 6
235 229 1
235 266 12
235 270 8
235 272 21
235 318 53
236 85 5
236 106 14
236 107 5
236 122 15
236 221 9
236 226 38
236 286 23
236 293 10
237 53 17
237 116 13
237 165 11
237 172 18
237 187 19
237 203 42
237 261 18
237 263 21
237 304 29
237 314 19
238 3 2
238 26 15
238 48 13
238 58 13
238 67 19
238 77 52
238 81 23
238 87 22
238 95 13
238 137 2
238 169 8
238 214 36
238 231 16
238 245 17
238 261 45
238 276 19
239 17 12
239 48 5
239 75 5
239 144 5
239 196 31
239 201 31
239 214 19
239 225 18
239 252 5
239 261 11
239 302 31
239 303 19
240 139 8
240 282 9
240 287 21
240 292 14
240 300 29
240 305 1
240 309 21
240 310 4
240 320 26
241 36 16
241 47 11
241 56 26
241 99 22
241 149 9
241 180 30
241 189 3
241 224 16
241 229 32
241 262 59
241 282 53
241 287 21
242 20 18
242 24 2
242 106 28
242 115 1
242 155 10
242 221 9
242 222 2
242 234 18
242 251 10
243 38 1
243 171 30
243 202 19
243 207 4
243 262 16
243 301 24
244 32 5
244 134 13
244 186 12
244 209 13
244 248 8
244 284 15
244 297 4
244 298 14
244 311 14
244 316 44
244 319 23
245 26 13
245 142 16
245 162 14
245 170 7
245 203 14
245 232 11
245 237 25
245 253 35
245 268 6
245 281 27
245 290 24
245 296 30
246 20 15
246 28 4
246 63 25
246 101 7
246 107 25
246 211 9
246 216 17
246 226 4
246 227 7
246 265 2
246 271 43
247 25 13
247 124 8
247 224 29
247 255 6
247 258 18
247 296 11
247 313 22
247 317 29
248 32 31
248 182 2
248 186 7
248 284 12
248 297 16
248 300 29
248 311 7
248 313 12
248 319 31
249 37 40
249 43 9
249 51 13
249 53 2
249 94 6
249 100 6
249 141 13
249 175 12
249 206 22
249 306 26
250 34 3
250 167 13
250 187 8
250 310 28
251 20 18
251 24 8
251 28 6
251 106 9
251 221 3
251 271 14
251 310 19
252 46 8
252 144 5
252 149 13
252 196 1
252 201 17
252 214 22
252 225 12
252 239 14
252 302 14
252 303 21
252 314 11
253 26 13
253 42 19
253 55 11
253 142 12
253 193 16
253 214 23
253 231 9
253 232 8
253 290 29
253 296 40
254 14 9
254 19 9
254 32 14
254 62 6
254 69 1
254 108 16
254 113 13
254 157 16
254 178 3
254 224 31
254 300 3
254 305 27
255 4 4
255 25 32
255 113 5
255 120 3
255 177 20
255 193 9
255 208 48
255 224 34
255 247 14
255 258 10
255 313 19
255 317 11
256 74 13
256 100 6
256 115 15
256 154 5
256 218 2
256 223 4
256 299 14
256 301 7
256 312 33
256 318 19
257 29 22
257 41 8
257 60 17
257 75 10
257 125 11
257 130 37
257 176 4
257 188 12
257 210 28
257 219 47
258 25 3
258 36 3
258 197 19
258 208 22
258 224 13
258 255 6
258 313 34
258 317 23
259 11 2
259 36 27
259 119 13
259 275 3
259 278 6
259 280 27
259 292 15
259 304 3
259 312 17
260 158 10
260 160 21
260 277 13
260 287 11
260 311 30
261 172 5
261 203 9
261 231 4
261 237 11
261 263 9
261 268 9
261 314 38
262 301 9
263 36 7
263 172 8
263 203 11
263 237 3
263 261 25
263 304 7
263 314 29
264 56 10
264 91 16
264 103 6
264 145 5
264 255 8
265 28 9
265 50 14
265 63 14
265 106 3
265 107 18
265 211 35
265 221 9
265 227 13
265 246 40
265 271 10
265 289 10
266 46 22
266 143 1
266 150 8
266 171 12
266 184 2
266 199 10
266 208 13
266 300 22
267 45 7
267 167 9
267 204 22
267 315 18
268 142 3
268 172 17
268 203 11
268 237 23
268 261 24
268 263 26
268 290 6
268 314 30
269 5 1
269 13 8
269 23 29
269 54 6
269 61 20
269 68 11
269 77 3
269 96 13
269 97 14
269 133 1
269 188 3
269 232 8
269 235 6
269 243 13
269 279 2
270 36 1
270 49 6
270 75 16
270 87 36
270 158 34
270 194 10
270 274 38
271 63 18
271 211 10
271 265 22
271 293 11
272 60 15
272 84 32
272 121 4
272 150 8
272 171 22
272 199 25
272 237 4
272 266 7
272 304 6
273 80 16
273 139 11
273 186 7
273 230 33
273 240 50
273 282 13
273 287 41
273 305 15
273 309 26
273 310 7
273 320 35
274 21 25
274 45 13
274 167 2
274 204 11
274 209 8
274 233 2
274 267 3
274 276 5
274 315 7
275 175 12
275 234 11
275 259 1
275 278 26
275 280 20
275 292 7
275 308 12
276 21 3
276 45 6
276 167 3
276 203 8
276 204 4
276 209 4
276 233 5
276 267 28
276 274 3
276 304 13
277 12 10
277 24 41
277 35 1
277 52 4
277 69 25
277 101 8
277 140 4
277 163 32
277 186 15
277 198 36
277 260 20
278 36 4
278 202 8
278 275 15
278 280 1
278 292 7
279 38 1
279 124 26
279 132 26
279 202 9
279 207 18
279 213 10
279 243 22
279 262 37
279 301 42
280 43 1
280 119 16
280 256 3
280 259 3
280 275 1
280 278 11
280 294 1
280 308 17
281 16 6
281 33 2
281 83 16
281 93 28
281 112 23
281 188 16
281 228 11
281 296 10
281 306 16
281 314 10
281 315 18
282 80 4
282 139 3
282 145 1
282 240 19
282 287 3
282 305 4
282 310 7
282 320 51
283 9 10
283 47 3
283 250 22
283 316 44
284 32 18
284 186 15
284 297 1
284 300 11
284 309 3
284 311 1
284 319 26
285 30 4
285 205 16
285 222 3
285 246 1
285 271 12
285 289 2
286 88 5
286 106 3
286 294 11
286 308 23
287 80 11
287 230 1
287 282 8
287 300 26
287 305 5
287 309 15
287 310 13
287 320 29
288 84 5
288 121 13
288 171 67
288 184 12
288 199 24
288 235 1
288 266 9
288 272 10
288 301 14
289 30 6
289 200 4
289 205 20
289 271 34
289 285 11
289 293 2
290 26 6
290 57 2
290 142 8
290 162 10
290 194 10
290 232 10
290 296 10
291 39 11
291 53 12
291 73 3
291 110 32
291 150 6
291 152 1
291 175 2
291 195 5
291 234 19
291 295 11
292 36 34
292 37 13
292 119 3
292 154 6
292 275 1
292 280 7
292 308 17
293 56 8
293 99 5
293 180 5
293 189 16
293 211 17
293 241 7
293 262 42
294 53 2
294 88 16
294 93 8
294 94 1
294 115 3
294 166 17
294 216 20
294 286 19
294 299 12
295 39 26
295 74 4
295 110 52
295 156 10
295 175 12
295 195 7
295 234 35
295 261 15
296 70 2
296 142 9
296 170 4
296 232 8
296 261 21
297 32 63
297 186 32
297 244 6
297 248 12
297 284 5
297 298 5
297 300 17
297 311 14
297 316 33
297 319 42
298 32 17
298 186 11
298 244 17
298 248 12
298 284 36
298 297 9
298 300 34
298 311 31
298 316 23
298 319 26
299 223 3
299 234 9
299 318 3
300 244 20
300 248 10
300 284 19
300 297 1
300 311 27
300 319 17
301 124 7
301 212 5
301 243 14
302 144 11
302 149 10
302 201 3
302 214 8
302 303 6
303 17 5
303 144 20
303 196 7
303 201 12
303 214 27
303 225 3
303 239 6
303 302 12
303 316 31
304 25 26
304 87 5
304 172 40
304 203 45
304 261 2
304 263 23
304 268 22
304 314 47
305 80 24
305 139 3
305 230 9
305 240 7
305 282 16
305 309 16
305 310 2
305 320 34
306 51 1
306 166 25
306 206 9
306 286 8
307 30 12
307 104 11
307 118 8
307 200 10
307 205 38
307 285 18
307 289 24
308 36 10
308 88 14
308 166 11
308 259 6
308 275 1
308 278 17
308 280 11
308 292 18
309 80 2
309 139 5
309 260 25
309 282 19
309 305 27
309 310 19
309 320 28
310 139 2
310 240 4
310 287 4
310 305 5
310 320 16
311 186 10
311 248 15
311 284 19
311 297 2
311 316 6
311 319 9
312 218 7
312 299 25
312 318 23
313 25 27
313 208 15
313 317 27
314 203 6
314 237 9
315 167 2
315 233 2
316 298 4
317 208 6
317 255 11
318 154 13
318 223 16
318 256 2
319 186 2
319 244 2
320 310 22
