0 19 7
0 22 28
0 25 10
0 27 16
0 53 9
0 64 6
0 77 9
0 81 5
0 119 8
0 152 23
0 171 6
0 201 23
0 202 15
0 257 9
0 276 18
0 302 26
1 10 17
1 25 5
1 40 24
1 76 18
1 80 39
1 84 35
1 89 4
1 99 19
1 112 7
1 135 24
1 143 3
1 154 7
1 193 13
1 201 7
1 209 13
1 260 26
1 277 7
1 325 24
2 5 9
2 14 23
2 33 11
2 40 32
2 80 11
2 84 11
2 89 12
2 99 15
2 101 34
2 112 5
2 193 33
2 206 7
2 209 12
2 222 32
2 234 10
2 271 18
2 295 12
2 297 23
2 319 31
3 28 20
3 39 15
3 104 9
3 129 12
3 136 26
3 156 17
3 167 2
3 207 6
3 246 34
3 257 17
3 262 6
3 298 7
4 18 31
4 23 12
4 57 21
4 64 11
4 65 13
4 67 3
4 82 12
4 94 29
4 106 6
4 122 17
4 155 36
4 165 14
4 200 38
4 212 8
4 213 20
4 227 16
4 293 26
4 306 8
5 3 28
5 7 26
5 56 11
5 63 34
5 131 17
5 143 1
5 144 21
5 146 24
5 157 17
5 163 12
5 171 1
5 198 11
5 246 24
5 255 23
5 281 49
5 287 31
5 288 13
5 292 31
5 305 28
6 8 25
6 13 14
6 86 1
6 118 12
6 130 11
6 134 3
6 152 14
6 157 1
6 170 16
6 177 2
6 193 12
6 221 16
6 225 18
6 231 16
6 318 27
7 66 38
7 109 9
7 147 18
7 187 25
7 204 15
7 207 14
7 215 8
7 218 6
7 231 5
7 258 34
7 261 5
7 264 26
7 269 4
8 13 5
8 219 27
8 312 7
8 318 2
9 10 25
9 11 47
9 12 5
9 18 56
9 23 8
9 30 10
9 39 41
9 41 37
9 48 52
9 62 22
9 80 10
9 132 27
9 150 33
9 186 5
9 208 23
9 211 1
9 239 29
9 272 20
9 298 32
9 310 30
10 11 8
10 34 14
10 128 6
10 141 8
10 251 3
10 266 17
10 273 13
10 281 23
10 302 1
10 315 4
11 13 16
11 63 3
11 190 14
11 192 11
11 196 2
11 233 27
11 267 16
11 303 1
11 305 32
11 307 21
11 310 2
11 324 54
12 2 21
12 4 6
12 10 25
12 11 44
12 16 11
12 43 6
12 87 13
12 92 20
12 98 18
12 101 31
12 117 2
12 119 6
12 122 10
12 145 12
12 158 22
12 180 31
12 196 2
12 242 28
12 284 35
13 96 14
13 131 11
13 133 3
13 160 7
13 217 3
13 225 7
13 236 10
13 321 20
14 3 15
14 41 5
14 83 9
14 208 22
14 218 14
14 259 19
14 276 6
14 296 4
14 299 42
14 324 13
15 16 4
15 17 17
15 21 11
15 88 26
15 90 14
15 100 3
15 103 3
15 108 1
15 137 2
15 140 22
15 145 12
15 191 8
15 194 4
15 199 15
15 292 30
15 326 36
16 12 13
16 42 11
16 43 7
16 55 19
16 67 6
16 118 9
16 154 3
16 179 3
16 270 24
16 272 13
16 288 6
16 323 20
17 19 1
17 20 4
17 24 12
17 44 10
17 70 17
17 85 14
17 93 5
17 96 4
17 97 12
17 130 18
17 148 24
17 157 11
17 215 18
17 235 27
17 241 23
17 247 14
17 269 9
17 282 10
18 200 16
18 216 3
18 290 28
18 293 8
18 294 16
18 295 20
18 302 12
18 309 20
18 313 27
19 9 2
19 28 29
19 42 14
19 50 55
19 68 15
19 69 23
19 71 14
19 74 8
19 77 16
19 99 6
19 139 9
19 160 35
19 205 39
19 212 18
19 223 29
19 259 24
19 263 10
19 288 31
19 289 13
20 0 19
20 14 34
20 21 10
20 25 11
20 27 3
20 35 43
20 53 17
20 81 13
20 87 12
20 106 3
20 140 1
20 145 5
20 152 35
20 169 8
20 193 16
20 201 19
20 203 29
20 220 12
20 223 33
20 253 35
20 306 21
21 4 3
21 22 39
21 23 63
21 37 7
21 57 11
21 65 18
21 82 9
21 94 21
21 97 13
21 124 9
21 134 28
21 155 40
21 165 35
21 184 24
21 213 63
21 250 52
21 282 17
21 307 54
22 128 19
22 197 19
22 202 12
22 251 6
22 266 1
23 7 3
23 146 20
23 151 3
23 165 7
23 181 23
23 213 6
23 225 17
23 267 10
23 295 16
24 23 12
24 68 17
24 85 30
24 97 5
24 130 74
24 148 14
24 180 27
24 188 13
24 247 30
24 269 32
24 276 3
24 282 27
24 300 23
25 0 11
25 53 8
25 87 10
25 169 2
25 181 24
25 216 10
25 230 11
25 274 37
25 306 12
26 61 3
26 75 20
26 76 16
26 79 27
26 105 22
26 125 12
26 135 10
26 208 12
26 307 15
26 325 43
27 0 9
27 16 12
27 25 30
27 53 2
27 61 25
27 76 46
27 81 13
27 87 3
27 107 29
27 152 7
27 175 28
27 201 11
27 221 5
27 251 18
27 277 19
27 278 20
27 309 30
28 11 16
28 23 8
28 48 8
28 55 21
28 104 1
28 111 8
28 133 7
28 136 12
28 156 5
28 246 14
28 257 21
28 262 8
28 263 8
29 13 16
29 28 26
29 41 13
29 48 20
29 102 14
29 131 36
29 133 26
29 142 17
29 198 2
29 210 19
29 225 16
29 234 22
29 236 13
29 240 3
29 263 17
29 310 5
30 6 21
30 24 4
30 70 39
30 77 9
30 109 19
30 121 15
30 127 10
30 134 27
30 151 13
30 156 15
30 157 8
30 165 9
30 170 41
30 177 45
30 231 13
30 233 33
30 248 16
31 3 50
31 28 22
31 39 12
31 54 22
31 55 3
31 104 17
31 129 24
31 136 24
31 156 11
31 217 7
31 245 3
31 246 3
31 257 34
31 262 10
31 287 7
31 298 5
31 310 3
32 72 6
32 78 1
32 126 20
32 161 11
32 173 12
32 183 4
32 205 10
32 227 14
32 229 4
32 280 52
32 289 1
32 316 8
33 40 26
33 76 9
33 84 20
33 99 10
33 101 8
33 115 5
33 150 13
33 167 13
33 234 7
33 288 11
33 322 28
34 10 17
34 22 16
34 36 10
34 91 12
34 128 44
34 141 3
34 172 11
34 199 4
34 266 22
34 267 9
34 273 5
34 297 31
34 298 7
34 310 12
34 315 8
35 40 19
35 47 20
35 58 4
35 207 20
35 243 16
35 250 13
35 278 15
35 315 5
36 10 18
36 22 2
36 65 8
36 89 2
36 126 21
36 128 25
36 134 9
36 141 21
36 220 14
36 251 19
36 266 23
36 297 12
36 311 4
36 312 2
36 315 16
37 4 13
37 6 21
37 21 1
37 23 15
37 33 2
37 57 21
37 61 16
37 65 12
37 94 13
37 116 23
37 125 19
37 155 15
37 165 7
37 167 4
37 213 15
37 304 28
37 305 19
37 307 3
37 312 33
38 45 18
38 136 6
38 180 4
38 237 19
38 270 2
38 300 7
39 8 12
39 41 8
39 48 14
39 62 2
39 298 18
39 324 10
40 2 3
40 76 3
40 149 45
40 158 16
40 191 8
40 193 6
40 201 7
40 202 2
40 219 25
40 279 15
41 9 8
41 39 11
41 48 8
41 62 20
41 132 1
41 142 5
41 240 5
41 263 8
41 296 10
41 298 11
41 310 17
42 279 3
42 289 13
43 16 10
43 35 27
43 49 20
43 89 5
43 92 2
43 115 2
43 119 15
43 128 37
43 152 8
43 158 12
43 174 29
43 189 36
43 311 25
43 319 53
44 7 3
44 52 12
44 59 9
44 66 38
44 73 39
44 86 19
44 121 27
44 124 9
44 187 8
44 204 3
44 215 48
44 224 8
44 248 35
44 249 21
44 322 35
45 51 12
45 88 7
45 114 12
45 182 5
45 254 18
45 265 11
45 270 17
45 286 2
46 14 16
46 70 15
46 79 19
46 124 6
46 135 16
46 188 2
46 203 12
46 211 11
46 214 17
46 218 3
46 239 13
46 262 1
46 306 4
46 308 26
46 310 21
47 22 7
47 32 11
47 149 25
47 185 4
47 219 3
47 264 5
48 14 6
48 39 1
48 41 26
48 62 1
48 142 19
48 208 13
48 236 7
49 8 14
49 10 2
49 174 55
49 191 8
49 217 2
49 224 13
49 245 11
49 256 1
50 38 14
50 42 25
50 49 8
50 160 13
50 212 18
50 229 11
50 238 17
50 289 21
50 300 4
51 38 17
51 58 39
51 173 6
51 180 16
51 210 14
51 237 24
51 252 3
51 254 6
51 265 6
51 270 16
51 300 12
52 44 6
52 73 18
52 167 6
52 187 3
52 204 17
52 244 7
52 258 33
52 278 5
52 322 8
53 0 4
53 20 4
53 25 48
53 27 31
53 75 9
53 79 35
53 81 21
53 87 19
53 93 1
53 118 26
53 152 13
53 169 13
53 181 47
53 200 21
53 201 13
53 203 12
53 209 12
53 260 29
53 272 21
53 290 44
54 50 17
54 74 5
54 98 16
54 110 1
54 113 12
54 182 7
54 184 3
54 205 5
54 237 17
55 3 18
55 104 8
55 129 12
55 136 16
55 149 25
55 156 21
55 217 16
55 257 2
55 262 13
55 263 7
55 268 2
55 315 15
56 13 32
56 63 13
56 68 20
56 90 7
56 111 24
56 143 3
56 144 28
56 146 10
56 163 7
56 166 4
56 167 26
56 171 25
56 187 20
56 193 9
56 250 14
56 292 34
57 1 15
57 21 5
57 23 33
57 37 3
57 64 15
57 65 2
57 82 9
57 85 6
57 94 8
57 131 21
57 144 6
57 165 15
57 181 30
57 196 18
57 213 5
57 252 15
57 258 38
57 296 35
58 104 8
58 176 12
58 180 13
58 237 25
58 266 6
58 300 5
59 15 9
59 63 25
59 90 12
59 103 9
59 108 12
59 137 25
59 140 18
59 152 12
59 161 39
59 206 4
59 227 24
59 251 15
59 271 21
59 326 38
60 18 15
60 26 15
60 37 4
60 61 14
60 75 20
60 105 22
60 135 17
60 170 13
60 203 18
60 210 17
60 221 3
60 240 10
60 308 35
60 321 18
61 60 7
61 91 4
61 186 3
61 207 9
62 39 11
62 41 2
62 48 33
62 131 14
62 132 8
62 187 6
62 298 2
62 306 5
62 310 4
63 42 2
63 68 11
63 136 7
63 146 12
63 163 13
63 165 4
63 222 15
63 257 2
63 280 28
63 281 26
63 321 20
64 21 7
64 23 25
64 37 30
64 56 2
64 57 2
64 65 16
64 67 19
64 82 5
64 94 62
64 100 10
64 107 27
64 118 12
64 155 12
64 183 40
64 213 10
64 235 22
64 250 36
64 271 22
65 4 5
65 23 7
65 25 26
65 30 13
65 56 3
65 57 20
65 64 2
65 79 33
65 82 9
65 132 10
65 155 42
65 165 8
65 183 13
65 211 10
65 213 13
65 241 9
65 307 24
65 313 26
66 109 8
66 138 4
66 258 13
66 264 13
67 38 28
67 45 7
67 126 33
67 129 3
67 155 14
67 241 16
67 254 15
67 270 21
67 275 3
67 300 14
68 5 18
68 6 28
68 56 12
68 63 14
68 112 2
68 121 30
68 143 9
68 163 22
68 171 5
68 187 18
68 196 32
68 202 29
68 242 17
68 263 27
68 287 8
68 292 28
69 32 19
69 42 20
69 50 12
69 77 6
69 110 3
69 119 2
69 123 1
69 160 7
69 212 5
69 228 13
69 241 12
69 285 6
69 289 14
69 303 19
70 37 19
70 46 17
70 58 22
70 188 4
70 209 14
70 210 6
70 211 21
70 218 19
70 226 17
70 232 13
70 260 18
70 306 3
70 308 34
71 17 14
71 19 8
71 42 7
71 45 27
71 50 20
71 84 4
71 149 46
71 160 43
71 189 29
71 212 6
71 288 19
72 78 3
72 126 12
72 161 13
72 227 6
72 275 10
72 307 6
72 316 11
72 321 19
73 67 6
73 113 25
73 121 2
73 126 1
73 133 4
73 147 3
73 188 5
73 215 4
73 248 12
73 291 6
73 314 7
74 42 9
74 52 8
74 54 15
74 62 11
74 98 8
74 110 10
74 113 33
74 119 8
74 120 11
74 147 13
74 168 4
74 205 49
74 268 18
74 284 4
74 286 3
75 54 20
75 61 15
75 107 13
75 125 4
75 153 21
75 172 23
75 202 11
75 203 3
75 221 9
75 243 13
76 1 17
76 75 11
76 80 8
76 99 2
76 135 16
76 164 1
76 175 7
76 178 8
76 193 8
76 209 4
76 274 18
76 277 2
77 13 14
77 42 24
77 50 10
77 69 8
77 71 6
77 98 12
77 156 26
77 158 13
77 160 8
77 262 13
77 287 21
78 38 3
78 72 9
78 126 13
78 161 2
78 173 17
78 227 19
78 236 14
78 252 10
78 275 8
78 311 2
78 316 10
79 95 4
79 181 5
79 190 8
79 210 21
79 244 7
79 301 33
79 308 5
79 320 46
80 61 7
80 76 7
80 94 8
80 130 3
80 181 13
80 193 12
80 209 9
80 230 10
80 319 19
81 20 7
81 25 8
81 27 3
81 83 27
81 87 10
81 106 6
81 108 1
81 128 32
81 152 4
81 169 10
81 170 7
81 201 2
81 220 14
81 289 26
81 315 18
81 318 2
82 4 11
82 23 26
82 37 10
82 60 1
82 65 5
82 80 18
82 94 19
82 155 1
82 170 27
82 195 9
82 213 15
82 214 18
82 231 12
82 260 14
82 290 72
82 308 23
83 176 5
83 208 16
83 234 5
83 259 18
83 296 2
83 299 38
84 2 7
84 33 24
84 34 11
84 76 13
84 79 34
84 80 2
84 101 6
84 177 10
84 193 28
84 234 1
84 243 18
84 260 41
84 270 29
84 283 22
84 290 12
85 17 5
85 24 2
85 50 26
85 97 17
85 130 25
85 148 15
85 157 25
85 244 15
85 282 6
85 317 14
85 323 39
86 0 2
86 6 5
86 24 23
86 30 11
86 62 22
86 91 14
86 121 6
86 134 29
86 157 3
86 170 10
86 177 19
86 207 30
86 215 6
86 225 17
86 231 14
86 233 14
86 248 16
86 289 16
87 0 14
87 36 17
87 47 6
87 106 3
87 141 36
87 201 8
87 209 20
87 273 11
87 283 28
87 309 22
88 38 14
88 54 3
88 95 20
88 96 8
88 104 7
88 183 16
88 228 8
88 254 21
88 265 25
88 281 34
88 284 38
88 285 9
88 316 26
89 16 21
89 50 3
89 52 16
89 56 8
89 95 15
89 100 9
89 115 19
89 119 14
89 126 12
89 159 23
89 179 11
89 194 9
89 288 8
90 15 7
90 16 4
90 43 4
90 59 3
90 140 13
90 145 8
90 166 14
90 185 19
90 206 10
90 251 22
90 273 8
90 280 4
90 318 7
91 7 19
91 28 5
91 30 6
91 66 23
91 109 23
91 131 6
91 147 20
91 151 9
91 187 27
91 188 3
91 204 7
91 218 1
91 258 57
91 264 18
91 285 3
91 323 9
92 16 17
92 20 2
92 22 10
92 49 3
92 55 4
92 81 3
92 89 8
92 115 5
92 158 4
92 251 10
92 272 13
92 315 27
92 318 17
93 4 3
93 17 3
93 21 17
93 24 28
93 85 36
93 96 14
93 97 28
93 130 26
93 148 17
93 199 26
93 231 8
93 234 33
93 240 39
93 247 27
93 264 35
93 269 18
93 282 71
94 23 14
94 61 26
94 65 2
94 82 6
94 147 9
94 155 8
94 165 9
94 178 20
94 210 28
94 216 21
94 227 33
94 260 2
94 294 5
94 313 28
95 88 11
95 173 12
95 183 3
95 221 5
95 228 12
95 265 5
95 270 28
95 280 9
95 281 41
95 284 44
95 285 1
95 300 9
96 45 7
96 88 3
96 95 3
96 140 15
96 183 1
96 228 21
96 246 21
96 254 12
96 265 15
96 270 29
96 281 58
96 284 31
96 285 21
97 17 13
97 24 8
97 85 7
97 125 16
97 130 23
97 148 27
97 151 7
97 170 8
97 247 41
97 249 7
97 269 12
97 282 11
97 311 10
97 319 19
98 74 7
98 113 26
98 120 10
98 136 6
98 180 4
98 205 7
98 253 13
98 268 20
98 301 26
99 33 4
99 34 30
99 40 7
99 50 3
99 65 11
99 80 11
99 84 17
99 101 8
99 112 21
99 148 25
99 196 26
99 209 23
99 223 27
99 234 10
99 239 6
99 263 12
100 12 8
100 16 17
100 32 28
100 77 17
100 87 6
100 89 9
100 119 16
100 122 13
100 154 27
100 158 18
100 179 37
100 194 14
100 197 12
100 212 12
100 229 19
100 250 50
100 289 11
100 316 38
101 3 15
101 31 36
101 33 8
101 40 27
101 80 6
101 99 4
101 105 15
101 122 11
101 167 21
101 246 8
101 260 6
101 286 28
101 315 20
102 13 36
102 131 24
102 133 22
102 136 1
102 142 7
102 151 16
102 167 32
102 236 42
102 240 21
102 257 14
102 319 27
102 324 19
103 15 21
103 29 20
103 43 7
103 59 18
103 90 37
103 108 39
103 137 28
103 139 11
103 140 16
103 145 5
103 171 15
103 199 15
103 206 19
103 237 48
103 282 11
103 286 28
103 287 22
103 326 34
104 31 16
104 55 9
104 72 14
104 129 8
104 131 7
104 136 10
104 156 7
104 182 1
104 257 6
104 318 15
105 75 10
105 98 3
105 110 10
105 149 36
105 203 17
105 323 8
106 0 5
106 20 1
106 25 17
106 27 6
106 37 1
106 44 12
106 53 26
106 75 12
106 87 13
106 117 12
106 152 13
106 169 4
106 198 20
106 201 7
106 242 16
106 297 37
107 8 2
107 10 17
107 164 2
107 219 49
107 242 18
107 299 36
107 312 7
107 318 9
107 326 32
108 15 20
108 38 26
108 54 14
108 59 24
108 90 37
108 106 6
108 137 10
108 140 7
108 145 6
108 175 22
108 222 19
108 318 22
108 325 38
109 7 2
109 66 1
109 147 1
109 239 12
109 244 17
109 258 12
109 264 25
109 271 8
109 307 14
110 15 9
110 42 3
110 54 14
110 74 1
110 98 12
110 113 72
110 120 12
110 197 6
110 205 16
110 253 19
110 267 3
110 268 16
111 8 6
111 107 13
111 131 9
111 151 7
111 172 11
111 178 10
111 190 6
111 219 16
111 242 5
111 267 48
111 312 19
111 318 27
111 320 21
112 1 3
112 2 3
112 10 41
112 33 62
112 40 23
112 75 11
112 76 29
112 80 13
112 81 3
112 84 5
112 99 6
112 101 28
112 122 21
112 163 19
112 166 18
112 168 27
112 177 18
112 209 16
112 234 19
112 259 41
112 260 26
113 32 2
113 126 19
113 301 3
114 8 22
114 107 8
114 111 6
114 141 8
114 164 29
114 172 6
114 175 3
114 176 25
114 219 15
114 222 12
114 250 24
114 312 31
114 318 12
114 320 43
114 323 29
115 51 6
115 100 1
115 119 3
115 155 6
115 158 28
115 176 11
115 281 35
115 320 34
115 325 37
116 38 20
116 45 32
116 50 13
116 67 17
116 85 38
116 89 14
116 241 16
116 252 11
116 254 38
116 270 31
116 275 44
116 288 25
116 292 25
116 300 10
116 303 11
117 12 17
117 16 28
117 43 16
117 69 16
117 72 36
117 78 23
117 89 2
117 92 55
117 100 22
117 119 15
117 122 32
117 154 13
117 158 13
117 160 15
117 171 20
117 179 13
117 189 45
117 245 24
117 292 22
117 309 34
117 325 40
118 79 4
118 153 14
118 178 18
118 255 2
118 260 3
118 274 3
118 283 13
118 302 12
118 319 15
118 325 28
119 71 29
119 88 11
119 89 10
119 92 23
119 100 6
119 115 10
119 125 9
119 158 31
119 179 13
119 194 14
119 228 19
119 246 23
119 303 19
120 54 13
120 67 3
120 74 10
120 98 2
120 110 11
120 113 6
120 174 12
120 205 4
120 238 10
120 271 19
120 275 5
120 286 2
121 11 7
121 44 9
121 52 36
121 73 12
121 188 2
121 204 24
121 215 25
121 248 15
121 249 32
121 317 31
122 12 6
122 16 15
122 43 14
122 89 1
122 92 7
122 115 38
122 117 12
122 120 15
122 173 8
122 205 17
122 249 26
122 265 23
122 275 10
123 42 51
123 50 42
123 69 16
123 71 16
123 77 21
123 89 17
123 96 22
123 98 7
123 101 3
123 116 18
123 159 13
123 160 20
123 179 27
123 191 16
123 238 18
123 288 29
123 289 32
124 25 1
124 46 35
124 60 10
124 70 40
124 80 13
124 132 11
124 186 16
124 188 20
124 192 10
124 210 30
124 211 3
124 214 7
124 218 16
124 232 21
124 306 7
124 308 71
125 33 21
125 60 18
125 61 65
125 75 7
125 102 6
125 105 13
125 135 4
125 167 11
125 169 3
125 178 33
125 202 6
125 203 7
125 221 15
125 253 26
125 260 16
126 113 14
126 161 6
126 173 18
126 174 5
126 227 15
126 229 22
127 26 18
127 39 12
127 86 5
127 88 3
127 91 2
127 109 7
127 138 26
127 151 16
127 235 7
127 244 22
127 261 4
127 291 5
127 298 15
127 304 18
127 317 19
127 322 42
128 10 6
128 22 1
128 45 4
128 78 17
128 185 14
128 199 7
128 266 9
129 11 24
129 27 18
129 28 31
129 42 19
129 55 4
129 102 16
129 104 33
129 136 21
129 156 17
129 158 21
129 181 20
129 217 16
129 235 11
129 257 20
129 287 4
130 47 7
130 187 12
130 211 3
130 232 8
130 233 6
130 247 4
130 269 22
131 13 33
131 133 2
131 165 4
131 181 20
131 198 11
131 236 16
131 238 6
131 296 5
131 305 11
132 9 6
132 18 2
132 39 18
132 41 5
132 48 25
132 62 24
132 186 10
132 226 19
132 298 17
132 305 6
132 310 8
132 313 19
132 324 18
133 13 13
133 102 3
133 131 3
133 193 1
133 217 3
133 236 12
133 259 14
133 263 3
133 276 6
134 6 4
134 48 12
134 52 7
134 82 5
134 102 14
134 118 30
134 147 4
134 152 14
134 157 13
134 170 12
134 177 9
134 218 13
134 221 20
134 225 11
134 320 35
135 6 9
135 26 7
135 60 8
135 61 1
135 66 7
135 105 6
135 118 11
135 178 10
135 202 16
135 208 25
135 244 13
135 325 12
136 69 9
136 104 24
136 217 4
136 268 11
136 305 31
137 15 3
137 35 27
137 47 26
137 90 10
137 99 7
137 108 2
137 140 14
137 185 13
137 207 17
137 251 7
137 285 12
137 292 9
137 318 10
137 323 23
138 52 3
138 121 3
138 164 12
138 232 25
138 235 6
138 244 8
138 291 8
138 304 19
138 311 21
138 322 14
139 28 15
139 41 5
139 42 5
139 50 9
139 69 29
139 71 20
139 89 2
139 99 6
139 123 13
139 160 6
139 191 4
139 195 11
139 212 29
139 272 27
139 288 15
139 289 28
140 79 16
140 90 14
140 103 5
140 108 7
140 114 36
140 115 17
140 137 12
140 144 13
140 158 7
140 199 16
140 243 9
140 312 17
140 320 33
141 10 7
141 22 5
141 34 2
141 128 7
141 197 9
141 251 1
141 266 1
141 273 4
141 285 14
141 315 13
141 320 28
142 3 32
142 13 19
142 14 13
142 63 17
142 102 3
142 131 20
142 133 28
142 150 2
142 167 5
142 172 28
142 198 10
142 225 22
142 236 48
142 257 11
142 298 13
143 5 6
143 14 12
143 15 27
143 25 4
143 51 34
143 56 30
143 57 15
143 63 41
143 68 13
143 146 30
143 163 27
143 171 32
143 190 35
143 271 26
143 287 10
143 288 16
143 292 12
143 324 29
143 325 53
144 8 27
144 39 1
144 56 4
144 62 9
144 63 21
144 76 2
144 124 4
144 143 7
144 147 21
144 171 7
144 185 38
144 292 33
144 299 33
145 15 55
145 59 18
145 103 15
145 108 7
145 113 27
145 126 41
145 137 44
145 140 29
145 160 50
145 162 50
145 197 22
145 206 23
145 212 11
145 263 15
145 266 48
146 56 8
146 63 29
146 68 22
146 106 3
146 108 1
146 144 13
146 161 38
146 192 5
146 250 6
146 253 27
146 287 7
146 292 16
146 316 33
147 66 8
147 109 8
147 164 9
147 187 4
147 261 6
147 264 14
147 269 3
147 278 28
148 17 15
148 21 6
148 24 22
148 66 6
148 85 21
148 130 29
148 138 9
148 146 9
148 204 30
148 223 41
148 247 28
148 248 15
148 269 25
148 282 32
148 291 19
148 317 41
148 319 45
149 35 11
149 185 28
149 207 9
149 220 5
149 250 6
149 279 1
150 6 12
150 9 8
150 39 14
150 41 18
150 48 20
150 62 11
150 132 40
150 138 12
150 186 15
150 198 2
150 208 16
150 245 9
150 277 29
150 298 37
150 310 3
151 85 16
151 127 12
151 138 27
151 181 15
151 235 32
151 244 3
151 249 23
151 261 17
151 291 34
151 304 9
151 317 31
151 322 24
152 25 7
152 81 14
152 87 24
152 137 17
152 201 6
152 251 11
152 266 16
152 273 5
152 278 17
152 288 19
152 297 15
153 283 6
153 290 16
153 302 3
153 319 19
153 323 28
153 325 8
154 12 6
154 16 9
154 22 27
154 38 23
154 43 13
154 56 1
154 57 7
154 92 52
154 95 36
154 98 18
154 108 27
154 115 5
154 117 2
154 122 22
154 179 8
154 182 30
154 194 6
154 196 15
154 284 30
155 23 1
155 53 2
155 57 2
155 81 17
155 82 5
155 94 19
155 165 13
155 181 24
155 190 6
155 213 12
155 255 15
155 294 41
155 314 9
156 26 17
156 28 36
156 56 5
156 74 4
156 102 8
156 129 13
156 133 14
156 136 7
156 165 8
156 246 7
156 257 18
156 263 10
157 6 39
157 30 7
157 66 15
157 73 22
157 83 23
157 84 9
157 86 23
157 92 3
157 101 5
157 170 14
157 177 4
157 188 2
157 214 1
157 225 12
157 231 42
157 269 21
158 89 25
158 90 18
158 100 21
158 119 13
158 128 5
158 156 13
158 174 24
158 194 17
158 252 8
158 287 12
158 301 7
159 49 31
159 116 9
159 174 55
159 182 21
159 191 14
159 224 18
159 238 14
159 256 3
159 275 5
159 279 32
159 300 18
160 42 9
160 92 4
160 173 10
160 212 5
160 236 5
160 288 7
160 316 11
161 72 8
161 78 2
161 113 5
161 197 10
161 205 7
161 229 10
161 237 22
161 275 12
161 280 22
161 301 16
161 316 9
162 71 1
162 189 12
162 191 7
162 223 17
162 253 9
162 271 25
162 301 32
162 311 14
162 321 26
162 324 23
162 326 21
163 28 14
163 33 10
163 44 1
163 61 26
163 63 14
163 68 3
163 87 17
163 90 7
163 142 29
163 143 8
163 144 16
163 146 4
163 171 18
163 287 21
163 289 13
163 292 41
164 8 46
164 111 1
164 176 5
164 219 14
164 278 8
164 312 18
164 318 12
164 319 14
164 320 33
165 23 24
165 37 8
165 82 24
165 132 13
165 176 12
165 210 34
165 213 11
165 234 17
165 247 18
165 267 24
165 275 9
165 287 11
165 325 37
166 0 17
166 12 15
166 15 17
166 20 17
166 24 17
166 25 16
166 27 36
166 44 8
166 47 20
166 53 11
166 81 15
166 87 102
166 106 28
166 152 25
166 163 6
166 169 15
166 178 31
166 201 18
166 209 16
166 246 8
166 299 28
167 13 29
167 29 10
167 79 17
167 102 12
167 133 13
167 196 18
167 225 9
167 236 17
167 307 11
167 310 4
168 42 28
168 54 29
168 74 16
168 98 17
168 110 16
168 113 46
168 120 24
168 122 4
168 133 2
168 194 7
168 205 15
168 224 18
168 268 23
168 286 22
168 316 15
169 0 4
169 19 10
169 25 30
169 27 39
169 53 18
169 64 9
169 75 11
169 84 16
169 87 22
169 107 24
169 152 16
169 164 35
169 200 16
169 201 10
169 274 15
169 283 42
169 306 40
170 6 10
170 66 17
170 86 7
170 177 14
170 225 25
170 228 2
170 231 4
170 264 2
170 313 4
171 5 8
171 56 1
171 63 17
171 68 8
171 122 17
171 144 13
171 146 5
171 149 16
171 162 8
171 163 12
171 239 7
171 271 7
171 276 14
171 292 9
171 299 21
172 8 20
172 26 10
172 105 10
172 107 2
172 111 12
172 164 27
172 219 28
172 312 8
172 318 9
173 32 28
173 72 5
173 149 6
173 161 31
173 197 12
173 224 16
173 227 19
173 229 15
173 275 10
173 311 21
173 316 18
174 189 3
174 224 7
174 301 14
174 321 25
175 8 15
175 25 8
175 107 28
175 111 20
175 114 28
175 160 4
175 164 24
175 172 34
175 176 16
175 219 25
175 228 17
175 242 3
175 267 30
175 302 29
175 309 6
175 312 51
175 318 1
176 8 18
176 36 18
176 48 1
176 111 19
176 114 20
176 164 24
176 172 6
176 175 15
176 209 5
176 219 29
176 266 9
176 268 25
176 285 17
176 305 16
176 312 20
176 318 23
177 6 5
177 26 5
177 58 13
177 141 52
177 157 4
177 170 8
177 210 21
177 242 9
177 308 18
177 312 29
177 320 23
178 118 7
178 153 7
178 210 18
178 283 9
178 302 22
178 308 14
178 314 7
178 319 9
178 325 35
179 45 7
179 59 12
179 89 8
179 92 5
179 96 19
179 100 24
179 115 15
179 119 11
179 158 42
179 194 20
179 213 7
179 265 18
179 289 18
180 51 5
180 58 18
180 72 13
180 78 3
180 151 7
180 182 20
180 237 16
180 252 11
180 270 14
180 284 3
180 300 37
181 153 28
181 210 12
181 225 15
181 267 11
181 293 6
181 294 36
181 313 12
182 38 18
182 51 16
182 58 26
182 180 8
182 237 38
182 252 1
182 254 10
182 281 19
182 300 2
183 88 11
183 95 14
183 228 7
183 254 15
183 265 27
183 272 13
183 280 5
183 281 4
183 284 26
183 285 12
183 321 1
184 42 33
184 45 5
184 51 32
184 58 36
184 67 1
184 179 1
184 180 58
184 182 44
184 183 26
184 229 8
184 237 42
184 250 31
184 252 10
184 254 20
184 300 14
184 303 16
185 8 5
185 35 7
185 47 4
185 128 8
185 149 15
185 220 6
185 222 20
185 250 1
185 279 1
185 281 10
185 315 3
186 39 20
186 41 48
186 48 18
186 62 18
186 172 31
186 234 8
186 298 42
186 307 13
186 310 24
187 17 2
187 52 7
187 66 30
187 109 6
187 147 3
187 221 28
187 233 20
187 258 13
187 261 12
188 46 8
188 70 18
188 121 11
188 204 9
188 211 13
188 214 33
188 218 13
188 232 35
188 249 3
188 291 29
188 306 14
188 308 19
189 22 5
189 128 1
189 162 4
189 253 23
189 271 10
189 278 2
189 301 3
189 307 1
189 311 5
189 321 44
189 326 44
190 11 1
190 79 13
190 177 17
190 192 21
190 225 27
190 233 17
190 236 5
190 255 3
190 305 22
190 307 42
190 324 23
191 49 18
191 159 3
191 174 33
191 195 13
191 212 8
191 219 29
191 224 31
191 245 13
191 279 12
191 321 20
192 11 3
192 25 12
192 126 20
192 132 5
192 182 24
192 190 13
192 196 14
192 214 13
192 233 13
192 299 8
192 305 41
192 307 14
192 314 43
192 324 31
193 1 1
193 3 1
193 23 5
193 33 3
193 76 9
193 80 4
193 101 2
193 119 4
193 178 19
193 209 12
193 234 7
193 260 15
193 273 12
193 280 40
194 12 3
194 16 16
194 42 23
194 43 5
194 89 2
194 103 1
194 115 6
194 122 8
194 158 3
194 173 22
194 224 25
194 265 11
194 268 10
194 282 15
194 286 13
195 36 9
195 49 26
195 159 29
195 164 19
195 174 56
195 219 32
195 224 48
195 238 37
195 245 20
195 256 48
195 273 21
195 279 35
195 295 25
196 3 11
196 11 16
196 31 14
196 33 14
196 48 25
196 190 18
196 192 13
196 233 38
196 242 18
196 305 63
196 307 33
196 324 29
197 32 12
197 51 12
197 72 26
197 78 25
197 126 11
197 173 17
197 227 2
197 229 33
197 252 14
197 256 8
197 275 27
197 280 22
197 303 12
197 316 19
198 13 29
198 29 21
198 48 12
198 102 12
198 105 13
198 131 24
198 133 48
198 142 5
198 167 21
198 186 9
198 196 14
198 236 43
198 285 16
198 305 8
198 314 10
199 10 8
199 22 18
199 33 19
199 58 8
199 77 5
199 128 35
199 141 9
199 266 14
199 273 9
199 297 26
199 315 27
200 18 11
200 125 2
200 185 13
200 216 10
200 226 10
200 290 26
200 293 10
200 294 15
200 295 21
200 313 28
201 0 19
201 25 29
201 41 18
201 53 10
201 152 6
201 172 8
201 245 7
201 256 14
201 290 11
201 294 23
201 296 28
201 302 16
201 325 33
202 11 4
202 26 31
202 60 2
202 61 21
202 75 3
202 83 10
202 105 12
202 203 17
202 221 36
202 225 19
202 240 4
203 26 2
203 60 10
203 61 15
203 75 9
203 79 14
203 105 1
203 164 33
203 209 13
203 221 10
203 274 14
203 304 14
203 309 8
204 44 4
204 52 5
204 66 21
204 73 37
204 147 11
204 231 5
204 264 2
204 322 5
205 54 4
205 98 19
205 113 44
205 120 3
205 168 2
205 173 9
205 224 13
205 275 9
206 5 10
206 15 19
206 59 21
206 71 6
206 90 4
206 108 15
206 137 33
206 140 23
206 145 9
206 194 12
206 214 24
206 222 42
206 241 12
206 253 42
206 278 43
206 288 7
206 326 40
207 47 57
207 147 3
207 149 21
207 185 22
207 220 19
207 222 24
207 243 11
207 250 14
207 259 11
207 318 2
207 323 8
208 186 17
208 198 14
208 239 4
208 259 16
208 277 10
208 299 27
208 307 8
208 324 1
209 40 11
209 76 13
209 80 6
209 84 8
209 108 14
209 193 3
209 208 21
209 260 33
209 274 24
209 285 19
209 320 56
209 323 58
210 153 16
210 225 5
210 314 5
210 320 20
211 46 1
211 70 1
211 73 15
211 109 12
211 124 9
211 181 1
211 214 22
211 215 2
211 218 14
211 232 11
211 249 3
211 258 38
211 291 20
211 306 1
211 308 39
212 42 16
212 50 9
212 71 14
212 95 4
212 96 13
212 105 14
212 123 6
212 160 10
212 174 10
212 180 3
212 227 14
212 289 11
213 23 10
213 37 26
213 39 21
213 57 16
213 62 7
213 94 4
213 95 30
213 114 31
213 144 4
213 155 27
213 165 3
213 274 22
213 320 20
213 324 15
213 325 44
214 46 9
214 61 13
214 70 16
214 94 8
214 218 15
214 232 20
214 306 23
214 308 46
214 318 1
215 52 16
215 66 24
215 73 14
215 204 27
215 230 9
215 232 32
215 241 10
215 248 11
215 249 6
215 303 14
215 317 5
216 18 5
216 200 38
216 203 11
216 226 13
216 230 9
216 255 8
216 260 9
216 290 17
216 293 2
216 294 16
216 295 9
216 313 42
217 31 1
217 55 8
217 104 16
217 110 7
217 136 18
217 149 33
217 156 11
217 162 5
217 190 4
217 262 15
218 66 8
218 124 4
218 232 20
218 233 2
218 261 13
218 306 23
218 308 17
219 35 16
219 47 19
219 318 2
220 35 7
220 47 5
220 107 5
220 149 17
220 185 21
220 222 15
220 250 8
220 266 12
220 286 2
220 312 6
221 7 21
221 26 20
221 39 25
221 49 7
221 61 10
221 75 27
221 105 11
221 125 4
221 135 17
221 160 1
221 187 8
221 203 5
221 305 27
221 307 17
221 324 27
222 22 1
222 35 25
222 47 28
222 149 14
222 220 7
222 250 3
222 321 4
223 176 1
223 189 15
223 253 6
223 271 2
223 272 20
223 301 33
223 302 1
223 311 11
223 321 2
223 323 46
223 326 25
224 51 13
224 174 19
224 191 4
224 238 11
224 245 3
224 279 25
225 79 2
225 133 23
225 181 14
225 236 2
225 259 7
225 267 6
225 305 8
226 18 4
226 79 16
226 200 3
226 216 11
226 290 21
226 294 25
226 309 8
226 313 31
227 32 4
227 58 1
227 72 2
227 113 3
227 160 14
227 173 11
227 270 9
227 281 2
228 42 24
228 49 3
228 88 17
228 95 11
228 96 3
228 113 30
228 179 5
228 183 1
228 281 37
228 284 15
228 285 3
228 316 17
229 32 2
229 72 14
229 78 26
229 126 21
229 159 3
229 173 19
229 210 10
229 224 3
229 227 16
229 254 9
229 280 19
229 284 13
229 316 9
230 18 6
230 79 7
230 109 7
230 200 28
230 216 8
230 226 18
230 290 50
230 293 7
230 294 17
230 295 39
230 309 14
230 313 25
231 8 16
231 46 11
231 52 10
231 86 2
231 121 6
231 134 23
231 170 16
231 177 29
231 225 16
231 260 10
231 304 3
231 322 9
232 46 13
232 73 2
232 124 1
233 170 12
233 190 11
233 192 15
233 258 6
233 305 17
233 307 4
233 322 12
233 324 3
234 1 3
234 33 11
234 40 24
234 76 13
234 77 2
234 92 30
234 99 3
234 101 9
234 112 1
234 139 8
234 150 11
234 210 15
234 319 29
235 8 17
235 52 15
235 127 1
235 138 7
235 215 12
235 225 17
235 244 20
235 248 5
235 261 26
235 291 4
235 304 6
235 317 21
235 322 52
236 13 2
236 131 5
236 133 6
236 136 15
236 156 8
236 167 2
237 161 2
237 241 6
237 316 2
238 7 10
238 22 3
238 49 18
238 74 9
238 116 1
238 174 19
238 191 10
238 245 12
238 256 2
238 279 36
238 280 29
239 14 21
239 61 15
239 83 29
239 177 13
239 178 12
239 202 4
239 208 16
239 259 25
239 276 17
239 277 8
239 296 19
239 299 55
240 26 14
240 27 19
240 28 5
240 60 19
240 61 15
240 75 16
240 76 10
240 78 35
240 105 44
240 125 3
240 135 27
240 202 26
240 203 19
240 221 4
240 239 23
240 298 20
240 305 7
241 32 12
241 38 47
241 45 18
241 184 4
241 254 21
241 270 26
241 292 16
241 316 19
242 8 7
242 58 7
242 107 15
242 111 18
242 114 2
242 164 32
242 167 18
242 172 9
242 176 2
242 219 28
242 280 13
242 318 25
243 47 5
243 72 2
243 125 6
243 149 28
243 185 20
243 220 11
243 222 21
243 250 17
243 290 13
243 312 16
243 320 29
244 138 16
244 258 8
244 291 3
244 317 10
244 322 4
244 323 18
245 40 10
245 159 24
245 160 7
245 174 56
245 183 1
245 191 17
245 195 12
245 224 16
245 238 18
245 268 20
245 271 23
245 279 26
246 55 5
246 58 2
246 77 3
246 90 6
246 136 18
246 217 2
246 262 3
246 263 8
246 303 4
247 66 3
247 85 10
247 130 15
247 204 7
247 225 7
247 258 13
247 269 28
247 271 6
247 282 4
247 304 21
248 52 26
248 71 6
248 73 4
248 121 5
248 151 4
248 170 20
248 187 17
248 204 34
248 215 5
248 244 3
248 267 16
248 322 2
249 30 12
249 52 38
249 73 16
249 153 11
249 204 31
249 215 1
249 244 14
249 248 18
249 303 29
250 35 4
250 47 6
250 149 21
250 185 1
250 220 13
250 243 14
250 315 5
251 10 1
251 22 4
251 34 17
251 141 3
251 158 2
251 199 16
251 266 27
252 51 10
252 58 35
252 149 24
252 180 14
252 182 3
252 184 23
252 185 5
252 212 6
252 222 25
252 237 49
252 300 36
252 311 3
253 223 2
253 272 5
253 301 8
253 320 12
253 321 9
253 323 19
253 326 9
254 10 4
254 38 26
254 95 6
254 270 28
254 312 12
255 118 4
255 153 19
255 178 20
255 210 3
255 226 7
255 274 17
255 293 5
255 301 11
255 302 6
255 314 6
255 319 43
255 325 17
256 8 18
256 49 27
256 80 13
256 159 13
256 162 5
256 174 72
256 191 12
256 224 12
256 238 5
256 245 28
256 279 20
256 326 28
257 3 1
257 13 8
257 28 13
257 104 1
257 136 17
257 190 7
257 217 14
257 262 4
257 263 3
258 7 6
258 66 14
258 79 4
258 147 26
258 187 13
258 232 2
258 249 5
258 267 12
258 304 7
259 14 9
259 208 4
259 277 2
259 299 43
259 323 17
260 18 1
260 76 5
260 80 23
260 193 2
260 234 13
260 308 9
261 127 1
261 130 4
261 244 7
261 258 19
261 291 5
261 304 19
261 317 7
261 322 8
262 13 23
262 31 4
262 34 5
262 55 35
262 69 19
262 104 3
262 129 7
262 136 44
262 156 5
262 179 3
262 217 7
262 246 14
262 257 6
262 263 18
262 298 15
263 3 3
263 28 2
263 31 9
263 55 20
263 104 15
263 129 5
263 136 30
263 139 15
263 217 17
263 246 12
264 54 3
264 66 11
264 83 16
264 109 3
264 147 10
264 187 10
264 228 15
264 233 34
264 258 18
264 282 4
265 95 7
265 96 6
265 224 13
265 228 23
265 237 9
265 270 9
265 281 6
265 285 2
266 10 14
266 47 15
266 141 1
266 315 14
267 181 10
267 203 5
267 219 25
267 299 12
267 312 23
267 320 23
268 54 9
268 98 3
268 110 18
268 113 20
268 120 6
268 159 16
268 180 11
268 205 21
268 217 6
268 236 8
268 286 15
269 17 5
269 73 17
269 85 10
269 105 35
269 130 14
269 134 9
269 138 9
269 148 12
269 260 24
270 237 14
270 308 1
271 189 12
271 253 9
271 272 8
271 278 2
271 301 23
271 311 8
271 326 43
272 161 8
272 189 15
272 197 7
272 223 7
272 253 23
272 271 4
272 278 5
272 301 27
272 311 12
272 321 23
272 326 33
273 22 4
273 34 7
273 35 11
273 36 13
273 128 22
273 199 15
273 242 10
273 250 18
273 251 25
273 266 6
273 297 10
273 315 21
274 118 5
274 127 6
274 153 27
274 178 4
274 255 17
274 283 23
274 302 10
274 319 5
275 32 5
275 72 2
275 78 2
275 126 6
275 161 3
275 173 4
275 224 13
275 227 16
275 229 20
275 280 9
275 307 3
275 316 30
276 14 4
276 79 10
276 83 51
276 208 31
276 225 13
276 239 10
276 259 5
276 277 10
276 299 65
277 14 36
277 41 18
277 48 46
277 83 40
277 202 19
277 208 6
277 239 12
277 240 11
277 259 12
277 299 39
278 162 18
278 189 12
278 223 12
278 253 25
278 266 12
278 271 13
278 272 28
278 283 13
278 301 10
278 311 14
278 321 23
278 326 9
279 49 5
279 158 8
279 162 2
279 174 26
279 191 16
279 219 2
279 220 6
279 224 10
279 301 7
280 72 14
280 78 4
280 126 12
280 173 13
280 182 8
280 197 16
280 227 13
280 284 16
281 38 16
281 183 11
281 254 5
281 265 7
281 285 10
282 43 1
282 130 30
282 204 38
282 247 3
282 269 21
282 322 23
283 255 8
283 319 4
283 320 19
283 323 41
283 325 19
284 72 2
284 182 7
284 237 4
284 265 8
284 281 11
285 95 15
285 111 4
285 183 11
285 225 25
285 228 34
285 265 18
285 267 16
285 281 5
285 284 30
285 301 21
286 42 8
286 54 20
286 74 13
286 98 9
286 110 4
286 113 30
286 120 7
286 168 2
286 205 32
286 241 2
286 252 11
287 5 1
287 11 5
287 56 2
287 63 7
287 68 11
287 87 4
287 104 28
287 144 8
287 146 12
287 171 27
287 220 31
287 249 10
287 257 26
287 282 5
287 292 29
288 19 6
288 42 53
288 50 10
288 59 22
288 69 8
288 71 14
288 77 20
288 163 7
288 212 3
288 289 53
288 292 2
289 42 10
289 55 23
289 59 12
289 71 1
289 77 6
289 105 5
289 120 22
289 160 15
289 212 5
289 270 19
290 18 5
290 153 5
291 123 12
291 127 12
291 138 8
291 232 9
291 240 13
291 244 1
291 249 16
291 261 23
291 317 20
291 322 33
292 5 1
292 72 17
292 78 19
292 136 8
292 163 8
292 180 4
292 228 12
293 18 14
293 192 3
293 200 10
293 216 17
293 226 16
293 274 24
293 290 55
293 294 18
293 295 42
293 309 19
293 313 24
294 80 11
294 200 8
294 216 3
294 226 28
294 290 32
294 295 10
294 309 19
294 313 12
295 155 5
295 216 10
295 226 8
295 290 21
295 294 17
295 309 11
296 7 8
296 83 8
296 208 20
296 239 10
296 242 1
296 259 26
296 276 19
296 277 6
296 299 40
297 10 16
297 22 34
297 34 8
297 49 7
297 128 36
297 141 6
297 214 22
297 251 4
297 266 20
297 273 14
297 315 30
298 39 1
298 41 4
298 48 38
298 55 4
298 62 5
298 164 24
298 310 15
299 323 9
300 51 18
300 58 18
300 182 17
300 205 11
300 237 28
300 252 1
300 270 9
300 284 8
300 289 2
301 174 3
301 189 3
301 253 4
301 272 8
301 321 21
301 326 24
302 153 18
302 178 26
302 243 5
302 255 4
302 274 12
302 283 12
302 314 6
302 319 13
302 325 34
303 32 8
303 38 24
303 45 18
303 67 21
303 120 12
303 232 11
303 241 22
303 254 20
303 270 26
303 281 17
304 14 3
304 138 3
304 151 18
304 215 7
304 235 6
304 244 21
304 261 4
304 291 6
304 317 25
304 322 27
305 62 4
305 210 3
305 255 5
306 46 1
306 124 11
306 211 3
306 214 12
306 218 3
306 232 18
306 274 5
306 308 16
307 192 3
307 233 22
307 236 12
307 305 13
307 324 11
308 232 18
308 299 19
308 306 18
309 200 10
309 216 5
309 226 10
309 290 12
309 295 19
309 313 2
310 39 25
310 48 30
310 62 15
310 132 9
310 178 27
310 298 12
310 305 12
311 162 10
311 189 10
311 192 10
311 223 6
311 253 33
311 301 21
311 321 9
311 326 61
312 8 5
312 219 12
312 242 5
312 267 5
312 281 6
312 318 15
313 290 18
313 294 5
313 295 19
313 309 6
314 118 19
314 153 21
314 178 8
314 255 6
314 274 9
314 283 41
314 302 1
314 319 12
314 325 27
315 22 13
315 128 25
315 251 9
315 297 1
316 72 8
316 126 11
316 161 12
316 227 8
316 229 3
316 270 1
316 280 6
317 127 7
317 138 3
317 244 6
317 322 7
318 172 4
318 207 4
318 219 12
318 297 6
319 153 1
319 178 17
319 255 9
319 274 2
319 283 1
319 314 15
319 325 41
320 253 10
320 267 10
320 323 9
321 253 5
321 271 3
321 311 6
321 326 36
322 151 1
322 244 6
322 261 4
322 291 9
323 210 1
323 253 2
323 299 5
323 320 12
324 208 9
324 233 5
324 305 2
325 255 4
325 274 6
326 189 7
