0 37 3
0 42 8
0 80 7
0 83 2
0 108 4
0 165 13
0 186 5
0 189 12
0 221 7
0 255 8
0 262 13
0 274 5
0 291 20
0 309 16
0 325 38
1 18 15
1 24 4
1 38 30
1 52 33
1 104 6
1 107 6
1 115 16
1 116 9
1 130 12
1 137 25
1 148 13
1 173 39
1 254 42
1 273 9
1 323 24
2 8 14
2 12 7
2 30 9
2 45 7
2 48 10
2 49 21
2 94 14
2 103 19
2 118 21
2 125 27
2 126 10
2 135 32
2 149 15
2 165 11
2 171 9
2 177 14
2 195 27
2 221 20
2 227 15
2 230 21
2 258 29
2 267 21
2 285 14
2 316 28
3 7 8
3 18 11
3 19 32
3 26 50
3 41 14
3 46 9
3 50 7
3 73 16
3 82 83
3 94 7
3 103 10
3 166 8
3 176 21
3 177 17
3 193 2
3 209 22
3 217 18
3 234 15
3 251 26
3 268 35
3 272 62
3 283 3
4 5 11
4 10 12
4 90 25
4 134 26
4 136 7
4 142 12
4 146 19
4 174 19
4 175 26
4 194 15
4 226 25
4 227 23
4 271 4
4 280 20
4 281 25
4 311 17
5 9 3
5 23 16
5 152 2
5 236 6
5 237 18
5 254 17
5 263 13
5 300 19
5 320 14
5 321 6
6 4 13
6 160 3
6 169 32
6 200 25
6 214 15
6 227 3
6 240 12
6 277 11
6 292 30
6 316 17
7 3 20
7 5 14
7 6 10
7 13 25
7 18 11
7 26 20
7 30 21
7 41 16
7 46 40
7 60 19
7 73 14
7 82 42
7 104 2
7 251 49
7 252 17
7 254 17
7 268 1
7 272 22
7 290 4
8 33 14
8 89 2
8 138 2
8 258 11
8 260 21
8 282 26
8 302 6
8 306 11
9 13 4
9 119 21
9 173 9
9 179 1
9 203 4
9 228 12
9 248 14
9 307 11
10 9 3
10 14 2
10 36 5
10 72 2
10 200 5
10 235 7
10 249 16
10 296 1
10 297 9
11 31 7
11 39 4
11 49 3
11 59 24
11 81 18
11 99 19
11 121 15
11 182 27
11 206 30
11 215 22
11 288 22
11 309 49
11 317 24
12 2 6
12 17 14
12 22 32
12 26 24
12 33 28
12 48 24
12 68 27
12 74 9
12 94 17
12 103 5
12 126 1
12 129 22
12 135 36
12 137 10
12 145 13
12 159 50
12 165 19
12 171 30
12 172 39
12 180 20
12 186 47
12 219 33
12 221 18
12 230 28
13 51 12
13 183 8
13 200 14
13 242 14
13 264 3
13 291 8
13 315 19
13 317 49
13 323 32
13 324 17
14 10 5
14 36 16
14 77 12
14 111 16
14 194 4
14 235 10
14 249 8
14 254 24
14 296 13
14 297 4
15 52 2
15 61 3
15 70 20
15 72 4
15 147 11
15 195 16
15 214 11
15 292 22
15 297 30
15 322 12
16 13 29
16 19 42
16 67 2
16 83 11
16 106 33
16 128 6
16 139 7
16 142 12
16 143 19
16 200 11
16 243 10
16 246 5
16 292 11
17 34 14
17 54 14
17 74 33
17 87 2
17 91 12
17 100 27
17 130 25
17 133 31
17 158 13
17 181 19
17 225 35
17 246 12
17 260 20
17 265 58
17 276 28
18 7 9
18 8 14
18 19 7
18 26 4
18 40 13
18 46 15
18 54 1
18 80 12
18 82 20
18 92 18
18 109 31
18 177 23
18 216 16
18 251 16
18 268 22
18 272 41
19 9 7
19 28 11
19 58 17
19 89 16
19 134 1
19 167 12
19 176 2
19 185 11
19 196 16
19 200 20
19 215 1
19 217 1
19 218 13
19 294 13
20 14 10
20 16 13
20 18 6
20 23 9
20 31 10
20 38 15
20 49 37
20 59 27
20 65 3
20 86 21
20 93 9
20 127 36
20 137 11
20 150 20
20 301 35
20 305 32
20 307 33
20 321 29
21 1 13
21 27 3
21 40 13
21 46 16
21 54 19
21 68 37
21 102 48
21 120 2
21 121 34
21 169 30
21 173 38
21 224 20
21 240 35
21 289 51
21 322 31
22 15 12
22 35 11
22 40 20
22 76 23
22 85 3
22 91 22
22 167 7
22 191 11
22 192 11
22 200 43
22 201 33
22 206 28
22 237 8
22 246 10
22 249 16
22 273 30
22 325 48
23 5 8
23 236 2
23 254 3
23 263 12
23 300 17
23 321 32
24 1 7
24 12 16
24 25 19
24 27 20
24 38 26
24 45 3
24 83 13
24 86 15
24 92 21
24 107 8
24 115 21
24 123 12
24 148 18
24 185 20
24 204 33
24 207 21
24 221 13
24 256 50
24 290 34
24 313 51
25 47 10
25 88 35
25 92 5
25 114 7
25 149 36
25 176 2
25 221 17
25 222 10
25 256 5
25 283 1
25 298 3
26 73 4
26 75 13
26 82 11
26 162 7
26 212 18
26 220 22
26 258 16
26 260 12
26 268 1
26 272 6
27 15 17
27 22 11
27 26 40
27 40 10
27 43 11
27 55 11
27 68 20
27 69 21
27 76 10
27 102 29
27 132 7
27 144 6
27 169 18
27 185 8
27 199 14
27 213 11
27 225 13
27 250 31
27 273 9
27 289 34
28 78 17
28 216 29
28 252 8
28 292 29
28 295 2
28 311 4
28 313 9
29 14 7
29 101 20
29 132 21
29 193 17
29 215 14
29 223 7
29 232 24
29 277 20
29 314 20
30 5 57
30 11 24
30 31 16
30 49 3
30 71 1
30 86 48
30 98 15
30 117 4
30 154 7
30 155 4
30 181 6
30 182 15
30 233 18
30 266 7
31 11 22
31 20 16
31 70 6
31 78 10
31 93 8
31 133 7
31 181 12
31 182 8
31 263 20
31 275 35
31 278 29
31 309 18
32 81 7
32 121 20
32 132 6
32 141 34
32 182 5
32 197 1
32 229 2
32 239 1
32 288 3
32 289 19
32 310 13
32 312 3
32 319 32
33 241 14
33 298 3
33 307 2
34 14 27
34 17 4
34 74 11
34 111 9
34 124 2
34 130 41
34 133 11
34 158 17
34 181 8
34 218 10
34 225 18
34 265 37
34 276 28
35 22 13
35 34 6
35 69 5
35 84 15
35 91 4
35 99 6
35 111 24
35 192 33
35 196 2
35 201 34
35 206 35
35 232 24
35 246 21
35 273 17
36 10 8
36 14 24
36 193 1
36 232 15
36 235 9
36 265 8
36 294 16
36 296 14
36 297 13
37 51 5
37 82 14
37 141 10
37 217 3
37 248 2
37 256 19
37 324 18
38 23 31
38 45 5
38 65 5
38 103 10
38 123 9
38 127 3
38 168 16
38 244 7
38 322 7
39 37 9
39 43 2
39 57 27
39 90 4
39 105 1
39 150 12
39 155 7
39 190 2
39 202 9
39 250 6
39 254 15
39 261 5
39 270 23
39 299 13
39 301 17
39 305 44
39 322 20
40 27 10
40 36 11
40 55 11
40 102 15
40 120 11
40 124 15
40 146 11
40 169 6
40 193 18
40 199 18
40 206 6
40 213 13
40 313 27
40 325 32
41 7 7
41 18 7
41 26 7
41 46 8
41 60 6
41 76 5
41 82 4
41 158 10
41 160 2
41 167 13
41 177 29
41 228 19
41 251 16
41 268 4
41 272 19
41 290 7
41 304 2
41 318 13
41 322 17
42 0 6
42 9 3
42 78 7
42 80 12
42 81 29
42 83 2
42 104 3
42 108 5
42 116 9
42 132 31
42 139 3
42 143 12
42 146 12
42 170 11
42 189 14
42 262 12
42 281 12
42 316 7
43 90 5
43 150 16
43 155 30
43 190 25
43 198 6
43 211 13
43 245 7
43 250 17
43 254 18
43 261 11
43 262 14
43 270 27
43 276 4
43 305 22
43 308 22
43 322 22
44 37 4
44 75 36
44 79 11
44 122 15
44 137 14
44 159 28
44 167 4
44 222 12
44 254 5
44 256 14
44 293 10
44 302 5
44 324 44
45 1 5
45 24 16
45 38 13
45 115 4
45 127 35
45 145 9
45 146 18
45 148 19
45 162 20
45 182 6
45 210 37
45 278 45
45 304 21
45 316 5
45 320 15
45 325 15
46 7 21
46 26 15
46 41 2
46 73 41
46 82 24
46 88 19
46 141 9
46 149 16
46 150 14
46 154 4
46 171 6
46 177 43
46 251 32
46 268 18
46 272 11
47 25 8
47 82 14
47 88 26
47 90 27
47 92 12
47 108 11
47 114 4
47 149 29
47 157 21
47 159 9
47 176 14
47 177 10
47 252 13
47 283 4
47 303 33
48 51 31
48 105 13
48 126 6
48 145 16
48 195 1
48 221 2
48 242 9
48 250 18
48 254 21
48 264 23
48 305 23
48 309 47
49 11 14
49 31 21
49 38 5
49 56 14
49 86 11
49 88 30
49 93 10
49 178 14
49 182 13
49 229 2
49 236 15
49 270 11
49 291 18
49 301 20
50 14 21
50 19 65
50 29 38
50 46 5
50 58 44
50 84 46
50 96 24
50 115 14
50 133 20
50 167 37
50 194 21
50 196 33
50 200 31
50 208 32
50 215 21
50 218 25
51 141 12
51 183 1
51 264 1
51 267 7
51 317 20
51 323 1
52 61 7
52 146 11
52 147 5
52 165 3
52 174 12
52 185 22
52 190 7
52 195 19
52 252 20
52 275 9
53 28 11
53 78 15
53 113 8
53 204 6
53 245 21
53 259 20
53 279 33
53 295 3
53 311 5
53 313 16
53 325 26
54 27 19
54 40 36
54 55 14
54 62 7
54 68 21
54 71 10
54 77 20
54 94 7
54 102 20
54 120 11
54 132 19
54 138 32
54 155 14
54 169 6
54 213 36
55 21 10
55 23 3
55 97 4
55 102 2
55 120 22
55 153 20
55 169 9
55 188 39
55 192 13
55 199 31
55 300 35
55 315 14
55 325 41
56 11 9
56 20 35
56 30 11
56 31 17
56 49 9
56 52 39
56 59 6
56 62 5
56 86 32
56 93 12
56 117 1
56 123 5
56 165 8
56 178 39
56 182 10
56 212 13
56 223 2
56 233 8
56 245 27
56 247 21
56 295 29
57 63 6
57 157 1
57 180 13
57 219 3
57 220 3
57 258 13
57 264 4
57 285 13
58 36 1
58 84 6
58 138 11
58 196 18
58 200 10
58 205 1
58 218 5
58 235 4
58 241 24
58 249 11
58 296 6
59 22 14
59 30 10
59 31 24
59 49 4
59 81 15
59 86 17
59 121 8
59 170 16
59 178 3
59 182 13
59 189 19
59 231 9
59 240 3
59 253 11
59 287 31
59 303 10
60 16 9
60 87 4
60 140 28
60 172 12
60 179 11
60 197 16
60 203 8
60 212 4
60 228 10
60 248 10
60 271 15
60 277 11
60 293 6
61 6 26
61 44 23
61 65 7
61 98 12
61 144 15
61 146 31
61 147 1
61 185 11
61 195 33
61 223 4
61 228 10
61 242 5
61 244 35
61 293 17
62 13 6
62 15 11
62 42 8
62 52 12
62 61 20
62 80 13
62 144 17
62 146 35
62 147 7
62 166 25
62 185 14
62 195 43
62 299 12
63 25 8
63 57 8
63 75 5
63 79 13
63 109 12
63 150 4
63 186 13
63 205 29
63 210 2
63 214 15
63 219 11
63 220 8
63 267 10
63 282 23
63 285 35
63 304 4
64 14 6
64 51 3
64 66 5
64 111 5
64 183 24
64 206 7
64 215 16
64 219 12
64 246 13
64 270 15
64 284 15
65 1 16
65 24 14
65 35 27
65 38 17
65 45 28
65 51 20
65 90 18
65 96 5
65 107 4
65 115 12
65 136 6
65 148 33
65 157 29
65 291 30
65 308 25
66 64 6
66 91 1
66 111 38
66 200 10
66 215 16
66 218 8
66 219 9
66 235 17
66 246 6
66 294 7
67 16 5
67 79 12
67 97 12
67 106 9
67 128 16
67 139 7
67 142 17
67 143 5
67 144 11
67 181 3
67 226 7
67 243 20
67 280 27
67 316 24
68 27 15
68 55 12
68 70 16
68 72 3
68 102 16
68 113 22
68 120 6
68 133 8
68 147 2
68 169 32
68 194 10
68 199 27
68 310 15
68 318 27
68 319 70
69 21 30
69 27 9
69 31 15
69 40 9
69 54 20
69 55 1
69 68 34
69 102 40
69 130 35
69 134 30
69 167 2
69 169 41
69 188 32
69 199 29
69 206 33
69 259 15
69 310 35
69 312 28
70 6 11
70 66 13
70 97 3
70 127 3
70 133 6
70 201 22
70 214 20
70 240 14
70 281 2
70 292 27
70 316 14
71 29 15
71 96 10
71 101 7
71 124 7
71 193 17
71 196 23
71 212 29
71 218 18
71 223 1
71 232 23
71 276 13
71 284 7
72 63 15
72 89 12
72 110 6
72 137 14
72 173 22
72 207 18
72 241 9
72 276 5
72 298 23
72 302 9
72 306 21
72 324 20
73 8 29
73 18 2
73 26 7
73 41 2
73 82 24
73 125 10
73 137 14
73 145 1
73 159 11
73 173 4
73 179 11
73 184 12
73 251 17
73 260 38
73 272 36
73 287 32
74 17 12
74 29 15
74 34 20
74 84 14
74 111 30
74 130 45
74 158 5
74 181 12
74 211 6
74 225 16
74 262 10
74 265 39
74 276 5
74 290 5
74 307 26
74 310 11
75 37 15
75 79 7
75 159 21
75 163 1
75 173 16
75 176 3
75 219 19
75 256 11
75 306 4
75 324 27
76 35 4
76 36 19
76 91 5
76 185 22
76 192 8
76 194 13
76 199 10
76 200 3
76 206 8
76 218 6
76 273 4
76 297 30
77 10 8
77 14 12
77 36 35
77 100 10
77 158 6
77 167 3
77 200 20
77 223 1
77 235 33
77 249 12
77 296 14
77 297 28
78 28 11
78 77 2
78 214 17
78 226 1
78 252 3
78 275 7
78 277 2
78 311 20
78 313 6
79 37 10
79 44 2
79 75 7
79 159 4
79 177 10
79 256 15
79 258 21
79 272 18
79 324 32
80 81 8
80 121 5
80 141 17
80 229 11
80 236 13
80 271 15
80 274 2
81 0 22
81 109 2
81 116 3
81 121 2
81 189 16
81 259 20
81 262 22
81 279 12
81 286 14
82 26 6
82 73 3
82 159 3
82 239 14
82 272 6
82 275 19
82 285 2
83 0 4
83 41 11
83 42 7
83 55 1
83 80 18
83 81 7
83 108 23
83 116 11
83 132 10
83 154 1
83 174 18
83 189 11
83 295 6
83 309 38
83 323 33
83 325 40
84 19 30
84 76 14
84 77 14
84 138 18
84 167 14
84 196 62
84 200 39
84 218 38
84 222 21
84 281 22
84 294 14
85 8 2
85 25 1
85 33 25
85 89 11
85 157 8
85 234 4
85 306 3
86 11 6
86 20 7
86 26 8
86 31 4
86 49 24
86 93 10
86 169 24
86 178 2
86 182 17
86 237 16
86 245 18
86 305 50
86 308 13
86 313 25
86 322 11
87 9 6
87 32 1
87 42 12
87 79 24
87 95 9
87 119 21
87 140 16
87 172 3
87 203 8
87 212 3
87 227 4
87 228 23
87 248 17
87 271 37
87 277 18
87 293 3
88 13 3
88 90 2
88 114 20
88 149 11
88 176 2
88 317 8
88 324 4
89 8 4
89 85 19
89 88 14
89 157 24
89 258 5
89 324 22
90 25 11
90 88 13
90 92 20
90 114 31
90 149 8
90 176 1
90 209 20
90 212 9
90 263 18
90 308 39
90 321 12
91 11 13
91 58 17
91 76 3
91 99 13
91 139 18
91 192 29
91 193 2
91 206 22
91 215 19
91 242 6
91 273 14
91 292 20
92 25 12
92 47 25
92 88 56
92 90 8
92 109 16
92 114 39
92 149 26
92 159 4
92 176 27
92 209 1
92 251 1
92 257 5
92 283 31
92 288 5
92 323 54
93 11 6
93 28 34
93 30 3
93 49 22
93 52 13
93 56 6
93 59 20
93 61 20
93 86 3
93 132 35
93 150 15
93 152 15
93 160 18
93 178 14
93 180 26
93 182 32
93 245 19
93 313 21
93 322 31
94 48 15
94 103 3
94 125 3
94 129 1
94 135 12
94 145 7
94 166 10
94 171 15
94 184 19
94 190 21
94 221 11
94 251 13
94 268 25
94 298 8
95 9 23
95 60 23
95 87 37
95 101 5
95 119 32
95 140 29
95 170 7
95 172 15
95 179 11
95 203 8
95 212 57
95 228 47
95 232 18
95 247 5
95 248 30
95 272 21
95 277 29
95 281 18
95 293 27
96 29 17
96 71 9
96 76 11
96 101 33
96 124 1
96 131 13
96 151 23
96 193 18
96 194 13
96 223 8
96 232 11
96 284 8
96 296 13
96 298 37
97 16 29
97 66 17
97 67 17
97 106 15
97 109 3
97 133 8
97 139 34
97 142 26
97 143 14
97 163 17
97 224 14
97 233 15
97 243 16
97 251 3
97 280 37
98 0 4
98 9 23
98 15 28
98 39 26
98 52 52
98 61 11
98 62 15
98 112 37
98 126 12
98 136 18
98 144 2
98 147 36
98 156 26
98 166 11
98 185 42
98 195 23
98 226 16
98 311 34
99 22 15
99 35 22
99 76 26
99 91 2
99 136 22
99 188 27
99 192 17
99 193 5
99 206 16
99 273 27
99 277 20
99 301 21
99 307 40
99 318 13
99 319 23
99 325 37
100 113 11
100 204 14
100 253 9
100 279 20
100 286 18
100 291 6
100 309 21
100 318 48
100 319 15
100 323 33
101 71 11
101 124 4
101 200 19
101 232 15
101 235 7
101 239 17
101 268 4
101 296 9
101 303 20
102 119 10
102 169 8
102 188 7
102 199 4
102 286 13
103 48 19
103 63 10
103 82 7
103 85 18
103 97 3
103 110 13
103 125 9
103 126 32
103 129 13
103 135 8
103 150 25
103 165 7
103 186 2
103 221 42
103 230 3
103 234 23
104 0 12
104 6 29
104 13 20
104 38 23
104 41 29
104 42 30
104 60 20
104 80 13
104 81 36
104 83 45
104 108 23
104 116 4
104 132 28
104 154 8
104 189 27
104 203 22
104 254 39
104 255 2
104 257 35
104 262 3
104 274 19
105 153 6
105 168 5
105 190 5
105 197 2
105 244 21
105 256 4
105 301 21
105 308 8
105 314 33
105 321 29
106 16 5
106 67 11
106 82 20
106 97 14
106 120 7
106 139 35
106 142 10
106 143 21
106 192 5
106 200 35
106 239 25
106 242 29
106 243 11
106 280 23
106 315 20
107 1 12
107 21 28
107 24 22
107 38 45
107 44 41
107 45 12
107 48 19
107 62 22
107 65 19
107 72 18
107 115 31
107 123 5
107 148 50
107 156 11
107 197 29
107 217 13
107 218 41
107 221 21
107 250 34
107 274 34
108 23 17
108 80 11
108 81 13
108 105 17
108 109 24
108 132 5
108 135 7
108 168 37
108 189 10
108 321 39
108 323 33
109 13 3
109 51 13
109 149 7
109 242 6
109 251 4
109 264 10
109 315 32
109 317 21
109 323 50
110 33 68
110 159 13
110 173 26
110 180 15
110 234 2
110 241 11
110 272 9
110 299 11
110 302 8
110 306 8
110 307 63
111 64 11
111 134 6
111 138 16
111 215 1
111 239 4
111 246 7
111 284 19
111 294 1
112 4 15
112 5 32
112 15 10
112 31 23
112 52 14
112 61 29
112 62 24
112 98 8
112 116 10
112 144 25
112 146 10
112 185 23
112 195 51
112 213 1
112 268 15
112 292 28
112 317 42
113 100 6
113 204 7
113 215 7
113 229 11
113 253 8
113 279 7
113 286 14
113 309 19
113 318 15
113 319 34
114 88 2
114 149 7
114 236 3
114 261 6
114 307 5
114 314 11
115 1 1
115 25 15
115 38 34
115 45 11
115 47 15
115 65 4
115 123 6
115 148 13
115 167 24
115 190 27
115 238 31
115 282 33
115 317 49
116 0 18
116 6 6
116 28 20
116 80 13
116 81 18
116 83 9
116 94 16
116 108 6
116 132 33
116 152 6
116 154 22
116 170 7
116 182 11
116 189 14
116 213 2
116 233 14
116 255 4
116 259 1
116 262 16
116 272 30
117 7 12
117 11 19
117 28 16
117 31 25
117 49 13
117 59 36
117 86 22
117 93 3
117 121 18
117 170 2
117 178 11
117 182 31
117 189 22
117 229 9
117 239 10
117 287 24
117 288 6
117 303 23
118 28 57
118 53 5
118 78 19
118 81 40
118 128 4
118 132 6
118 188 20
118 233 6
118 242 9
118 245 29
118 252 58
118 295 35
118 304 24
118 311 48
118 313 22
118 316 20
119 4 1
119 9 10
119 60 8
119 140 27
119 142 11
119 228 30
119 311 7
120 15 17
120 27 28
120 54 19
120 80 23
120 86 15
120 101 6
120 102 29
120 140 8
120 169 6
120 199 3
120 210 16
120 213 16
120 242 29
120 267 44
120 300 23
120 315 44
121 111 14
121 164 25
121 189 3
121 224 2
121 229 6
121 239 15
121 259 2
121 269 13
121 288 14
121 290 14
122 37 6
122 75 13
122 79 14
122 137 17
122 159 24
122 205 5
122 222 23
122 227 9
122 238 3
122 256 61
122 299 19
122 324 31
123 1 6
123 12 3
123 24 15
123 38 16
123 45 7
123 47 34
123 65 9
123 90 17
123 105 33
123 112 7
123 115 11
123 145 25
123 148 19
123 175 6
123 203 11
123 250 23
123 283 26
124 29 18
124 71 9
124 101 7
124 113 12
124 151 6
124 223 9
124 277 2
124 294 3
124 318 17
125 12 10
125 18 1
125 25 13
125 30 5
125 48 15
125 79 7
125 80 24
125 94 32
125 103 9
125 112 19
125 129 3
125 145 13
125 148 15
125 165 14
125 171 21
125 205 5
125 221 25
125 230 13
125 281 30
126 57 26
126 72 2
126 94 3
126 125 1
126 135 33
126 146 5
126 161 6
126 165 11
126 171 21
126 195 13
126 221 8
126 248 25
126 268 10
127 13 9
127 51 11
127 109 30
127 183 9
127 194 20
127 242 18
127 291 33
127 305 14
127 315 12
127 317 53
127 323 29
128 16 8
128 53 35
128 67 10
128 78 13
128 97 14
128 106 9
128 136 4
128 139 11
128 142 30
128 143 26
128 158 4
128 192 5
128 215 11
128 243 29
128 271 6
128 280 59
129 42 14
129 48 27
129 63 27
129 73 12
129 94 2
129 125 9
129 126 29
129 135 7
129 145 10
129 183 27
129 185 16
129 197 18
129 221 17
129 222 29
129 230 7
129 250 23
129 251 12
130 27 3
130 60 11
130 102 4
130 133 36
130 147 1
130 265 22
130 307 14
130 310 10
131 10 13
131 29 45
131 50 7
131 54 6
131 71 31
131 74 4
131 91 15
131 96 24
131 101 31
131 124 40
131 141 27
131 151 13
131 193 18
131 201 30
131 223 28
131 232 19
131 294 18
131 302 41
132 0 8
132 80 3
132 81 12
132 187 22
132 189 5
132 224 29
132 255 25
132 262 7
132 275 4
132 309 28
133 34 1
133 74 6
133 132 12
133 164 12
133 181 10
133 265 17
133 269 38
133 312 29
134 102 8
134 187 4
134 211 6
134 266 22
134 269 8
134 278 16
134 287 16
134 289 3
134 303 12
134 312 8
134 314 16
135 8 30
135 48 20
135 88 7
135 125 12
135 126 4
135 149 26
135 168 13
135 171 6
135 183 10
135 221 1
135 270 2
135 314 24
136 4 16
136 111 15
136 156 33
136 174 12
136 175 39
136 215 12
136 226 23
136 227 6
136 271 21
136 274 4
136 281 16
136 318 17
137 105 5
137 140 15
137 166 2
137 186 14
137 207 22
137 298 5
137 299 1
137 302 18
137 306 42
138 8 6
138 57 14
138 85 16
138 89 14
138 157 7
138 162 14
138 184 18
138 220 8
138 258 18
138 301 4
138 314 9
139 16 7
139 67 8
139 119 9
139 142 22
139 143 11
139 145 1
139 174 4
139 184 6
139 228 6
139 280 8
139 281 16
139 293 13
140 9 11
140 87 5
140 175 21
140 203 23
140 228 20
140 248 11
140 256 20
140 307 47
141 219 1
141 289 19
142 16 12
142 67 8
142 139 20
142 140 11
142 143 26
142 243 5
142 281 6
142 291 17
143 23 14
143 28 27
143 97 1
143 142 7
143 172 1
143 243 10
143 280 35
143 311 15
144 15 19
144 61 8
144 119 8
144 147 11
144 185 25
144 194 16
144 195 19
144 226 26
144 243 18
144 308 27
144 311 9
145 89 9
145 94 3
145 126 10
145 135 6
145 141 17
145 221 6
145 236 25
145 268 6
145 277 23
145 287 18
145 320 21
145 323 19
145 325 40
146 15 14
146 52 4
146 98 18
146 101 2
146 112 10
146 144 11
146 147 1
146 195 18
146 293 17
146 299 8
146 312 8
146 316 16
147 15 25
147 38 12
147 52 15
147 98 2
147 102 11
147 107 10
147 112 4
147 129 12
147 195 15
147 228 41
147 259 16
147 269 11
147 277 11
147 280 20
147 316 18
148 1 2
148 15 8
148 24 2
148 38 14
148 58 8
148 105 15
148 114 10
148 123 2
148 135 15
148 149 13
148 199 11
148 244 15
148 282 9
148 314 22
149 88 6
149 114 13
149 197 27
149 220 20
149 283 9
149 321 15
150 46 3
150 114 3
150 130 3
150 155 17
150 190 22
150 251 11
150 254 23
150 305 10
151 0 10
151 21 8
151 29 16
151 66 34
151 71 37
151 76 12
151 83 1
151 84 6
151 101 44
151 124 34
151 193 20
151 197 16
151 223 49
151 232 30
151 290 3
152 5 19
152 23 20
152 99 8
152 202 16
152 213 4
152 233 3
152 236 3
152 237 18
152 263 26
152 300 12
152 307 17
152 320 40
152 321 41
153 100 10
153 168 13
153 197 4
153 222 16
153 244 25
153 247 8
153 278 8
153 285 8
153 301 24
153 308 45
153 314 45
153 325 25
154 0 8
154 42 5
154 80 12
154 81 6
154 83 6
154 104 3
154 108 16
154 128 5
154 150 21
154 189 44
154 230 4
154 242 20
154 250 11
154 255 6
154 262 21
154 308 27
154 323 63
155 39 11
155 70 2
155 150 25
155 190 19
155 250 4
155 254 5
155 257 7
155 261 9
155 270 32
155 305 24
155 313 11
155 322 11
156 4 11
156 6 16
156 37 3
156 87 4
156 95 21
156 172 21
156 174 6
156 175 70
156 226 9
156 227 31
156 271 14
156 281 12
156 292 37
156 316 11
157 8 39
157 26 6
157 85 14
157 89 10
157 138 4
157 173 7
157 184 5
157 258 9
157 289 2
157 306 10
158 17 7
158 34 6
158 74 14
158 121 28
158 130 4
158 133 30
158 160 18
158 181 7
158 196 13
158 211 6
158 225 22
158 265 8
158 286 30
159 37 16
159 75 15
159 163 17
159 222 12
159 256 20
159 260 3
159 272 8
159 324 45
160 43 4
160 167 4
160 172 18
160 201 18
160 214 8
160 226 11
160 240 8
160 274 12
160 277 25
160 292 21
160 316 30
161 33 44
161 72 3
161 110 6
161 138 5
161 207 8
161 209 1
161 222 3
161 238 3
161 241 11
161 251 20
161 298 9
161 299 9
161 307 15
162 8 14
162 85 37
162 89 19
162 138 33
162 157 35
162 173 10
162 183 6
162 258 18
162 260 5
162 302 11
162 315 5
163 18 8
163 25 7
163 37 34
163 44 23
163 75 18
163 79 39
163 110 2
163 122 13
163 136 7
163 159 19
163 222 42
163 256 49
163 272 13
163 298 15
163 324 70
164 10 5
164 134 9
164 141 31
164 208 7
164 224 10
164 229 9
164 257 5
164 273 19
164 275 18
164 319 29
165 12 6
165 42 13
165 48 13
165 94 4
165 119 9
165 129 3
165 135 11
165 145 10
165 171 12
165 219 17
165 221 27
165 223 15
165 230 12
165 238 4
165 252 15
165 282 14
166 72 15
166 137 8
166 143 38
166 161 20
166 163 2
166 207 42
166 209 6
166 251 24
166 298 29
166 299 9
166 302 56
166 306 40
167 19 13
167 40 17
167 58 28
167 84 4
167 139 1
167 196 3
167 200 27
167 218 13
167 238 13
167 297 14
167 300 21
168 51 1
168 105 9
168 149 3
168 153 4
168 197 7
168 301 1
168 308 15
168 314 17
168 323 27
169 57 26
169 134 13
169 204 35
169 287 8
169 318 9
169 319 29
170 0 18
170 18 8
170 80 41
170 81 4
170 83 20
170 92 10
170 104 11
170 108 6
170 132 25
170 153 23
170 154 18
170 181 12
170 189 21
170 198 21
170 204 13
170 229 15
170 262 22
171 48 4
171 51 14
171 83 9
171 94 7
171 103 3
171 114 17
171 129 5
171 145 5
171 160 3
171 212 4
171 221 43
171 277 13
172 7 12
172 60 6
172 87 24
172 119 11
172 140 28
172 174 2
172 203 4
172 212 1
172 228 15
172 293 23
173 85 11
173 137 12
173 166 4
173 205 21
173 207 3
173 298 9
173 302 41
173 304 6
173 306 43
174 67 2
174 136 17
174 143 18
174 175 19
174 226 22
174 227 36
174 277 17
174 280 1
174 281 18
175 264 12
175 291 9
176 25 7
176 47 9
176 57 13
176 79 26
176 89 12
176 90 1
176 114 16
176 149 5
176 209 12
176 238 9
176 283 2
176 324 5
177 7 19
177 9 5
177 26 29
177 73 17
177 82 7
177 207 1
177 272 37
177 285 21
177 318 20
177 324 9
178 11 16
178 20 14
178 30 10
178 31 5
178 45 14
178 49 8
178 64 39
178 86 38
178 93 32
178 151 1
178 171 13
178 182 15
178 184 17
178 202 20
178 291 24
178 295 46
178 320 13
179 9 9
179 16 1
179 60 10
179 82 28
179 87 36
179 95 13
179 106 15
179 119 2
179 140 9
179 156 20
179 172 3
179 175 50
179 203 11
179 212 23
179 228 15
179 248 4
179 277 1
179 293 28
180 33 20
180 85 15
180 110 10
180 161 5
180 238 23
180 241 5
180 298 3
180 299 20
180 302 9
180 304 5
180 306 3
180 307 47
181 34 2
181 74 12
181 113 14
181 130 14
181 133 8
181 158 1
181 265 17
181 303 1
181 319 47
182 11 4
182 20 11
182 30 11
182 31 10
182 53 8
182 59 4
182 100 24
182 108 16
182 240 12
182 266 4
182 278 33
182 280 3
182 287 2
183 51 18
183 109 1
183 127 5
183 210 1
183 291 34
183 315 16
183 317 4
183 323 4
184 8 10
184 85 31
184 89 22
184 138 12
184 157 29
184 162 13
184 171 7
184 256 2
184 258 25
184 287 16
184 302 3
185 15 22
185 52 3
185 89 16
185 94 1
185 135 5
185 146 8
185 147 6
185 195 7
185 228 6
185 259 18
185 261 2
185 306 13
185 311 19
186 33 4
186 57 7
186 63 7
186 180 2
186 205 3
186 210 4
186 219 2
186 258 6
186 267 11
186 302 22
186 304 11
187 102 22
187 134 9
187 224 28
187 240 12
187 266 18
187 269 16
187 278 15
187 279 24
187 287 13
187 289 43
187 303 4
187 309 18
187 312 10
188 118 12
188 138 9
188 169 2
188 243 6
188 277 4
188 279 51
188 286 10
188 289 10
188 318 29
188 325 13
189 74 6
189 80 5
189 132 1
189 170 5
189 253 6
189 262 14
189 278 5
189 312 17
189 319 30
189 325 16
190 150 13
190 197 11
190 198 1
190 254 14
190 261 8
190 270 13
190 305 9
190 321 30
190 322 5
191 10 12
191 14 17
191 19 26
191 35 2
191 36 20
191 77 16
191 111 11
191 113 25
191 142 5
191 164 16
191 217 15
191 235 34
191 246 6
191 249 48
191 296 4
191 297 58
192 22 9
192 41 2
192 64 8
192 76 8
192 96 16
192 206 6
192 247 30
192 257 21
192 264 42
192 273 5
192 313 53
193 10 8
193 35 1
193 96 14
193 101 14
193 124 31
193 151 4
193 192 25
193 223 14
193 232 1
193 298 19
194 64 18
194 66 28
194 111 27
194 196 21
194 208 4
194 215 19
194 246 25
194 284 13
194 294 32
195 15 3
195 32 12
195 175 11
195 185 17
195 220 4
195 248 3
195 267 9
195 299 12
196 19 17
196 58 16
196 64 18
196 136 2
196 167 7
196 200 39
196 217 11
196 218 12
196 228 14
196 265 2
196 276 5
197 37 17
197 105 29
197 153 19
197 155 16
197 168 1
197 244 69
197 247 28
197 301 22
197 308 26
197 314 20
198 5 10
198 39 11
198 150 4
198 155 8
198 175 15
198 188 13
198 250 2
198 261 4
198 270 3
198 304 19
198 305 28
198 322 40
198 325 42
199 5 23
199 7 7
199 21 1
199 40 6
199 54 7
199 55 20
199 67 3
199 111 26
199 120 15
199 144 8
199 169 9
199 197 18
199 213 5
199 243 6
199 277 27
200 16 14
200 130 3
200 196 3
201 6 11
201 29 19
201 160 5
201 214 10
201 274 17
201 292 8
201 297 1
202 5 29
202 23 11
202 28 12
202 122 2
202 152 7
202 231 7
202 236 27
202 237 10
202 263 29
202 300 26
202 305 14
202 307 28
202 320 33
202 321 57
203 9 8
203 60 4
203 109 14
203 114 8
203 119 7
203 168 10
203 175 2
203 179 3
203 212 16
203 228 34
203 271 18
204 100 7
204 113 6
204 253 21
204 279 16
204 286 5
204 295 6
204 309 6
204 313 1
204 318 10
204 319 41
205 26 1
205 57 19
205 63 19
205 186 12
205 210 1
205 219 26
205 220 13
205 267 11
205 282 12
205 285 9
205 301 11
205 324 5
206 23 30
206 80 1
206 99 12
206 147 2
206 167 26
206 243 7
206 273 10
206 286 25
206 320 9
207 8 16
207 33 13
207 173 15
207 180 13
207 267 8
207 298 37
207 302 12
207 306 30
208 32 1
208 64 4
208 121 3
208 141 34
208 164 14
208 192 1
208 201 19
208 206 17
208 229 19
208 275 4
208 316 7
209 25 24
209 47 18
209 75 21
209 88 30
209 92 9
209 114 19
209 141 32
209 149 15
209 157 20
209 176 7
209 219 17
209 241 5
209 283 16
210 33 9
210 57 14
210 63 22
210 75 7
210 205 7
210 219 3
210 238 1
210 248 15
210 267 3
210 282 8
210 304 17
211 187 3
211 224 11
211 269 5
211 275 16
211 286 12
211 289 9
211 312 13
212 9 17
212 119 9
212 140 26
212 168 2
212 170 2
212 203 10
212 228 9
212 248 12
212 252 14
213 6 5
213 13 9
213 40 12
213 52 5
213 55 19
213 91 34
213 102 4
213 120 21
213 144 20
213 169 11
213 190 8
213 199 12
214 6 30
214 55 41
214 70 19
214 201 12
214 208 4
214 240 5
214 264 24
214 274 1
214 292 57
214 310 32
214 316 18
215 64 9
215 78 11
215 84 7
215 111 18
215 194 11
215 246 3
215 294 11
216 28 10
216 53 25
216 100 27
216 113 21
216 146 2
216 204 21
216 253 11
216 279 53
216 286 14
216 310 18
216 318 50
216 319 53
217 10 27
217 14 13
217 17 6
217 36 36
217 77 23
217 191 4
217 211 2
217 235 16
217 249 17
217 269 7
217 296 49
217 297 24
218 17 16
218 19 14
218 34 5
218 58 24
218 200 23
218 273 6
218 284 7
218 297 6
219 57 10
219 63 12
219 186 28
219 205 1
219 267 2
219 306 10
220 33 14
220 57 9
220 150 5
220 186 22
220 205 12
220 210 15
220 219 5
220 267 30
220 282 9
220 285 29
220 304 12
221 48 7
221 85 11
221 110 3
221 122 7
221 220 6
221 223 16
222 37 38
222 63 13
222 75 5
222 79 24
222 159 16
222 210 11
222 220 10
222 256 9
222 324 29
223 29 3
223 62 6
223 71 7
223 96 5
223 101 8
223 124 11
223 193 17
223 260 1
223 296 14
224 134 27
224 187 4
224 266 5
224 269 9
224 278 23
224 287 15
224 289 28
224 303 13
224 310 25
224 312 9
225 17 3
225 34 12
225 74 43
225 126 26
225 130 36
225 133 15
225 158 9
225 164 34
225 181 21
225 216 21
225 262 27
225 265 23
225 276 17
225 284 13
225 319 43
226 156 1
226 174 17
226 175 3
226 227 10
226 231 13
226 271 18
226 281 5
226 292 32
226 316 5
226 325 21
227 136 1
227 175 6
227 214 8
227 267 16
227 277 10
227 281 1
228 119 9
228 165 1
228 256 4
228 280 17
229 100 17
229 113 13
229 141 16
229 164 10
229 208 19
229 224 4
229 275 17
229 283 13
229 288 6
229 290 3
230 12 11
230 37 17
230 48 3
230 62 13
230 73 4
230 79 13
230 82 9
230 94 5
230 103 23
230 126 2
230 135 12
230 138 21
230 145 17
230 163 6
230 165 11
230 171 13
230 213 14
230 221 6
230 241 38
230 308 18
231 5 20
231 23 25
231 76 9
231 152 7
231 202 12
231 236 20
231 237 17
231 246 20
231 263 40
231 300 56
231 312 2
231 320 22
231 321 72
232 96 8
232 124 12
232 151 9
232 161 22
232 193 10
232 223 7
232 249 6
232 276 3
233 28 24
233 53 30
233 78 6
233 118 7
233 245 26
233 252 10
233 259 27
233 280 8
233 295 28
233 311 14
233 313 15
234 8 25
234 61 1
234 85 21
234 89 16
234 138 20
234 157 44
234 162 17
234 175 2
234 184 16
234 227 22
234 258 29
234 260 10
234 272 8
234 302 44
235 10 7
235 14 11
235 36 7
235 66 15
235 167 4
235 194 7
235 249 25
235 296 3
235 297 9
236 5 18
236 23 20
236 141 2
236 263 20
236 300 21
236 321 28
237 5 13
237 11 5
237 23 40
237 133 5
237 202 2
237 229 32
237 231 1
237 236 17
237 263 8
237 300 18
237 320 39
237 321 44
238 33 37
238 43 5
238 51 4
238 110 17
238 137 11
238 161 8
238 168 14
238 190 20
238 241 16
238 293 9
238 307 44
239 32 10
239 141 28
239 164 3
239 208 15
239 229 33
239 253 14
239 257 7
239 277 12
239 279 35
239 287 26
239 288 8
240 6 15
240 70 3
240 160 2
240 187 3
240 201 42
240 214 8
240 262 6
240 274 5
240 292 17
240 303 6
240 312 23
240 316 22
241 8 4
241 110 6
241 161 9
241 180 6
241 258 3
241 297 2
241 299 3
241 302 18
241 306 10
241 307 8
242 13 17
242 51 14
242 109 9
242 183 8
242 264 17
242 291 10
242 304 11
242 315 47
242 317 5
242 323 13
243 97 11
243 139 23
243 142 4
243 143 3
243 175 3
243 201 15
243 280 10
243 292 9
244 105 6
244 153 1
244 168 6
244 190 13
244 247 15
244 270 2
244 282 8
244 301 14
244 305 24
244 308 27
244 314 54
244 323 25
245 28 3
245 53 15
245 78 3
245 111 25
245 150 8
245 257 24
245 311 17
245 313 1
246 64 17
246 66 3
246 201 14
246 215 13
246 218 7
246 247 2
246 269 11
246 284 19
246 294 17
246 325 32
247 49 20
247 105 2
247 109 10
247 168 1
247 200 4
247 244 11
247 295 1
247 301 42
247 308 21
247 314 16
248 9 28
248 60 14
248 119 29
248 122 2
248 140 19
248 143 13
248 172 9
248 179 16
248 203 14
248 212 19
248 227 20
248 228 9
248 241 23
248 285 13
248 293 18
249 10 5
249 36 20
249 77 12
249 161 23
249 191 1
249 215 9
249 235 16
249 284 16
249 297 30
250 39 6
250 109 13
250 150 1
250 159 11
250 190 11
250 198 10
250 254 21
250 261 17
250 270 14
250 305 42
250 322 10
251 18 11
251 26 14
251 82 11
251 114 8
251 127 13
251 141 9
251 155 6
251 177 20
251 282 19
252 28 2
252 53 30
252 188 1
252 245 19
252 259 18
252 271 5
252 295 16
252 313 14
253 113 14
253 275 17
253 279 18
253 286 4
253 291 2
253 309 10
253 318 21
253 319 33
254 150 7
254 155 18
254 238 3
254 261 7
254 270 15
254 305 24
254 317 3
254 322 13
255 56 9
255 80 45
255 81 34
255 83 27
255 86 3
255 87 36
255 104 27
255 108 17
255 110 16
255 116 6
255 118 22
255 129 9
255 170 18
255 178 8
255 189 21
255 233 17
255 262 16
255 288 30
255 314 51
256 44 9
256 66 9
256 79 2
256 110 4
256 159 2
256 324 16
257 32 1
257 100 28
257 127 10
257 141 19
257 192 13
257 208 17
257 229 9
257 233 14
257 277 7
257 288 28
258 8 5
258 33 6
258 89 4
258 157 18
259 28 6
259 53 10
259 78 12
259 118 3
259 245 5
259 247 2
259 311 4
259 313 16
260 8 22
260 85 14
260 89 26
260 138 26
260 157 38
260 162 28
260 184 12
260 207 13
260 234 2
260 256 5
260 258 37
260 302 6
260 306 10
261 39 1
261 67 9
261 150 11
261 198 5
261 244 11
261 270 14
261 300 36
261 305 28
261 308 4
261 315 13
261 322 40
262 59 8
262 80 13
262 96 15
262 108 2
262 211 6
262 315 11
262 316 6
263 23 5
263 236 1
263 237 2
263 245 4
263 300 22
263 320 6
263 321 3
263 325 17
264 51 15
264 88 4
264 109 7
264 127 25
264 183 3
264 291 1
264 317 19
264 323 18
265 102 15
265 119 12
265 249 6
266 134 10
266 183 14
266 187 2
266 189 3
266 211 29
266 253 23
266 269 1
266 278 10
266 287 14
266 289 3
266 303 11
266 312 15
267 57 14
267 205 20
267 210 6
267 219 16
267 220 9
267 238 12
267 282 14
267 285 9
267 299 5
267 304 2
267 314 4
268 20 10
268 48 6
268 52 9
268 73 21
268 82 36
268 166 4
268 177 18
268 195 11
268 209 9
268 272 24
269 13 10
269 134 1
269 211 16
269 224 14
269 278 29
269 287 26
269 303 5
269 312 3
270 150 19
270 190 5
270 254 9
270 305 29
270 308 11
270 322 14
271 4 1
271 156 6
271 172 14
271 173 3
271 174 13
271 175 21
271 227 30
271 277 2
271 281 27
271 310 22
272 26 14
272 82 6
272 184 21
272 251 8
272 298 4
273 13 18
273 22 16
273 35 2
273 76 12
273 164 16
273 192 12
273 195 19
273 200 13
273 206 12
273 207 9
273 294 14
273 312 36
274 6 17
274 70 11
274 143 6
274 160 9
274 197 18
274 201 7
274 214 22
274 240 11
274 277 22
274 292 16
274 316 19
275 32 14
275 102 4
275 121 3
275 141 7
275 208 5
275 229 8
275 239 5
275 257 5
275 290 3
275 310 18
276 19 9
276 29 17
276 34 17
276 130 2
276 133 27
276 158 20
276 181 21
276 217 15
276 265 11
277 252 3
277 293 6
278 211 4
278 253 3
279 53 2
279 100 7
279 113 7
279 204 3
279 216 1
279 286 17
279 309 1
279 318 30
279 319 17
280 16 2
280 139 15
280 142 47
280 143 4
280 243 9
280 311 10
281 153 3
281 175 18
281 227 7
281 228 7
281 271 17
281 274 7
282 63 6
282 186 19
282 219 11
282 220 14
282 285 16
282 304 19
282 307 1
282 324 4
283 25 19
283 46 10
283 47 3
283 88 47
283 90 14
283 114 35
283 149 3
283 176 11
283 183 15
283 197 21
283 209 7
283 314 22
284 66 13
284 113 17
284 215 13
284 218 19
284 294 4
284 313 3
284 317 19
285 57 22
285 186 12
285 205 1
285 210 4
285 219 8
285 267 18
285 282 12
285 299 7
285 304 7
285 317 7
286 100 3
286 111 10
286 113 7
286 204 15
286 216 2
286 253 18
286 278 18
286 279 23
286 309 2
286 315 12
286 319 41
287 187 2
287 211 30
287 224 17
287 239 4
287 269 10
287 278 1
287 303 5
288 32 8
288 141 44
288 164 15
288 172 9
288 208 13
288 212 21
288 233 16
288 239 15
288 257 4
288 272 24
288 275 2
288 280 10
289 211 22
289 266 5
289 269 13
289 278 24
289 287 16
289 310 26
289 312 2
290 32 20
290 121 30
290 141 20
290 164 32
290 208 22
290 229 32
290 239 4
290 257 14
290 262 14
290 274 24
290 275 13
290 288 8
290 303 6
291 13 7
291 51 24
291 109 25
291 127 12
291 183 16
291 242 10
291 264 4
291 317 5
291 322 25
291 323 30
292 264 20
292 311 5
293 9 12
293 119 24
293 140 16
293 156 4
293 203 5
293 211 13
293 212 15
293 227 12
293 228 25
294 10 8
294 64 12
294 66 13
294 111 14
294 215 9
294 246 3
294 284 12
294 296 11
294 297 22
295 28 4
295 53 7
295 78 4
295 204 36
295 245 2
295 259 40
295 285 9
295 311 4
295 313 3
295 325 34
296 10 18
296 36 9
296 77 3
296 84 12
296 235 4
296 249 8
296 297 14
297 14 4
297 36 14
297 58 3
297 77 1
298 173 7
298 302 20
298 306 51
298 318 3
299 33 83
299 110 16
299 161 18
299 180 1
299 207 8
299 238 5
299 241 8
299 264 16
299 307 43
300 23 2
300 236 8
300 301 16
300 320 7
300 321 17
301 168 25
301 308 20
301 314 15
301 315 2
302 137 7
302 207 3
302 265 5
302 306 11
303 187 3
303 211 5
303 240 13
303 266 3
303 269 12
303 278 38
303 289 13
304 57 13
304 186 7
304 205 9
304 219 10
304 220 4
304 258 10
304 267 4
304 282 1
305 33 24
305 198 3
305 322 3
306 302 2
307 33 6
307 161 4
307 324 4
308 105 4
308 168 14
308 244 5
308 247 3
308 301 13
308 314 21
309 113 10
309 204 31
309 216 14
309 253 3
309 279 14
309 318 19
309 319 38
310 32 3
310 99 2
310 102 1
310 188 23
310 211 12
310 277 23
310 279 22
311 78 4
311 245 13
311 252 17
312 187 1
312 211 20
312 278 36
312 287 8
312 289 10
312 303 17
313 28 9
313 53 14
313 78 4
313 259 12
313 311 8
314 168 11
314 197 9
314 247 7
314 301 3
315 51 15
315 264 10
315 323 10
315 325 13
316 70 8
316 160 4
316 188 8
316 201 17
316 214 1
316 240 30
316 292 12
317 51 1
317 127 3
317 183 13
317 315 1
317 323 2
317 325 1
318 113 3
318 204 1
318 286 8
318 309 4
318 319 30
319 100 7
320 5 9
320 23 22
320 263 2
320 300 3
320 321 17
321 5 3
321 263 12
321 300 6
322 39 9
322 250 7
322 305 10
323 183 11
323 264 2
323 315 30
324 256 6
325 204 8
325 315 1
325 317 14
