0 72 1
0 82 33
0 126 11
0 249 19
0 253 8
0 284 9
0 287 5
0 292 10
0 298 11
0 304 13
0 306 1
0 315 26
1 12 17
1 39 25
1 40 14
1 41 3
1 81 3
1 99 12
1 136 13
1 144 2
1 146 23
1 165 3
1 293 3
1 297 19
2 13 21
2 14 18
2 22 5
2 91 23
2 94 5
2 101 33
2 117 41
2 128 16
2 147 16
2 182 12
2 211 14
2 281 11
2 319 37
3 2 17
3 6 15
3 17 10
3 36 6
3 51 14
3 87 15
3 104 4
3 109 13
3 133 19
3 166 20
3 187 11
3 200 17
3 205 26
3 242 32
3 295 31
3 311 5
3 329 62
4 0 7
4 6 13
4 9 4
4 18 14
4 31 42
4 45 27
4 46 37
4 59 14
4 77 15
4 96 6
4 98 6
4 103 6
4 153 8
4 204 14
4 254 30
4 265 25
4 278 24
4 308 29
4 322 18
5 8 13
5 55 19
5 116 3
5 119 2
5 143 15
5 163 13
5 175 11
5 226 22
5 230 4
5 242 8
5 255 17
5 288 13
6 1 9
6 11 5
6 15 1
6 41 19
6 65 8
6 82 12
6 120 18
6 131 22
6 146 11
6 159 35
6 165 9
6 211 9
6 215 10
6 237 4
6 267 13
6 272 9
6 290 13
6 293 21
7 3 15
7 4 13
7 5 11
7 34 29
7 44 17
7 79 12
7 105 30
7 107 4
7 134 28
7 137 17
7 147 5
7 163 26
7 174 13
7 188 16
7 194 15
7 248 25
7 256 20
7 277 13
7 296 22
7 319 24
7 325 50
8 27 15
8 116 20
8 119 73
8 125 2
8 130 3
8 151 11
8 171 31
8 174 3
8 199 2
8 236 19
8 238 13
8 239 7
8 277 15
8 325 13
8 327 31
9 22 22
9 72 1
9 182 2
9 222 17
9 226 15
9 236 3
9 288 29
9 292 15
9 296 33
10 11 34
10 13 8
10 15 11
10 32 11
10 95 15
10 102 14
10 124 37
10 158 19
10 165 44
10 169 19
10 209 9
10 215 15
10 232 33
10 260 16
10 293 33
10 317 22
10 325 34
10 326 24
11 6 25
11 13 9
11 41 12
11 120 19
11 131 13
11 162 11
11 192 10
11 203 13
11 237 7
11 259 2
11 260 38
11 290 12
12 120 7
12 159 8
12 229 3
12 272 9
12 285 13
12 299 9
12 309 4
12 314 1
13 93 7
13 113 4
13 258 10
13 260 13
13 312 24
13 319 13
14 42 5
14 167 8
14 284 17
14 312 20
14 325 8
14 329 11
15 10 2
15 14 18
15 18 24
15 31 17
15 102 5
15 151 23
15 158 17
15 163 17
15 165 32
15 215 16
15 284 33
15 293 34
15 324 26
15 325 9
16 18 18
16 26 9
16 49 7
16 57 14
16 58 19
16 67 5
16 121 6
16 134 8
16 138 10
16 183 12
16 201 1
16 298 29
16 324 13
17 14 34
17 15 4
17 16 28
17 21 21
17 35 13
17 70 5
17 109 10
17 133 2
17 142 9
17 185 19
17 205 9
17 212 6
17 242 14
17 270 11
17 276 10
17 321 8
18 3 12
18 28 12
18 46 22
18 132 16
18 153 1
18 169 2
18 208 26
18 265 5
18 269 1
18 298 28
18 308 32
18 310 23
18 317 32
19 1 3
19 24 2
19 54 15
19 78 9
19 82 16
19 84 6
19 88 21
19 158 6
19 176 9
19 198 10
19 322 11
20 16 22
20 22 6
20 24 24
20 49 18
20 57 18
20 58 5
20 67 19
20 103 1
20 140 28
20 185 2
20 201 18
20 268 2
20 287 32
20 306 19
20 324 34
20 326 25
21 3 13
21 24 2
21 35 3
21 36 4
21 71 9
21 77 13
21 87 12
21 132 7
21 133 30
21 166 20
21 200 3
21 205 32
21 279 43
21 289 8
21 316 13
21 328 11
22 32 10
22 72 15
22 83 15
22 125 15
22 182 4
22 191 29
22 236 1
22 269 5
22 288 9
22 296 20
22 319 24
23 9 22
23 19 9
23 26 19
23 68 2
23 78 10
23 79 1
23 105 13
23 133 9
23 159 21
23 212 18
23 286 21
23 306 14
24 19 9
24 21 16
24 65 2
24 69 4
24 171 13
24 179 3
24 180 3
24 185 16
24 255 8
24 259 25
24 264 7
24 267 4
24 321 9
25 21 17
25 23 26
25 26 19
25 27 32
25 66 1
25 68 12
25 76 18
25 78 13
25 90 6
25 91 21
25 179 13
25 187 10
25 211 25
25 234 24
25 239 11
25 274 25
25 281 26
25 287 17
26 78 3
26 148 24
26 163 3
26 164 8
26 199 9
26 270 15
27 13 11
27 50 6
27 86 8
27 123 37
27 164 8
27 190 6
27 231 19
27 235 17
27 245 26
28 26 20
28 31 8
28 122 10
28 157 39
28 161 27
28 231 21
28 253 3
28 260 8
28 261 28
28 266 31
28 276 9
28 278 15
28 307 6
28 329 50
29 10 17
29 30 3
29 34 12
29 37 18
29 38 13
29 52 4
29 53 35
29 61 39
29 64 7
29 73 15
29 84 17
29 88 1
29 97 41
29 98 20
29 111 3
29 114 21
29 122 17
29 143 27
29 162 13
29 168 3
29 260 22
29 269 14
29 307 41
30 1 66
30 4 4
30 17 5
30 39 61
30 81 33
30 84 13
30 95 5
30 102 28
30 136 13
30 144 20
30 156 17
30 160 34
30 170 21
30 182 30
30 192 18
30 210 9
30 290 11
31 145 15
31 232 7
31 270 16
32 12 18
32 28 10
32 100 15
32 160 13
32 178 18
32 235 19
32 275 23
32 299 5
32 324 9
33 5 8
33 8 13
33 55 15
33 119 22
33 143 24
33 175 51
33 226 30
33 235 14
33 239 8
33 255 40
33 256 31
33 258 11
33 277 31
33 296 27
34 3 13
34 23 9
34 33 37
34 97 19
34 125 5
34 134 11
34 163 17
34 165 9
34 213 3
34 214 30
34 248 13
34 255 16
35 104 3
35 208 33
35 209 23
35 238 20
35 255 13
35 262 12
35 289 20
35 302 16
35 308 23
35 316 18
36 39 2
36 41 22
36 51 3
36 166 7
36 205 11
36 243 3
36 291 2
37 40 14
37 106 7
37 193 4
37 218 3
37 271 6
37 287 3
37 295 8
38 29 16
38 36 34
38 37 26
38 53 10
38 55 10
38 61 16
38 64 10
38 73 35
38 77 34
38 92 6
38 97 10
38 98 20
38 173 55
38 182 16
38 187 7
38 293 11
38 320 34
39 1 19
39 19 11
39 37 10
39 47 11
39 81 4
39 99 7
39 131 3
39 136 12
39 144 22
39 157 13
39 159 27
39 170 10
39 192 1
39 210 17
39 296 2
39 323 4
40 27 8
40 50 16
40 77 13
40 86 27
40 123 3
40 148 37
40 164 9
40 190 42
40 230 4
40 235 7
40 236 2
40 245 13
40 327 16
41 40 1
41 104 9
41 120 18
41 131 6
41 142 14
41 158 15
41 215 8
41 229 4
41 232 12
41 237 24
41 290 16
41 296 15
41 309 6
42 12 50
42 28 22
42 78 7
42 95 26
42 100 17
42 108 31
42 120 45
42 129 13
42 224 20
42 229 47
42 285 63
42 293 36
42 299 26
42 301 35
42 305 10
42 309 40
42 314 22
43 4 54
43 18 51
43 45 12
43 46 46
43 71 15
43 77 11
43 150 6
43 153 19
43 167 22
43 168 4
43 169 18
43 186 14
43 240 8
43 253 18
43 265 28
43 270 31
43 295 37
44 76 35
44 93 14
44 105 6
44 164 18
44 175 11
44 206 6
44 214 22
44 273 31
44 296 21
44 327 27
45 18 24
45 24 10
45 31 6
45 46 36
45 71 3
45 112 18
45 141 23
45 154 12
45 169 2
45 176 16
45 181 29
45 208 42
45 240 28
45 265 15
45 273 32
45 317 35
45 323 52
46 4 14
46 45 13
46 54 15
46 63 11
46 96 4
46 149 12
46 153 3
46 168 2
46 169 3
46 211 28
46 250 5
46 272 4
46 308 14
47 37 16
47 62 15
47 100 14
47 149 4
47 152 1
47 154 11
47 160 11
47 177 4
47 203 13
47 234 12
47 314 13
48 7 5
48 13 18
48 34 12
48 53 9
48 70 2
48 76 22
48 107 5
48 134 6
48 136 10
48 137 32
48 148 41
48 163 22
48 184 19
48 194 1
48 196 6
48 213 15
48 214 14
48 248 20
49 16 16
49 41 18
49 58 5
49 67 10
49 85 20
49 109 10
49 121 2
49 140 6
49 201 11
49 221 9
49 268 6
49 318 4
50 11 12
50 27 7
50 86 18
50 123 8
50 148 15
50 164 22
50 174 17
50 235 15
50 258 12
50 288 3
51 3 3
51 17 10
51 21 20
51 36 12
51 50 14
51 52 1
51 56 19
51 87 7
51 92 16
51 109 4
51 115 15
51 143 6
51 166 6
51 179 1
51 205 23
51 229 29
51 242 19
51 243 6
51 286 12
51 300 14
52 3 2
52 17 12
52 21 19
52 36 6
52 51 22
52 74 24
52 87 15
52 96 16
52 103 11
52 109 29
52 110 17
52 133 26
52 166 16
52 187 20
52 205 32
52 225 10
52 242 21
52 243 3
52 258 21
52 262 16
52 280 52
52 300 18
52 307 26
53 25 7
53 36 34
53 61 11
53 67 26
53 73 31
53 98 2
53 106 24
53 146 44
53 261 27
53 265 17
53 286 19
53 315 18
54 37 19
54 63 14
54 91 20
54 94 2
54 106 35
54 191 5
54 193 12
54 222 21
54 226 23
54 269 10
54 270 9
54 271 4
54 295 7
54 304 18
54 305 7
54 315 15
55 148 4
55 151 6
55 164 9
55 175 19
55 190 8
55 199 14
55 222 6
55 226 2
55 277 9
55 281 18
55 307 13
55 327 16
56 24 3
56 37 25
56 54 7
56 63 13
56 106 29
56 193 9
56 218 3
56 270 23
56 271 20
56 287 14
56 295 1
56 305 13
57 49 16
57 58 16
57 67 3
57 167 11
57 203 16
57 217 2
57 245 7
57 263 28
57 268 9
58 16 8
58 20 2
58 49 10
58 67 5
58 172 15
58 195 6
58 263 17
58 268 19
58 298 7
58 304 7
58 311 9
59 4 16
59 18 37
59 34 18
59 35 32
59 43 37
59 45 8
59 96 25
59 118 18
59 145 49
59 153 9
59 169 11
59 228 22
59 265 35
59 278 37
59 283 39
59 303 45
59 305 32
60 50 2
60 61 5
60 104 16
60 174 16
60 195 2
60 204 6
60 254 5
60 278 25
60 303 3
61 18 5
61 38 6
61 59 13
61 97 5
61 98 7
61 150 1
61 204 31
61 207 9
61 228 44
61 283 10
62 47 7
62 149 2
62 152 3
62 154 2
62 155 3
62 159 18
62 170 3
62 177 1
62 203 26
62 232 15
62 266 41
62 282 1
62 295 17
63 37 20
63 106 27
63 173 12
63 193 17
63 270 7
63 271 17
63 286 4
63 287 8
63 295 8
63 306 13
64 15 22
64 23 31
64 53 16
64 61 4
64 97 23
64 98 19
64 117 25
64 119 34
64 122 15
64 162 3
64 253 37
64 254 25
64 257 1
64 265 38
64 315 42
65 6 18
65 11 21
65 41 31
65 64 12
65 80 3
65 99 2
65 120 14
65 131 28
65 160 13
65 166 30
65 184 11
65 210 12
65 234 18
65 237 2
65 259 16
65 290 45
65 314 14
65 325 27
66 23 6
66 24 6
66 25 19
66 26 46
66 29 18
66 45 12
66 52 22
66 65 17
66 68 10
66 75 13
66 78 65
66 81 17
66 142 32
66 150 31
66 179 13
66 187 43
66 212 20
66 213 15
66 262 18
66 278 31
66 300 37
66 307 26
66 313 19
66 321 31
67 0 7
67 20 2
67 49 12
67 58 14
67 140 4
67 221 3
67 247 19
67 304 24
68 15 10
68 25 2
68 26 22
68 57 16
68 75 2
68 78 10
68 88 2
68 90 30
68 150 6
68 166 9
68 179 15
68 180 7
68 187 33
68 193 25
68 200 5
68 263 23
68 268 3
68 270 13
68 328 35
69 19 44
69 24 12
69 80 2
69 87 19
69 88 25
69 89 5
69 92 45
69 118 6
69 129 11
69 139 11
69 152 33
69 153 4
69 180 5
69 185 15
69 198 29
69 216 7
69 239 40
69 264 20
70 14 9
70 20 9
70 61 10
70 74 19
70 105 25
70 112 3
70 167 18
70 172 63
70 183 16
70 217 8
70 223 3
70 233 10
70 251 17
71 4 15
71 18 15
71 43 2
71 46 65
71 59 4
71 61 17
71 77 16
71 92 14
71 96 12
71 153 15
71 242 25
71 262 9
71 265 16
71 316 3
72 9 2
72 119 4
72 125 1
72 182 9
72 191 6
72 277 5
72 288 32
72 296 17
72 319 16
73 2 24
73 3 23
73 64 8
73 97 14
73 98 15
73 111 9
73 123 32
73 168 11
73 171 21
73 274 26
73 280 36
73 286 24
73 320 44
74 70 25
74 103 12
74 112 10
74 140 7
74 172 10
74 183 8
74 187 10
74 197 20
74 217 11
74 219 2
74 233 5
74 251 2
74 252 25
74 291 12
74 320 44
75 2 6
75 23 26
75 25 14
75 26 52
75 68 11
75 78 40
75 136 12
75 138 58
75 142 13
75 150 33
75 187 18
75 192 25
75 212 18
75 278 32
75 286 29
75 308 50
75 321 17
76 93 28
76 105 9
76 206 10
76 273 14
76 320 1
76 327 6
77 60 14
77 104 16
77 124 8
77 204 20
77 205 11
77 242 1
77 246 10
77 249 13
77 250 6
77 296 8
78 23 18
78 26 15
78 27 14
78 109 4
78 131 3
78 150 2
78 167 8
78 179 21
78 187 6
78 212 7
78 248 9
78 284 8
78 313 25
79 14 28
79 34 1
79 48 3
79 72 15
79 85 12
79 107 4
79 134 1
79 137 13
79 163 10
79 179 10
79 194 6
79 213 6
79 226 7
79 248 1
79 263 17
79 315 16
79 327 19
80 7 14
80 19 20
80 24 10
80 35 16
80 69 3
80 89 13
80 90 43
80 99 52
80 127 12
80 167 25
80 180 10
80 198 20
80 215 12
80 243 13
80 254 25
80 262 38
80 264 47
80 282 19
81 1 5
81 10 4
81 39 9
81 62 1
81 96 10
81 99 6
81 131 25
81 141 15
81 157 8
81 170 7
81 178 26
81 183 20
82 143 1
82 249 16
82 260 5
82 286 16
82 304 11
82 307 10
82 315 10
82 320 5
83 13 7
83 168 8
83 206 6
83 239 5
83 255 10
83 319 2
84 13 15
84 37 14
84 83 18
84 114 11
84 133 6
84 184 4
84 221 1
84 225 3
84 243 15
84 248 6
84 258 7
84 319 18
85 31 9
85 50 14
85 108 12
85 145 6
85 208 14
85 240 11
85 267 8
85 281 34
85 298 3
85 310 7
86 8 5
86 27 6
86 40 1
86 123 10
86 148 9
86 161 11
86 164 23
86 230 8
86 235 10
86 245 18
86 251 9
86 312 14
87 3 2
87 17 1
87 21 7
87 36 12
87 61 1
87 90 15
87 133 17
87 186 10
87 209 29
87 241 12
87 242 25
87 243 11
87 266 40
87 279 15
87 282 14
87 326 21
88 3 7
88 24 12
88 80 15
88 89 35
88 90 7
88 169 25
88 185 10
88 186 29
88 209 15
88 215 7
88 241 32
88 248 8
88 264 34
88 276 36
88 302 18
88 328 45
89 19 15
89 21 13
89 24 28
89 26 2
89 88 11
89 90 22
89 180 16
89 198 14
89 208 42
89 260 33
89 264 20
89 279 31
89 292 3
89 313 20
89 321 18
89 323 42
90 19 7
90 24 16
90 32 16
90 88 4
90 89 14
90 115 42
90 127 13
90 155 15
90 180 8
90 185 16
90 198 3
90 237 44
90 264 22
90 282 38
90 286 64
90 325 20
90 328 52
91 117 17
91 211 20
91 249 15
91 261 11
92 60 28
92 77 17
92 115 17
92 124 42
92 149 21
92 186 20
92 188 14
92 189 2
92 195 15
92 204 25
92 246 19
92 250 24
92 316 1
93 44 5
93 76 5
93 91 2
93 105 2
93 151 6
93 206 7
93 211 10
93 214 14
93 273 10
93 288 5
94 2 17
94 37 23
94 91 22
94 101 13
94 117 4
94 147 7
94 173 23
94 183 1
94 211 6
94 256 3
94 269 5
94 286 3
94 304 3
95 10 11
95 15 21
95 19 32
95 63 12
95 71 14
95 100 11
95 102 34
95 158 50
95 165 32
95 206 9
95 215 28
95 276 29
95 293 23
95 294 20
95 301 16
95 306 9
95 325 15
96 18 22
96 43 14
96 45 14
96 46 24
96 87 23
96 92 27
96 153 10
96 169 30
96 172 32
96 218 17
96 224 18
96 225 16
96 240 22
96 265 28
96 284 36
96 291 16
96 311 16
97 27 33
97 30 18
97 38 2
97 46 2
97 53 2
97 61 1
97 63 12
97 78 4
97 84 27
97 98 5
97 122 1
97 218 17
98 38 1
98 53 2
98 64 1
98 73 10
98 97 6
98 101 17
98 111 2
98 117 24
98 122 23
98 157 11
98 231 13
98 266 52
98 287 4
98 288 23
99 30 7
99 39 18
99 131 1
99 144 2
99 170 25
99 192 20
99 275 17
99 293 3
99 305 19
99 314 1
100 14 13
100 32 21
100 37 35
100 159 5
100 160 7
100 178 23
100 234 14
100 244 8
100 259 14
101 82 5
101 91 25
101 117 40
101 146 9
101 273 13
101 307 30
102 10 10
102 14 41
102 20 4
102 99 2
102 158 13
102 165 4
102 209 7
102 246 6
102 275 1
102 293 13
102 324 14
103 13 32
103 14 6
103 83 14
103 84 33
103 114 20
103 180 13
103 183 23
103 199 6
103 225 9
103 258 25
103 319 13
103 321 11
104 18 2
104 60 5
104 92 6
104 124 14
104 146 8
104 186 11
104 195 4
104 204 25
104 254 14
104 298 27
104 320 26
104 328 11
105 35 13
105 44 20
105 76 8
105 93 10
105 174 4
105 190 8
105 196 17
105 206 27
105 214 20
105 273 28
106 151 15
106 270 5
106 271 2
106 295 4
106 305 11
106 327 7
106 329 46
107 7 26
107 50 28
107 60 51
107 79 14
107 126 37
107 130 9
107 134 22
107 137 10
107 163 36
107 164 18
107 179 5
107 188 9
107 194 5
107 213 30
107 220 22
107 235 52
107 248 9
108 12 24
108 42 4
108 174 7
108 224 2
108 229 17
108 246 10
108 285 1
108 299 52
108 301 25
108 309 29
108 314 10
109 17 13
109 21 11
109 36 21
109 52 19
109 79 11
109 83 9
109 87 2
109 128 13
109 133 7
109 166 7
109 197 10
109 205 22
109 225 11
109 227 21
109 242 28
109 247 2
109 257 18
110 112 5
110 121 31
110 138 18
110 139 8
110 156 35
110 201 11
110 221 13
110 223 15
110 257 10
110 312 15
111 5 13
111 29 10
111 38 19
111 53 8
111 56 13
111 61 32
111 64 26
111 75 7
111 97 26
111 98 35
111 122 33
111 127 11
111 134 11
111 162 1
111 168 8
111 193 54
111 257 33
111 291 28
111 298 42
111 300 32
112 14 20
112 166 3
112 172 11
112 183 2
112 222 14
112 223 13
112 233 16
112 291 5
112 311 14
113 9 16
113 13 12
113 22 5
113 83 16
113 84 23
113 103 2
113 168 7
113 184 7
113 190 21
113 296 10
113 319 43
114 9 17
114 13 47
114 60 10
114 73 9
114 75 13
114 83 29
114 84 17
114 86 14
114 91 16
114 113 26
114 123 23
114 168 35
114 225 12
114 231 24
114 239 9
114 258 47
114 319 26
115 92 7
115 135 13
115 173 29
115 176 2
115 181 24
115 205 2
115 274 16
115 283 21
115 303 6
115 317 7
116 8 15
116 22 25
116 72 27
116 83 1
116 113 14
116 119 38
116 126 6
116 151 25
116 171 24
116 174 23
116 175 21
116 196 10
116 199 22
116 226 8
116 255 13
116 327 88
117 91 10
117 93 12
117 101 8
117 258 9
117 269 8
117 307 2
118 4 16
118 18 3
118 43 7
118 45 1
118 46 8
118 59 3
118 71 31
118 96 29
118 101 45
118 115 18
118 153 4
118 169 48
118 173 32
118 179 15
118 200 2
118 219 20
118 265 30
118 276 31
118 281 31
118 310 29
119 13 14
119 55 3
119 151 10
119 199 5
119 327 20
120 32 5
120 41 17
120 165 4
120 174 10
120 204 4
120 229 16
120 230 13
120 237 4
120 246 5
120 325 32
121 58 4
121 138 35
121 156 31
121 223 19
121 233 7
121 257 6
121 312 24
122 38 1
122 53 10
122 59 7
122 60 13
122 61 17
122 97 11
122 184 27
122 218 17
122 261 18
122 271 3
122 283 31
122 303 16
122 310 12
123 50 1
123 86 14
123 164 19
123 190 3
123 288 14
123 307 23
124 60 5
124 78 3
124 284 17
125 9 16
125 22 5
125 50 21
125 72 11
125 134 21
125 143 36
125 171 7
125 191 16
125 222 5
125 236 27
125 288 11
125 296 30
125 319 36
126 22 15
126 44 10
126 76 29
126 93 41
126 105 17
126 110 5
126 184 16
126 196 17
126 206 26
126 214 44
126 273 33
126 277 3
127 19 30
127 24 4
127 69 8
127 80 10
127 88 20
127 89 20
127 90 20
127 107 12
127 150 13
127 154 6
127 185 23
127 187 18
127 198 1
127 201 8
127 224 10
127 264 47
127 276 23
127 278 59
127 284 40
127 306 28
127 325 36
128 2 13
128 36 1
128 70 5
128 87 5
128 91 20
128 94 25
128 101 42
128 117 55
128 147 15
128 204 8
128 211 16
128 239 4
128 249 48
128 256 15
128 269 6
128 295 21
128 307 32
128 320 16
129 11 6
129 12 29
129 42 1
129 62 11
129 108 10
129 152 3
129 155 7
129 203 18
129 224 20
129 229 37
129 285 12
129 299 21
129 301 33
129 309 38
129 314 31
130 3 19
130 7 11
130 13 30
130 26 13
130 27 24
130 34 20
130 48 22
130 79 10
130 84 9
130 86 24
130 107 10
130 134 11
130 153 4
130 161 26
130 248 4
130 276 31
130 288 36
131 11 13
131 12 6
131 41 10
131 120 21
131 141 6
131 178 41
131 229 1
131 234 12
131 252 3
131 301 28
131 305 14
131 314 15
132 35 14
132 47 8
132 208 15
132 209 16
132 238 32
132 241 29
132 262 7
132 289 10
132 302 12
132 308 11
132 312 22
132 314 9
133 21 5
133 36 11
133 51 12
133 52 12
133 60 8
133 157 25
133 205 11
133 209 30
133 238 1
133 242 20
133 283 28
133 323 16
134 38 18
134 72 8
134 98 10
134 130 3
134 163 1
134 206 9
134 213 9
134 222 20
134 245 11
135 42 3
135 113 4
135 115 5
135 124 4
135 173 28
135 176 12
135 181 9
135 228 18
135 272 8
135 274 27
135 283 13
135 303 3
135 317 15
135 322 7
136 1 15
136 23 2
136 39 8
136 41 2
136 79 10
136 81 20
136 144 23
136 170 24
136 210 9
136 229 13
136 263 15
136 285 11
136 313 11
137 13 3
137 34 29
137 38 13
137 48 6
137 71 15
137 76 34
137 82 34
137 114 6
137 117 29
137 130 4
137 134 5
137 163 18
137 191 12
137 194 2
137 248 10
137 276 24
137 319 15
138 100 20
138 110 6
138 139 4
138 221 7
138 223 12
138 227 15
138 257 16
138 273 8
138 275 5
138 312 52
138 313 8
138 318 4
139 15 5
139 110 14
139 121 42
139 138 30
139 156 14
139 166 10
139 177 6
139 187 5
139 221 11
139 223 42
139 257 18
139 312 46
139 323 62
140 16 20
140 34 4
140 49 15
140 57 53
140 58 26
140 67 10
140 154 5
140 160 18
140 189 2
140 201 13
140 237 10
140 268 8
140 302 5
140 311 10
140 322 13
141 0 36
141 34 6
141 36 15
141 82 30
141 100 11
141 249 40
141 286 15
141 296 9
141 304 26
141 306 25
141 311 16
141 315 35
141 317 9
141 320 8
142 23 37
142 25 25
142 26 26
142 33 33
142 43 14
142 68 6
142 73 5
142 75 3
142 78 15
142 138 10
142 139 29
142 163 8
142 179 2
142 187 21
142 193 32
142 270 40
142 309 11
143 5 13
143 9 3
143 33 18
143 55 23
143 164 10
143 175 13
143 226 1
143 273 12
143 277 16
144 1 9
144 11 5
144 12 16
144 39 2
144 40 8
144 78 35
144 81 23
144 96 19
144 99 6
144 148 29
144 168 3
144 192 19
144 212 11
144 224 1
144 280 31
144 300 24
145 27 10
145 31 12
145 85 3
145 225 7
145 240 6
145 247 2
145 267 12
145 281 22
145 298 28
145 304 15
145 311 10
145 318 28
145 329 44
146 28 9
146 82 15
146 161 49
146 231 20
146 260 27
146 266 41
146 276 13
146 278 29
146 329 18
147 2 23
147 55 24
147 60 2
147 91 29
147 94 6
147 101 33
147 105 13
147 117 3
147 128 3
147 134 10
147 175 17
147 206 12
147 211 32
147 256 12
147 258 10
147 269 2
147 307 22
148 27 24
148 86 14
148 123 7
148 164 5
148 190 5
148 199 10
148 235 9
148 245 24
149 3 9
149 47 33
149 62 7
149 154 15
149 155 15
149 177 3
149 203 17
149 242 3
149 280 14
149 282 1
149 302 9
149 316 18
150 23 17
150 25 2
150 26 25
150 63 15
150 68 8
150 86 18
150 116 16
150 120 26
150 142 10
150 172 14
150 179 21
150 181 17
150 185 9
150 187 13
150 193 35
150 276 21
150 313 10
151 8 4
151 119 19
151 123 9
151 174 11
151 199 1
151 231 10
151 288 3
151 327 15
152 47 28
152 62 13
152 115 21
152 149 26
152 154 20
152 155 2
152 177 11
152 188 18
152 203 19
152 215 6
152 216 10
152 247 26
152 265 11
152 282 21
152 299 9
152 303 14
153 36 4
153 45 12
153 96 5
153 118 12
153 133 2
153 141 10
153 168 14
153 169 3
153 218 34
153 265 27
153 270 26
153 271 32
154 32 15
154 47 13
154 62 3
154 124 20
154 155 11
154 177 7
154 203 32
154 262 9
154 323 53
155 5 26
155 14 9
155 47 41
155 62 13
155 124 29
155 144 1
155 149 20
155 154 35
155 177 23
155 188 39
155 203 12
155 212 33
155 253 32
155 280 26
155 282 10
156 110 6
156 126 6
156 138 14
156 221 15
156 223 16
156 231 18
156 255 23
156 257 11
156 291 10
156 312 28
157 146 2
157 161 25
157 207 3
157 214 1
157 231 2
157 260 14
157 266 13
157 278 13
157 329 18
158 57 10
158 241 18
158 246 12
158 275 25
158 283 36
158 293 7
158 325 8
159 32 5
159 100 6
159 160 11
159 178 2
159 244 2
159 259 3
159 275 2
159 294 7
160 32 4
160 159 3
160 178 46
160 221 5
160 275 14
160 301 15
161 117 3
161 222 11
161 231 2
161 266 20
161 307 10
162 38 34
162 53 58
162 61 36
162 64 22
162 68 14
162 73 36
162 94 21
162 97 58
162 98 34
162 101 39
162 107 7
162 111 2
162 118 13
162 121 49
162 122 20
162 169 13
162 170 32
162 179 7
162 216 28
162 223 43
162 293 36
163 6 8
163 34 5
163 40 31
163 51 2
163 79 7
163 83 14
163 198 10
163 261 5
164 148 3
164 230 3
164 235 7
164 327 15
165 15 5
165 108 3
165 158 7
165 215 8
165 230 4
165 290 20
165 293 10
165 309 18
166 3 9
166 14 12
166 17 12
166 87 8
166 133 8
166 205 2
166 242 16
166 317 8
166 321 10
167 14 15
167 61 3
167 87 6
167 128 4
167 207 4
167 244 26
167 264 15
167 284 7
167 307 19
167 313 27
167 323 17
167 324 44
167 325 6
167 329 64
168 5 2
168 13 6
168 33 1
168 83 20
168 84 6
168 103 15
168 113 32
168 184 25
168 194 1
168 213 18
168 225 18
168 258 6
168 319 45
169 4 1
169 45 19
169 71 22
169 103 2
169 153 8
169 173 41
169 192 12
169 253 26
169 265 17
169 271 6
169 272 9
169 304 32
170 1 36
170 39 10
170 67 4
170 144 15
170 243 3
170 252 7
170 285 20
170 290 12
170 293 5
170 297 33
171 8 9
171 86 6
171 91 11
171 119 2
171 143 4
171 151 13
171 174 19
171 199 4
171 211 6
171 216 3
171 245 21
171 251 9
171 327 63
172 121 4
172 183 5
172 197 5
172 223 9
172 233 9
172 252 10
172 295 11
172 300 13
173 101 13
173 260 1
174 119 9
174 151 5
174 171 10
174 175 8
174 199 7
174 277 14
174 303 6
174 327 11
175 5 8
175 55 2
175 76 2
175 143 1
175 226 3
175 235 5
175 255 10
175 277 13
176 36 30
176 115 9
176 135 12
176 173 5
176 181 17
176 228 29
176 272 4
176 274 9
176 283 14
176 303 22
176 317 9
177 6 7
177 47 14
177 62 7
177 154 3
177 166 1
177 170 4
177 189 2
177 202 1
177 203 61
177 229 9
177 232 13
177 282 12
177 304 7
178 32 11
178 47 5
178 100 24
178 234 3
178 244 8
178 303 4
178 314 4
179 23 16
179 25 7
179 26 5
179 63 16
179 67 4
179 78 22
179 142 13
179 150 15
179 187 17
179 202 1
179 219 12
179 263 4
180 8 7
180 19 5
180 24 18
180 57 27
180 90 13
180 97 2
180 127 8
180 161 17
180 165 10
180 185 5
180 198 15
180 240 6
180 245 12
180 264 46
180 325 18
181 135 1
181 173 4
181 176 19
181 228 10
181 272 1
181 274 5
181 303 2
181 308 9
181 317 17
181 329 34
182 9 8
182 72 32
182 83 9
182 113 16
182 125 6
182 140 5
182 191 10
182 222 32
182 236 17
182 288 37
182 296 15
183 74 7
183 112 6
183 137 4
183 219 9
183 295 4
183 306 1
184 0 4
184 13 5
184 56 3
184 61 10
184 83 5
184 107 2
184 113 13
184 143 14
184 196 2
184 236 10
184 319 16
185 19 22
185 80 7
185 89 10
185 169 1
185 180 7
185 207 20
185 231 30
185 244 34
185 260 22
185 264 11
185 275 33
185 326 57
186 60 8
186 77 7
186 94 7
186 124 22
186 246 2
186 284 7
186 289 4
186 297 22
186 298 5
186 318 7
187 23 29
187 26 27
187 58 1
187 68 3
187 110 10
187 158 1
187 247 20
188 21 1
188 47 28
188 62 23
188 149 35
188 154 12
188 177 19
188 203 6
188 250 5
188 279 59
188 282 16
188 289 6
189 16 19
189 20 10
189 49 24
189 57 7
189 58 36
189 67 34
189 70 11
189 96 14
189 102 12
189 140 10
189 155 6
189 156 12
189 166 26
189 201 1
189 240 23
189 267 9
189 268 7
189 318 4
190 40 7
190 50 29
190 86 11
190 119 15
190 123 5
190 134 1
190 148 9
190 164 18
190 235 6
190 277 7
190 327 14
191 9 6
191 22 5
191 40 3
191 72 14
191 119 17
191 143 11
191 182 21
191 190 12
191 222 3
191 288 36
191 296 7
191 310 3
192 1 31
192 30 11
192 39 4
192 81 21
192 99 2
192 136 24
192 170 17
192 175 17
192 210 10
192 246 4
192 259 18
192 293 9
192 299 10
193 37 9
193 56 5
193 101 22
193 106 10
193 205 1
193 218 24
193 270 15
193 271 17
193 287 5
193 304 6
193 305 2
193 320 5
194 8 38
194 33 10
194 34 8
194 44 14
194 48 6
194 69 21
194 79 5
194 93 25
194 113 21
194 130 17
194 134 2
194 137 38
194 163 33
194 213 11
194 230 20
194 239 15
194 248 35
194 250 19
194 258 11
195 49 15
195 60 16
195 77 23
195 104 4
195 113 21
195 124 2
195 145 12
195 183 16
195 186 1
195 246 5
195 250 5
195 259 26
195 265 10
195 267 10
195 311 7
195 318 21
196 23 11
196 44 3
196 76 29
196 83 5
196 93 26
196 105 15
196 113 15
196 206 25
196 214 25
196 216 6
196 222 17
196 226 37
196 273 70
196 312 16
197 14 16
197 49 16
197 70 4
197 74 1
197 110 6
197 112 16
197 172 4
197 183 5
197 219 3
197 220 7
197 233 11
197 251 15
197 254 8
197 257 12
197 291 1
197 312 22
198 19 2
198 24 31
198 89 6
198 99 9
198 102 3
198 180 12
198 185 20
198 233 15
198 246 4
198 247 18
198 264 11
198 302 4
198 321 7
198 326 34
199 8 3
199 44 11
199 91 3
199 119 8
199 151 5
199 164 6
199 171 3
199 174 27
199 175 10
199 245 14
199 327 23
200 3 10
200 17 50
200 36 51
200 51 12
200 52 10
200 59 4
200 87 49
200 109 4
200 119 41
200 133 8
200 145 15
200 166 18
200 169 23
200 192 15
200 205 45
200 227 20
200 240 34
200 242 36
200 243 11
200 260 34
200 281 64
200 311 28
201 16 11
201 20 15
201 49 14
201 57 18
201 58 11
201 67 24
201 74 6
201 189 19
201 233 2
201 254 13
201 268 8
201 284 25
201 312 36
201 317 47
202 32 1
202 121 4
202 154 23
202 166 1
202 201 10
202 213 18
202 227 32
202 244 48
202 263 30
202 294 35
202 300 21
202 313 19
202 321 16
202 325 21
202 328 47
203 149 1
203 154 7
203 188 5
203 275 1
203 290 1
203 301 19
204 77 7
204 85 2
204 124 17
204 186 26
204 250 3
205 87 2
205 132 3
205 204 9
205 242 1
205 316 23
205 324 21
205 328 17
206 44 5
206 55 4
206 76 9
206 93 2
206 105 2
206 199 7
206 245 1
206 273 47
206 327 14
207 232 6
207 253 2
207 280 10
207 292 7
207 297 2
207 313 6
207 323 3
207 324 6
207 326 16
208 85 7
208 238 9
208 264 14
208 308 5
208 328 16
209 124 21
209 208 12
209 238 7
209 290 9
209 308 23
209 316 14
210 1 47
210 21 47
210 30 17
210 38 4
210 39 40
210 43 3
210 81 21
210 95 7
210 99 31
210 120 7
210 127 5
210 136 12
210 144 17
210 160 33
210 164 61
210 165 29
210 170 55
210 192 6
211 2 3
211 91 30
211 101 39
211 117 36
211 123 22
211 236 2
211 256 2
211 288 3
212 28 24
212 31 2
212 146 12
212 157 25
212 161 16
212 231 15
212 260 10
212 261 7
212 266 36
212 278 22
212 280 15
213 26 13
213 53 15
213 56 25
213 79 1
213 106 35
213 130 3
213 134 9
213 137 7
213 161 23
213 163 12
213 194 2
213 203 18
213 229 6
213 248 15
214 76 11
214 83 3
214 93 11
214 126 7
214 175 6
214 196 2
214 206 26
214 216 21
214 226 13
214 273 3
215 1 1
215 15 6
215 24 3
215 39 25
215 102 21
215 158 11
215 176 15
215 284 20
215 293 10
215 303 17
216 22 22
216 44 25
216 72 20
216 76 24
216 93 30
216 105 68
216 116 5
216 126 46
216 175 10
216 196 11
216 206 44
216 214 1
216 273 64
216 296 25
217 13 12
217 112 20
217 125 6
217 146 21
217 156 11
217 172 39
217 183 17
217 197 2
217 219 15
217 220 16
217 223 4
217 251 32
217 321 29
218 37 11
218 54 11
218 63 13
218 106 27
218 117 9
218 270 21
218 287 22
218 295 24
218 307 44
218 310 11
219 67 6
219 70 9
219 110 15
219 112 25
219 156 7
219 172 13
219 197 24
219 227 7
219 233 8
219 251 1
219 252 8
219 291 4
220 26 2
220 62 3
220 67 28
220 70 11
220 74 11
220 112 12
220 172 16
220 174 12
220 183 26
220 217 16
220 219 9
220 222 4
220 233 13
220 252 13
220 291 15
221 14 34
221 74 13
221 110 15
221 121 28
221 138 23
221 219 6
221 257 4
221 300 3
221 312 33
222 22 12
222 72 6
222 191 5
222 255 11
222 288 9
222 296 8
222 319 6
223 110 7
223 156 14
223 221 29
223 261 32
223 312 17
224 9 3
224 12 24
224 42 3
224 229 18
224 280 23
224 285 49
224 299 49
224 301 31
224 309 20
224 314 9
225 13 11
225 83 7
225 84 1
225 102 5
225 103 4
225 113 18
225 166 8
225 184 1
225 207 19
225 217 11
225 239 4
225 258 19
225 262 9
225 276 13
225 277 11
225 319 37
226 5 4
226 55 7
226 126 10
226 143 16
226 148 18
226 164 13
226 175 2
226 199 11
226 255 23
226 277 9
227 77 12
227 85 16
227 158 10
227 263 18
227 294 48
227 300 6
227 313 28
227 321 16
227 328 30
228 115 14
228 173 17
228 176 11
228 181 13
228 272 6
228 283 12
228 303 1
228 329 28
229 12 2
229 67 1
229 108 3
229 159 24
229 285 5
229 301 19
229 309 1
229 314 14
230 27 26
230 40 8
230 50 19
230 123 5
230 148 22
230 164 18
230 190 12
230 191 1
230 235 13
230 245 22
231 91 3
231 157 15
231 161 15
231 212 1
231 214 8
231 260 19
231 261 4
231 266 67
231 276 2
231 278 15
232 133 8
232 207 26
232 250 13
232 253 13
232 280 14
232 297 12
232 323 20
232 324 39
232 326 22
233 109 15
233 112 13
233 167 6
233 172 19
233 183 11
233 197 11
233 217 8
233 219 3
233 247 16
233 251 3
233 319 9
234 32 16
234 100 11
234 157 20
234 159 15
234 160 12
234 161 5
234 178 21
234 259 12
234 266 45
234 275 17
234 280 1
234 298 13
234 301 17
235 27 3
235 40 4
235 86 8
235 123 10
235 277 7
235 307 27
236 9 10
236 22 1
236 72 6
236 182 29
236 191 14
236 222 25
236 230 17
236 256 5
236 288 24
236 296 20
237 11 5
237 33 4
237 62 11
237 65 3
237 129 3
237 131 7
237 159 5
237 211 5
237 239 26
237 259 21
237 307 33
237 309 16
238 208 8
238 209 8
238 241 17
238 289 10
238 292 23
238 308 18
238 316 5
238 325 10
238 328 3
239 9 8
239 13 23
239 56 15
239 83 8
239 84 25
239 103 13
239 113 17
239 114 15
239 168 19
239 184 26
239 258 35
239 299 28
239 319 51
240 31 25
240 145 12
240 212 6
240 247 15
240 267 6
240 281 35
240 292 19
240 298 16
241 35 12
241 208 6
241 209 7
241 244 9
241 308 32
241 324 16
242 21 2
242 36 6
242 205 3
242 249 8
242 253 12
242 260 19
242 323 21
242 329 19
243 3 3
243 17 23
243 21 5
243 36 12
243 53 12
243 109 3
243 133 15
243 149 12
243 166 2
243 183 3
243 185 14
243 202 7
243 204 6
243 205 8
243 242 29
243 267 20
243 269 24
243 272 31
243 292 32
244 14 27
244 47 19
244 100 13
244 167 23
244 178 7
244 223 7
244 275 20
244 284 26
244 307 22
244 325 19
245 27 4
245 40 8
245 44 1
245 50 5
245 86 19
245 123 36
245 164 11
245 190 7
245 230 10
245 235 30
246 60 13
246 77 2
246 92 13
246 104 24
246 108 22
246 124 25
246 160 35
246 186 27
246 195 9
246 204 27
246 250 12
246 254 10
246 325 19
247 31 3
247 58 5
247 85 9
247 178 3
247 240 21
247 263 3
247 298 4
247 311 12
247 322 8
248 56 10
248 83 10
248 134 9
248 137 3
248 163 16
248 190 1
248 191 4
248 230 20
248 231 13
248 256 4
248 320 37
249 82 13
249 98 4
249 151 5
249 306 8
249 307 13
249 320 6
250 14 5
250 60 23
250 104 22
250 124 29
250 186 15
250 232 21
250 234 21
250 240 2
250 254 35
250 269 4
250 272 19
250 291 5
250 311 4
251 13 13
251 70 33
251 74 11
251 105 4
251 110 1
251 112 3
251 151 35
251 172 20
251 183 36
251 197 3
251 220 15
251 221 6
251 237 15
251 252 4
251 291 8
252 54 13
252 70 16
252 98 6
252 110 16
252 112 21
252 121 4
252 172 45
252 183 20
252 197 34
252 204 20
252 217 9
252 220 17
252 227 9
252 233 10
253 204 2
253 207 8
253 232 4
253 280 5
253 297 5
253 317 13
253 323 34
253 324 11
253 326 10
254 60 10
254 77 17
254 92 1
254 104 6
254 124 6
254 132 10
254 186 7
254 189 17
254 195 5
254 204 4
254 250 7
254 297 15
254 316 10
254 319 20
255 5 5
255 55 26
255 76 12
255 105 2
255 143 16
255 245 16
255 266 49
255 273 12
255 315 13
256 2 19
256 91 27
256 101 38
256 117 37
256 119 11
256 147 18
256 211 6
256 219 4
256 230 29
256 235 7
256 239 8
256 269 2
257 16 4
257 33 10
257 94 9
257 110 6
257 121 6
257 156 13
257 221 24
257 223 43
257 305 9
257 312 12
258 83 10
258 84 8
258 123 14
258 170 9
258 171 13
258 319 11
259 32 12
259 100 10
259 112 12
259 159 12
259 160 22
259 178 46
259 224 10
259 234 14
259 275 12
259 294 12
259 318 3
260 157 3
260 161 14
260 266 15
260 306 9
261 28 3
261 146 15
261 157 35
261 161 20
261 260 12
261 266 34
261 278 7
261 329 58
262 35 19
262 132 2
262 208 17
262 209 25
262 238 8
262 241 3
262 242 13
262 289 22
262 302 5
262 308 2
262 316 49
262 328 7
263 121 14
263 202 2
263 244 9
263 294 20
263 300 4
263 313 11
263 321 1
263 328 28
264 19 8
264 187 1
264 266 24
264 297 13
264 313 18
264 323 32
264 326 10
264 329 36
265 46 12
265 96 9
265 157 11
265 176 5
265 292 17
265 329 31
266 93 7
266 161 14
267 31 16
267 188 6
267 212 29
267 240 8
267 247 10
267 281 41
267 298 50
267 299 23
267 302 11
267 311 9
267 318 4
268 16 21
268 49 9
268 57 1
268 58 18
268 67 24
268 121 7
268 138 11
268 140 1
268 180 17
268 189 6
268 201 14
268 245 30
268 252 11
268 262 7
268 300 18
268 307 21
268 322 23
269 2 15
269 84 8
269 91 35
269 94 9
269 101 22
269 117 27
269 128 4
269 146 29
269 147 12
269 211 32
269 256 3
269 258 11
270 37 9
270 271 5
270 320 12
271 31 5
271 37 12
271 46 7
271 63 7
271 106 10
271 218 9
271 295 4
271 315 19
272 115 29
272 135 15
272 151 25
272 173 18
272 274 3
272 283 1
272 317 24
273 76 2
273 93 26
273 105 4
273 148 14
273 175 20
273 214 6
273 236 11
273 307 5
274 135 9
274 173 24
274 176 5
274 181 9
274 228 31
274 283 14
274 303 19
274 317 4
274 329 49
275 32 20
275 100 22
275 159 3
275 160 24
275 178 17
275 203 13
275 244 16
275 259 12
275 325 12
276 157 15
276 161 24
276 212 15
276 231 21
276 260 14
276 261 15
276 266 70
276 278 4
277 5 11
277 55 30
277 119 3
277 175 5
277 199 10
277 226 4
277 255 17
277 319 4
277 327 7
278 28 7
278 157 2
278 161 27
278 231 11
278 260 7
278 261 11
278 266 38
278 276 4
278 297 4
278 329 29
279 207 14
279 232 12
279 238 15
279 253 12
279 292 14
279 297 4
279 323 10
279 324 4
279 326 1
280 31 13
280 207 18
280 232 2
280 238 4
280 279 6
280 292 4
280 308 15
280 323 12
280 324 17
280 326 6
281 14 12
281 31 16
281 266 17
281 298 14
281 318 22
282 47 27
282 62 11
282 149 3
282 177 6
282 203 28
282 241 17
282 264 34
282 326 37
283 115 9
283 173 38
283 176 7
283 181 7
283 228 5
283 265 4
283 272 3
284 0 12
284 14 9
284 35 11
284 156 18
284 232 3
284 302 12
284 324 10
284 325 5
285 11 12
285 12 3
285 108 16
285 124 13
285 159 12
285 203 21
285 229 20
285 299 18
285 301 40
285 309 9
285 314 14
286 0 29
286 82 3
286 249 15
286 270 14
286 304 12
286 306 12
286 315 3
287 37 6
287 54 23
287 106 9
287 169 1
287 186 16
287 193 18
287 218 14
287 270 29
287 271 24
287 272 8
287 295 55
287 311 8
288 22 9
288 125 8
288 182 7
288 222 2
288 249 1
288 296 3
289 104 16
289 154 6
289 208 23
289 209 19
289 241 5
289 262 5
289 284 8
289 302 30
289 308 18
289 316 6
290 11 14
290 20 12
290 32 9
290 41 10
290 102 7
290 120 10
290 131 50
290 160 19
290 203 14
290 237 8
290 309 8
291 46 3
291 70 3
291 152 8
291 172 32
291 183 9
291 197 8
291 211 23
291 217 11
291 219 10
291 233 16
291 252 6
291 282 11
292 232 9
292 238 26
292 253 26
292 280 22
292 297 10
292 323 35
292 324 39
292 326 12
293 10 15
293 11 13
293 47 13
293 100 18
293 158 1
293 294 25
294 57 20
294 100 6
294 313 7
294 314 29
294 321 2
294 322 5
294 328 16
295 37 12
295 63 3
295 193 27
295 270 15
295 310 11
295 311 4
296 22 3
296 182 2
296 230 1
296 236 9
296 288 12
297 132 2
297 232 4
297 253 1
297 279 6
297 280 12
297 323 12
297 324 32
297 326 9
298 14 2
298 31 4
298 240 6
298 310 3
299 12 1
299 82 4
299 301 43
299 307 15
299 309 9
299 325 22
300 26 13
300 139 1
300 227 3
300 262 13
300 263 3
300 294 22
300 307 7
300 313 17
300 321 20
300 328 10
301 11 9
301 12 31
301 229 6
302 149 8
302 208 15
302 209 25
302 238 4
302 241 24
302 262 8
302 308 15
302 316 5
303 135 12
303 173 29
303 181 17
303 228 27
303 272 8
303 283 6
303 317 2
304 0 1
304 31 10
304 82 18
304 141 8
304 249 16
304 286 16
304 315 3
305 37 8
305 54 18
305 63 18
305 104 15
305 106 34
305 193 6
305 218 4
305 270 21
305 271 3
305 287 23
305 295 6
305 329 54
306 0 13
306 117 19
306 123 17
306 244 24
306 249 16
306 286 19
306 304 22
306 315 18
306 320 17
307 161 6
308 207 10
308 266 34
308 316 9
309 12 4
309 224 13
309 229 13
309 259 9
309 285 17
309 299 5
309 301 32
309 314 14
310 31 15
310 85 8
310 145 14
310 228 18
310 240 21
310 247 31
310 267 4
310 281 30
310 311 15
310 318 2
311 31 19
311 77 18
311 85 27
311 240 18
311 247 14
311 281 4
311 310 6
311 318 10
312 110 4
312 112 14
312 121 8
313 110 15
313 227 8
313 294 13
313 300 5
313 321 11
313 322 5
313 328 7
314 12 2
314 42 7
314 108 3
314 160 2
314 301 29
314 309 11
315 0 3
315 27 9
315 82 7
315 106 19
315 113 1
315 249 17
315 286 1
315 304 2
315 306 5
315 320 6
316 2 11
316 35 3
316 132 10
316 208 1
316 238 13
316 241 17
316 308 20
317 41 3
317 115 11
317 173 30
317 176 6
317 228 23
317 274 27
317 283 11
317 303 6
318 31 19
318 166 16
318 240 17
318 247 28
318 267 6
318 298 27
318 311 13
319 83 6
319 324 14
320 0 6
320 72 2
320 82 8
320 249 20
320 286 13
320 304 11
320 306 3
320 315 16
321 197 24
321 202 1
321 263 5
321 294 21
321 313 16
321 322 14
321 328 36
322 202 21
322 227 21
322 244 7
322 263 6
322 294 10
322 300 7
322 307 23
322 321 7
322 328 16
323 207 6
323 279 4
323 297 2
323 324 8
323 326 5
324 207 5
324 253 4
324 297 2
324 326 8
325 284 14
325 307 28
326 279 17
326 292 3
326 323 4
326 324 5
327 151 20
328 313 3
