0 29 13
0 33 4
0 59 22
0 111 4
0 118 29
0 140 21
0 158 8
0 166 35
0 202 4
0 215 20
1 0 5
1 7 35
1 15 2
1 29 23
1 47 14
1 67 1
1 95 6
1 125 13
1 134 4
1 141 15
1 154 6
1 187 20
1 189 10
1 193 12
1 197 16
1 198 34
1 224 31
1 249 19
1 263 13
2 0 9
2 6 17
2 101 41
2 142 11
2 202 15
2 227 15
2 235 13
2 243 25
2 256 13
2 270 6
2 284 34
2 287 17
2 323 28
3 1 5
3 2 19
3 10 5
3 20 30
3 22 10
3 40 27
3 49 3
3 76 25
3 82 11
3 94 2
3 104 28
3 116 37
3 117 8
3 128 15
3 145 12
3 149 29
3 180 10
3 224 30
3 241 33
3 267 29
3 268 43
3 330 51
3 332 43
4 9 5
4 16 16
4 37 8
4 47 20
4 146 46
4 157 14
4 189 3
4 229 3
4 265 19
4 268 19
4 269 11
4 288 22
4 304 15
4 313 25
4 315 18
5 12 23
5 14 12
5 24 7
5 30 19
5 62 19
5 70 33
5 87 14
5 89 19
5 108 42
5 164 3
5 192 30
5 198 12
5 230 49
5 242 25
5 289 13
5 291 40
5 295 6
6 13 10
6 211 6
6 254 3
6 255 16
6 267 3
6 271 24
6 282 13
6 309 10
7 4 13
7 11 34
7 74 22
7 84 6
7 152 18
7 197 27
7 207 3
7 219 53
7 263 1
7 278 6
7 313 9
7 331 34
7 333 18
8 9 14
8 10 6
8 14 30
8 68 1
8 108 10
8 117 11
8 141 9
8 175 12
8 209 7
8 230 19
8 232 17
8 329 28
8 332 28
9 13 6
9 37 25
9 65 8
9 146 26
9 189 7
9 288 18
9 298 16
9 313 9
10 18 3
10 48 13
10 55 40
10 65 4
10 68 15
10 83 24
10 90 7
10 110 3
10 117 12
10 158 19
10 298 16
10 315 19
10 321 14
11 92 11
11 157 29
11 259 13
11 273 15
11 319 15
12 11 10
12 93 4
12 147 3
12 177 9
12 188 31
12 203 23
12 209 16
12 239 8
12 259 6
12 283 14
12 319 2
12 321 54
12 324 36
13 8 1
13 64 9
13 167 22
13 193 5
13 210 7
13 307 8
14 9 13
14 13 18
14 55 14
14 113 11
14 120 20
14 215 7
14 246 10
14 294 32
14 325 25
14 329 7
15 16 20
15 46 4
15 67 20
15 77 19
15 95 4
15 97 5
15 101 29
15 105 4
15 125 4
15 132 24
15 134 5
15 141 5
15 154 1
15 163 19
15 180 16
15 187 9
15 271 20
15 300 12
16 4 16
16 9 19
16 19 11
16 48 1
16 146 15
16 189 13
17 22 4
17 27 1
17 42 13
17 58 19
17 68 8
17 85 5
17 102 15
17 103 23
17 151 23
17 160 3
17 171 35
17 185 19
17 186 16
17 197 44
17 219 13
17 285 9
17 310 12
17 316 25
18 44 7
18 61 21
18 79 1
18 90 17
18 97 16
18 99 7
18 137 8
18 150 12
18 157 13
18 159 3
18 170 6
18 192 5
18 271 6
18 298 33
18 308 5
18 327 17
19 26 4
19 98 9
19 136 7
19 140 26
19 163 16
19 175 14
19 181 17
19 200 15
19 212 17
19 248 32
19 276 35
20 15 14
20 21 18
20 34 17
20 39 7
20 49 2
20 82 54
20 94 15
20 100 2
20 120 20
20 125 12
20 128 15
20 145 9
20 149 21
20 192 27
20 206 6
20 236 8
20 241 2
20 325 30
21 123 29
21 191 31
21 216 2
21 246 22
21 258 33
21 264 12
21 265 50
21 268 31
21 275 13
21 302 18
21 316 12
21 322 5
21 325 16
22 8 11
22 10 9
22 16 31
22 26 26
22 38 11
22 56 27
22 68 17
22 78 14
22 113 27
22 131 11
22 181 6
22 322 9
22 329 25
22 332 32
23 18 14
23 32 3
23 33 2
23 36 2
23 81 12
23 110 11
23 135 13
23 171 24
23 258 10
23 316 35
24 5 6
24 23 8
24 28 16
24 30 7
24 62 42
24 87 17
24 108 16
24 121 20
24 192 24
24 198 32
24 230 37
24 242 27
24 279 18
24 298 18
24 301 29
24 315 8
25 0 16
25 17 11
25 26 33
25 33 17
25 46 7
25 69 4
25 75 47
25 85 10
25 156 22
25 165 3
25 168 11
25 194 37
25 201 49
25 209 18
25 221 23
25 257 17
25 273 23
25 291 17
25 332 67
26 12 12
26 37 23
26 47 10
26 64 4
26 127 16
26 234 5
26 250 3
26 256 4
26 266 2
26 281 7
26 292 13
26 311 22
27 17 7
27 18 9
27 40 15
27 58 5
27 85 7
27 103 13
27 183 10
27 195 6
27 197 6
27 266 13
27 316 13
28 26 28
28 33 25
28 34 37
28 40 9
28 47 47
28 114 10
28 127 12
28 199 21
28 223 11
28 250 12
28 256 33
28 292 8
28 311 8
28 315 46
29 142 13
29 158 23
29 166 32
29 258 4
29 285 11
29 321 11
30 19 5
30 35 11
30 62 11
30 87 36
30 89 19
30 108 16
30 158 13
30 192 16
30 198 8
30 212 4
30 223 5
30 230 11
30 238 12
30 243 14
31 8 15
31 10 53
31 22 25
31 30 10
31 36 53
31 37 33
31 41 3
31 44 8
31 45 31
31 51 4
31 52 34
31 56 10
31 68 7
31 72 8
31 78 32
31 83 13
31 106 19
31 131 4
31 141 13
31 178 13
31 189 29
31 211 27
31 287 17
32 20 4
32 29 22
32 71 15
32 72 16
32 80 28
32 81 10
32 83 3
32 110 15
32 133 31
32 135 9
32 147 5
32 155 12
32 196 10
32 201 19
32 211 13
32 245 17
32 248 22
32 272 16
32 277 45
32 290 33
33 29 21
33 59 8
33 70 1
33 118 11
33 166 28
33 212 14
33 244 36
33 285 32
33 291 18
33 323 4
33 327 1
34 142 10
34 219 21
34 233 7
34 234 2
34 241 5
34 316 2
35 38 14
35 96 4
35 139 6
35 151 3
35 152 3
35 163 23
35 217 4
35 241 5
35 252 7
35 290 11
35 306 24
35 318 1
36 1 7
36 15 7
36 19 8
36 83 18
36 95 5
36 134 4
36 159 6
36 180 3
36 187 10
36 199 19
36 206 14
36 212 16
36 231 3
36 267 9
36 295 14
36 332 47
37 9 4
37 38 12
37 48 2
37 65 8
37 146 19
37 191 8
37 289 3
37 304 14
37 313 6
37 332 13
38 14 17
38 42 9
38 139 6
38 151 2
38 216 43
38 217 8
38 306 19
38 314 9
39 3 5
39 20 4
39 40 37
39 76 5
39 82 14
39 100 13
39 109 3
39 113 4
39 124 10
39 128 6
39 145 14
39 173 6
39 192 27
39 275 35
40 185 14
40 218 3
40 275 14
40 297 4
40 305 8
40 318 7
40 321 10
40 326 19
40 327 1
40 328 6
41 39 11
41 46 8
41 65 10
41 69 11
41 82 23
41 96 56
41 100 9
41 109 10
41 124 18
41 135 20
41 151 25
41 176 33
41 180 8
41 187 10
41 195 20
41 199 59
41 220 18
41 232 10
41 240 34
41 241 33
41 251 21
41 253 5
41 263 10
41 275 27
41 281 27
42 174 3
42 179 11
42 182 4
42 183 14
42 225 41
42 228 12
42 257 10
42 266 15
42 283 28
42 316 21
42 332 20
43 96 19
43 148 19
43 161 32
43 172 21
43 213 15
43 214 16
43 225 3
43 280 21
43 293 11
43 303 41
43 312 14
43 331 25
44 22 17
44 39 10
44 61 2
44 78 6
44 79 29
44 90 39
44 94 13
44 97 17
44 99 13
44 137 29
44 144 2
44 150 16
44 158 13
44 166 32
44 178 4
44 205 15
44 271 24
45 7 62
45 15 1
45 32 9
45 38 38
45 41 11
45 43 44
45 57 25
45 73 25
45 74 1
45 84 19
45 88 34
45 105 3
45 132 24
45 152 13
45 162 17
45 163 35
45 207 20
45 219 28
45 253 27
45 297 33
45 305 72
45 306 36
45 333 46
46 2 8
46 30 1
46 44 7
46 80 7
46 130 11
46 143 22
46 156 24
46 165 29
46 168 19
46 169 19
46 194 59
46 200 2
46 201 10
46 209 38
46 221 21
46 225 30
46 278 13
46 327 12
47 23 9
47 26 13
47 68 22
47 160 3
47 189 9
47 247 1
47 250 6
47 266 5
47 292 18
47 311 7
48 4 13
48 9 32
48 16 1
48 37 5
48 146 1
48 184 10
48 232 8
48 242 4
48 271 3
48 315 11
49 7 13
49 14 20
49 39 2
49 73 1
49 82 13
49 94 14
49 96 42
49 100 4
49 104 12
49 128 10
49 129 4
49 145 36
49 149 30
49 152 3
49 179 38
49 219 28
49 253 19
49 255 29
49 306 6
50 11 5
50 142 17
50 174 21
50 182 11
50 183 8
50 188 11
50 204 3
50 225 9
50 257 4
50 273 14
50 278 10
51 8 3
51 10 21
51 22 15
51 53 29
51 56 6
51 68 2
51 70 10
51 78 14
51 79 29
51 88 8
51 117 3
51 118 34
51 131 10
51 137 22
51 147 3
51 181 11
51 215 19
51 271 12
51 323 12
51 328 27
52 0 44
52 1 5
52 29 28
52 33 16
52 70 34
52 86 3
52 99 12
52 111 27
52 166 48
52 226 5
52 238 2
52 244 50
52 285 56
52 287 6
52 291 39
53 13 17
53 64 16
53 86 9
53 159 9
53 167 14
53 169 5
53 204 16
53 222 12
53 223 19
53 236 19
53 250 6
53 275 6
53 299 11
53 300 5
53 315 1
53 325 13
54 19 14
54 98 11
54 113 9
54 118 8
54 136 22
54 140 30
54 175 10
54 181 35
54 200 36
54 270 7
54 276 32
55 113 21
55 120 20
55 146 17
55 294 14
55 298 6
55 304 5
55 325 18
56 8 5
56 16 2
56 55 12
56 68 23
56 70 23
56 78 12
56 94 19
56 106 26
56 117 6
56 133 8
56 138 41
56 222 7
56 224 29
56 246 8
56 327 31
57 7 2
57 12 16
57 24 19
57 74 4
57 84 22
57 103 24
57 132 9
57 152 21
57 178 18
57 197 18
57 207 2
57 215 18
57 265 43
57 310 19
57 319 18
57 330 64
57 333 37
58 27 2
58 57 1
58 63 6
58 103 6
58 119 6
58 122 12
58 145 10
58 197 19
58 234 17
58 237 15
58 299 18
58 316 13
59 0 1
59 158 1
59 178 2
59 181 2
59 202 12
59 235 3
59 244 4
59 276 17
59 307 2
59 323 1
60 1 31
60 15 6
60 36 42
60 49 9
60 67 7
60 69 2
60 72 8
60 76 1
60 79 18
60 95 13
60 105 14
60 125 17
60 134 4
60 136 36
60 141 16
60 165 9
60 166 14
60 180 14
60 187 11
60 235 42
60 237 19
60 323 33
60 328 64
60 331 68
61 97 20
61 99 8
61 116 25
61 144 4
61 161 21
61 167 25
61 187 9
61 196 2
61 237 18
61 271 22
61 320 4
61 331 26
62 30 10
62 37 12
62 54 6
62 146 20
62 198 15
62 230 27
62 322 3
63 27 5
63 42 15
63 96 14
63 123 14
63 176 11
63 190 25
63 218 9
63 266 3
63 279 6
63 307 8
63 308 12
63 316 11
63 317 19
64 167 17
64 168 2
64 223 13
64 240 5
64 311 6
64 312 15
65 16 4
65 24 13
65 232 4
65 240 14
65 329 11
66 91 5
66 135 6
66 147 1
66 229 14
66 232 10
66 255 7
66 264 12
66 274 7
67 1 15
67 29 16
67 31 3
67 77 3
67 95 3
67 134 3
67 141 37
67 154 4
67 156 14
67 159 16
67 180 10
67 187 19
67 226 20
67 230 7
67 263 12
67 272 25
67 285 23
67 322 20
67 330 29
68 10 15
68 51 2
68 83 3
68 104 9
68 106 9
68 224 27
68 268 25
68 298 28
68 303 10
68 309 16
68 315 12
69 75 22
69 78 12
69 88 2
69 92 17
69 99 8
69 106 11
69 143 14
69 157 31
69 179 9
69 182 12
69 196 3
69 209 4
69 237 39
69 239 27
69 257 10
69 273 9
69 310 9
70 29 24
70 33 21
70 87 15
70 108 12
70 120 12
70 166 88
70 202 23
70 244 45
70 285 52
70 287 2
70 288 17
70 291 18
71 23 27
71 32 12
71 34 25
71 67 10
71 72 12
71 80 5
71 81 30
71 110 15
71 131 4
71 135 18
71 144 3
71 152 32
71 156 30
71 159 20
71 164 1
71 184 26
71 213 25
71 219 12
71 245 17
71 280 38
71 327 19
71 328 34
72 18 17
72 20 26
72 23 9
72 28 18
72 64 16
72 71 2
72 80 9
72 110 5
72 116 37
72 133 4
72 135 24
72 155 2
72 216 34
72 223 24
72 245 7
72 255 23
73 7 34
73 20 27
73 45 12
73 57 33
73 74 14
73 84 77
73 88 16
73 111 41
73 132 1
73 152 33
73 162 10
73 168 13
73 207 23
73 228 24
73 237 20
73 255 29
73 316 23
73 317 17
73 333 15
74 4 25
74 57 12
74 58 4
74 73 4
74 84 2
74 85 12
74 112 4
74 139 17
74 152 15
74 162 4
74 203 25
74 207 3
74 224 13
74 234 26
74 260 29
75 92 20
75 93 17
75 157 16
75 182 11
75 186 12
75 239 10
75 310 11
75 316 13
76 20 4
76 39 11
76 49 6
76 82 9
76 94 3
76 100 14
76 104 30
76 128 27
76 145 19
76 149 29
76 199 17
76 216 47
76 297 28
76 308 19
76 314 20
76 317 41
77 6 21
77 34 35
77 36 4
77 60 15
77 67 6
77 134 2
77 141 20
77 154 10
77 169 12
77 180 10
77 182 13
77 208 3
77 211 15
77 226 18
77 253 17
77 257 10
78 8 9
78 9 30
78 10 4
78 19 26
78 22 4
78 49 13
78 51 2
78 68 30
78 81 17
78 106 12
78 169 14
78 216 32
78 262 26
78 291 26
78 294 31
79 44 26
79 61 19
79 97 8
79 99 10
79 137 2
79 144 9
79 170 13
79 227 5
79 249 9
79 267 17
79 271 19
79 287 19
79 330 36
80 22 21
80 23 17
80 28 4
80 71 8
80 81 38
80 95 21
80 110 9
80 133 6
80 135 3
80 154 4
80 167 27
80 169 20
80 173 7
80 245 5
80 282 17
80 287 5
80 327 28
81 32 13
81 34 19
81 72 19
81 80 4
81 102 5
81 133 11
81 135 12
81 208 13
81 220 1
81 234 13
81 245 14
81 288 21
81 301 18
81 320 24
82 9 6
82 39 10
82 49 3
82 94 5
82 128 10
82 138 24
82 163 16
82 196 13
82 216 26
82 217 6
82 254 7
82 269 7
82 309 40
82 318 13
83 8 6
83 10 10
83 22 12
83 37 31
83 39 4
83 48 24
83 51 18
83 62 16
83 68 9
83 78 4
83 106 2
83 117 22
83 146 32
83 154 13
83 205 21
83 235 19
83 294 20
83 298 30
83 322 30
84 34 9
84 57 16
84 74 15
84 77 10
84 88 2
84 111 9
84 124 3
84 132 7
84 152 20
84 207 10
84 213 15
84 260 15
84 282 11
84 316 10
84 326 7
84 329 50
84 333 15
85 17 3
85 27 2
85 38 12
85 58 10
85 82 53
85 102 8
85 103 11
85 138 9
85 156 7
85 197 13
85 215 6
85 254 14
85 263 4
85 318 12
86 48 9
86 97 13
86 126 3
86 231 6
86 238 14
86 270 15
86 272 12
86 295 16
86 300 16
87 30 3
87 54 4
87 62 16
87 89 8
87 108 15
87 121 16
87 188 21
87 192 40
87 198 38
87 202 14
87 230 43
87 238 13
87 242 5
88 7 11
88 38 9
88 45 21
88 74 2
88 100 16
88 102 18
88 162 2
88 195 10
88 197 8
88 207 9
88 237 20
88 250 34
88 265 36
88 269 20
88 275 41
88 333 21
89 5 1
89 8 3
89 24 5
89 30 7
89 62 16
89 65 26
89 87 6
89 108 30
89 149 9
89 170 13
89 175 23
89 192 34
89 198 14
89 226 44
89 230 35
89 231 13
89 242 3
89 294 15
90 18 7
90 36 11
90 61 8
90 79 15
90 97 1
90 108 2
90 196 11
90 260 14
90 271 14
90 289 4
90 305 14
90 314 8
91 27 4
91 66 44
91 114 25
91 115 21
91 129 2
91 147 15
91 153 1
91 164 9
91 167 10
91 184 25
91 193 7
91 229 25
91 257 8
91 274 6
91 293 4
91 308 18
92 85 7
92 127 33
92 157 10
92 160 10
92 182 6
92 204 11
92 237 26
92 239 21
92 257 19
92 264 9
92 310 8
92 313 7
92 324 44
93 11 4
93 12 1
93 92 2
93 157 23
93 182 23
93 237 9
93 259 6
93 283 33
93 319 27
93 324 42
94 3 10
94 9 25
94 16 30
94 20 4
94 37 22
94 39 11
94 100 8
94 109 14
94 128 37
94 138 35
94 145 4
94 210 12
94 212 6
94 250 30
95 4 6
95 67 7
95 75 4
95 258 18
95 268 13
95 318 17
95 322 25
96 65 18
96 151 3
96 199 12
96 240 5
96 241 8
96 303 10
97 54 29
97 90 14
97 140 4
97 248 19
97 271 1
97 300 22
97 311 8
98 136 4
98 140 32
98 170 6
98 181 4
98 200 8
98 227 10
98 272 5
98 276 3
99 30 10
99 44 16
99 61 12
99 73 3
99 90 31
99 97 31
99 137 2
99 144 10
99 150 12
99 170 6
99 178 3
99 196 34
99 244 23
99 271 16
99 272 31
99 310 4
100 3 8
100 20 8
100 21 11
100 45 17
100 48 8
100 82 14
100 94 23
100 104 16
100 128 23
100 145 16
100 148 34
100 149 18
100 218 18
100 246 23
100 293 11
100 308 7
100 326 25
101 62 1
101 108 4
101 243 13
101 270 4
101 277 10
101 284 21
101 285 13
101 323 33
102 7 11
102 27 23
102 58 19
102 75 19
102 85 12
102 103 19
102 119 6
102 186 10
102 197 24
102 251 10
102 254 14
102 259 35
103 27 17
103 85 15
103 120 36
103 137 16
103 160 2
103 186 23
103 197 35
103 254 16
103 286 1
103 306 15
104 20 8
104 37 32
104 61 3
104 67 7
104 82 15
104 94 1
104 122 8
104 128 28
104 145 29
104 149 17
104 156 1
104 172 21
104 313 21
104 317 6
104 326 16
105 1 25
105 33 37
105 36 9
105 44 22
105 52 19
105 60 5
105 67 10
105 77 5
105 95 3
105 99 13
105 125 15
105 132 11
105 141 13
105 150 41
105 154 2
105 159 32
105 178 7
105 187 2
105 226 10
105 238 29
105 260 13
105 323 43
106 8 9
106 10 2
106 22 20
106 23 15
106 51 14
106 56 6
106 90 16
106 101 11
106 126 39
106 131 4
106 227 9
106 260 35
106 325 35
107 42 21
107 63 1
107 66 7
107 106 10
107 122 14
107 148 8
107 176 32
107 184 5
107 190 20
107 214 29
107 218 1
107 220 16
107 241 5
107 269 26
107 279 26
107 308 21
107 317 34
108 37 10
108 192 17
108 230 20
108 260 13
108 264 14
108 284 34
108 289 10
109 14 42
109 55 35
109 65 22
109 77 7
109 113 54
109 120 31
109 122 23
109 157 31
109 294 38
109 298 38
109 301 1
109 325 61
110 23 16
110 24 3
110 26 20
110 32 14
110 72 18
110 77 14
110 81 8
110 89 3
110 124 26
110 133 49
110 155 5
110 237 16
110 245 19
110 261 29
110 281 6
110 301 38
111 0 9
111 59 13
111 118 19
111 124 1
111 181 5
111 202 14
111 215 17
111 253 3
111 260 3
111 285 3
111 289 19
111 291 12
111 330 29
112 21 16
112 123 19
112 246 21
112 258 10
112 264 25
112 265 42
112 268 31
112 288 14
112 292 6
112 302 42
112 322 28
113 14 13
113 40 14
113 55 28
113 120 20
113 202 1
113 241 8
113 255 13
113 294 37
113 298 28
113 301 13
113 309 8
113 325 22
114 13 29
114 66 28
114 91 12
114 96 13
114 107 2
114 115 24
114 129 10
114 147 20
114 153 22
114 161 15
114 164 8
114 169 22
114 226 15
114 229 41
114 274 22
114 282 10
115 5 20
115 66 23
115 84 26
115 114 4
115 129 22
115 144 2
115 147 13
115 153 11
115 164 2
115 185 32
115 204 5
115 229 19
115 261 16
115 274 21
116 40 7
116 138 7
116 190 13
116 224 13
116 256 2
116 261 12
116 277 11
116 289 8
116 296 1
116 329 4
116 332 33
117 8 6
117 10 7
117 13 11
117 22 3
117 31 5
117 56 10
117 68 1
117 78 11
117 79 10
117 84 14
117 106 14
117 135 40
117 163 23
117 264 35
117 268 30
117 318 18
117 322 18
117 328 31
118 2 13
118 29 9
118 59 15
118 70 15
118 181 3
118 202 17
118 215 25
118 235 21
118 243 8
118 276 12
118 283 13
119 11 16
119 50 20
119 75 3
119 102 6
119 196 18
119 204 8
119 239 10
119 245 22
119 252 4
119 273 24
119 278 5
119 286 10
119 329 6
120 9 7
120 14 17
120 55 11
120 142 13
120 260 16
120 284 3
120 294 11
120 298 40
120 301 20
120 315 2
120 325 29
121 5 20
121 30 2
121 62 29
121 87 11
121 89 10
121 98 16
121 108 25
121 141 13
121 150 1
121 190 13
121 192 22
121 198 12
121 215 15
121 230 21
121 242 6
121 249 14
121 270 14
121 323 17
122 6 22
122 208 5
122 211 8
122 233 42
122 253 2
122 254 1
122 255 13
122 282 23
122 309 27
122 315 1
123 21 1
123 112 4
123 151 19
123 191 6
123 264 4
123 265 6
123 268 28
123 302 2
123 322 16
124 7 15
124 11 31
124 50 24
124 91 3
124 119 6
124 204 19
124 260 10
124 273 30
124 278 5
124 297 9
124 308 7
124 314 13
124 317 12
125 19 23
125 22 15
125 90 8
125 95 3
125 176 8
125 180 5
125 187 17
125 222 26
125 226 12
125 250 8
125 269 12
125 280 17
125 282 24
125 283 23
125 304 15
125 305 25
126 62 13
126 86 12
126 101 7
126 120 6
126 175 5
126 198 13
126 231 3
126 238 5
126 267 20
126 291 8
126 294 8
126 300 20
127 12 2
127 28 10
127 47 17
127 66 13
127 114 14
127 135 15
127 171 8
127 250 14
127 255 10
127 256 23
127 272 3
127 292 13
127 311 15
128 5 2
128 18 15
128 39 13
128 49 2
128 70 1
128 82 29
128 145 18
128 149 15
128 172 24
128 269 5
128 288 16
128 317 8
128 325 11
129 4 46
129 66 36
129 91 8
129 114 8
129 115 6
129 147 31
129 153 3
129 208 12
129 229 27
129 247 36
129 250 14
129 262 20
129 269 46
129 274 41
129 281 9
130 11 30
130 50 17
130 73 2
130 102 7
130 119 18
130 124 13
130 149 6
130 177 7
130 204 14
130 222 27
130 225 8
130 243 15
130 261 10
130 273 45
130 278 42
130 283 27
130 286 18
130 308 7
131 8 3
131 10 11
131 20 4
131 22 10
131 31 7
131 56 15
131 68 7
131 78 39
131 83 37
131 93 17
131 106 57
131 117 1
131 165 17
131 189 24
131 191 3
131 196 12
131 239 18
131 256 57
131 298 42
132 7 13
132 39 12
132 43 27
132 45 10
132 74 1
132 88 9
132 112 22
132 162 9
132 195 3
132 207 1
132 208 8
132 240 9
132 270 28
132 297 14
132 327 10
132 333 58
133 0 12
133 23 35
133 71 1
133 72 3
133 135 28
133 140 14
133 171 15
133 175 12
133 216 37
133 233 4
133 235 24
133 276 16
134 1 13
134 15 15
134 77 6
134 94 7
134 98 21
134 105 14
134 110 9
134 125 9
134 133 37
134 145 37
134 159 8
134 180 21
134 187 20
134 226 8
134 243 11
134 248 27
134 267 11
134 271 11
134 284 13
134 327 26
135 16 7
135 80 14
135 81 17
135 110 8
135 171 10
135 218 18
135 280 8
135 282 13
135 317 12
136 0 10
136 19 21
136 29 8
136 98 5
136 140 3
136 175 6
136 181 10
136 215 11
136 235 2
136 276 13
137 44 6
137 61 9
137 79 3
137 90 12
137 97 5
137 136 15
137 150 3
137 170 5
137 180 8
137 181 6
137 202 17
137 271 10
137 287 10
137 295 9
138 116 10
138 169 12
138 232 5
138 254 7
138 261 32
138 277 13
138 296 2
138 327 2
138 329 7
138 332 40
139 35 1
139 151 18
139 163 20
139 216 14
139 219 19
139 240 10
139 306 15
139 309 37
139 314 15
139 318 18
140 54 1
140 200 7
140 311 13
141 36 11
141 55 14
141 59 24
141 79 2
141 86 6
141 95 19
141 98 14
141 125 12
141 134 5
141 159 3
141 277 37
141 323 18
142 34 21
142 183 19
142 201 4
142 219 14
142 233 2
142 234 2
142 255 13
142 260 10
142 262 5
142 306 32
142 316 20
143 25 20
143 27 16
143 74 1
143 103 27
143 157 15
143 160 11
143 201 15
143 221 13
143 273 26
143 324 31
144 18 17
144 61 5
144 79 9
144 90 12
144 97 28
144 99 5
144 116 28
144 135 19
144 137 9
144 148 19
144 170 31
144 173 10
144 271 21
144 297 17
144 307 24
144 312 45
144 327 25
145 21 15
145 44 31
145 82 12
145 96 23
145 109 2
145 128 4
145 149 1
145 172 4
145 191 27
145 217 15
145 314 15
146 313 12
146 322 13
146 330 16
147 11 18
147 66 11
147 114 2
147 197 7
147 229 4
147 234 1
147 250 8
147 254 13
147 274 17
148 43 5
148 161 18
148 172 9
148 213 29
148 214 3
148 261 7
148 280 14
148 301 9
148 303 5
148 312 32
148 331 2
149 9 24
149 39 9
149 56 3
149 68 16
149 82 7
149 94 1
149 104 1
149 107 4
149 116 21
149 148 8
149 170 11
149 192 11
149 296 6
149 330 36
150 30 12
150 44 6
150 61 3
150 79 28
150 90 11
150 97 12
150 101 15
150 140 30
150 144 9
150 175 22
150 196 10
150 230 12
150 271 32
150 291 12
151 38 4
151 139 5
151 163 32
151 216 24
151 217 3
151 240 8
151 266 10
151 269 10
151 290 7
151 305 41
151 306 37
152 6 16
152 74 3
152 84 1
152 88 8
152 132 2
152 163 29
152 233 18
152 252 9
152 262 1
152 312 12
152 313 9
153 9 22
153 61 7
153 66 24
153 76 4
153 116 23
153 127 16
153 129 25
153 147 21
153 164 26
153 229 28
153 233 23
153 274 27
153 299 6
154 16 3
154 36 11
154 39 7
154 59 7
154 86 21
154 95 7
154 121 19
154 159 27
154 170 36
154 171 2
154 180 22
154 190 34
154 226 5
154 244 18
155 8 13
155 23 12
155 71 16
155 72 1
155 76 2
155 80 19
155 81 14
155 99 7
155 110 10
155 112 10
155 116 42
155 133 53
155 135 35
155 191 29
155 207 3
155 245 11
155 261 33
155 282 29
155 303 9
156 25 11
156 143 43
156 165 5
156 177 22
156 194 6
156 201 25
156 221 12
156 239 9
156 253 24
156 296 36
156 330 60
157 75 12
157 92 18
157 156 8
157 179 18
157 194 14
157 237 5
157 259 4
157 319 5
157 324 18
158 27 9
158 33 10
158 111 28
158 118 28
158 202 15
158 215 6
159 36 17
159 44 14
159 77 7
159 95 32
159 125 9
159 138 18
159 141 12
159 158 10
159 169 7
159 193 3
159 214 20
159 277 42
159 284 35
159 310 6
160 2 27
160 17 10
160 27 19
160 34 25
160 58 24
160 75 16
160 85 13
160 93 12
160 96 28
160 101 13
160 102 30
160 103 5
160 186 27
160 197 31
161 116 1
161 148 20
161 172 12
161 194 28
161 213 25
161 214 25
161 280 2
161 281 5
161 293 4
161 312 15
161 331 12
162 7 24
162 45 3
162 57 36
162 84 11
162 88 2
162 133 5
162 145 5
162 152 3
162 199 26
162 252 12
162 279 2
162 297 44
162 320 30
162 321 31
162 328 25
162 330 33
162 333 6
163 38 14
163 195 7
163 216 34
163 290 9
163 306 5
163 314 7
164 66 15
164 114 10
164 129 30
164 147 25
164 169 18
164 173 9
164 180 8
164 182 8
164 219 31
164 229 16
164 233 22
164 252 2
164 274 41
164 328 32
165 35 36
165 42 9
165 73 12
165 103 30
165 106 30
165 143 23
165 156 2
165 168 5
165 194 22
165 201 31
165 209 9
165 221 11
165 310 12
166 59 1
166 285 7
166 294 4
167 26 5
167 53 10
167 331 11
168 11 18
168 25 2
168 46 7
168 87 7
168 143 4
168 156 13
168 160 18
168 165 9
168 194 17
168 201 30
168 209 3
168 221 30
168 222 14
168 259 19
168 316 24
169 116 14
169 138 18
169 172 11
169 193 9
169 224 10
169 261 12
169 277 19
169 289 14
169 296 35
169 327 4
169 329 7
169 332 9
170 44 17
170 61 10
170 90 26
170 97 11
170 106 2
170 150 11
170 178 15
170 244 19
170 261 19
170 271 36
170 272 15
171 34 41
171 213 1
171 219 6
171 234 8
171 274 8
172 43 1
172 148 27
172 161 6
172 213 23
172 214 5
172 280 14
172 301 11
172 303 2
172 312 22
172 317 5
172 331 32
173 6 12
173 13 31
173 53 16
173 61 16
173 167 30
173 210 9
173 222 3
173 223 4
173 229 2
173 236 25
173 247 2
173 292 8
174 42 26
174 75 24
174 142 16
174 179 21
174 183 6
174 208 14
174 209 19
174 225 7
174 228 4
174 239 11
174 257 28
174 266 25
174 321 24
174 324 10
175 98 17
175 136 4
175 140 43
175 181 9
175 212 16
175 248 3
175 270 9
175 276 17
175 325 4
176 107 6
176 112 12
176 179 3
176 184 10
176 190 26
176 258 14
176 269 9
176 279 2
176 286 1
176 288 10
176 303 10
176 308 14
176 317 21
177 11 18
177 12 12
177 93 40
177 107 16
177 162 7
177 188 32
177 203 14
177 204 36
177 259 23
177 283 44
177 319 35
177 324 37
177 330 45
178 0 51
178 30 8
178 59 32
178 111 24
178 118 13
178 119 3
178 146 35
178 150 8
178 158 19
178 202 17
178 215 35
178 244 32
178 249 5
178 285 13
179 156 2
179 183 25
179 224 17
179 228 7
179 266 23
179 273 35
179 296 28
180 87 22
180 95 21
180 111 13
180 126 13
180 141 8
180 159 10
180 160 15
180 226 2
180 235 24
180 243 10
180 272 3
181 2 2
181 33 11
181 54 3
181 98 8
181 140 13
181 166 14
181 175 3
181 200 19
181 248 13
182 7 18
182 92 16
182 157 12
182 212 4
182 237 11
182 239 8
182 278 10
182 310 1
183 50 5
183 142 7
183 171 7
183 174 5
183 228 5
183 254 13
183 266 11
184 13 8
184 48 15
184 63 10
184 176 2
184 185 18
184 190 2
184 228 1
184 279 26
184 285 4
184 306 19
184 307 7
184 330 28
185 40 3
185 271 8
185 305 36
185 318 30
185 320 22
185 321 11
185 326 12
186 17 6
186 27 19
186 50 3
186 58 10
186 85 14
186 102 3
186 103 12
186 143 8
186 151 23
186 160 10
186 183 26
186 197 9
186 240 19
186 254 25
186 257 31
187 1 17
187 15 3
187 61 18
187 70 22
187 76 3
187 77 4
187 95 13
187 104 9
187 125 6
187 159 5
187 161 43
187 173 10
187 180 2
187 226 22
187 229 17
187 236 28
187 329 36
188 93 13
188 229 4
188 240 6
188 283 16
188 316 9
188 319 5
188 324 32
189 4 25
189 16 18
189 37 19
189 48 33
189 79 3
189 146 46
189 152 9
189 158 15
189 288 25
189 304 12
189 313 18
189 315 26
190 54 10
190 184 3
190 302 14
190 307 3
190 308 5
190 317 9
191 21 5
191 65 5
191 81 1
191 112 10
191 123 26
191 246 6
191 264 11
191 265 10
191 268 9
191 302 5
191 322 2
192 40 17
192 62 27
192 108 9
192 198 8
192 230 24
192 308 15
192 330 21
193 13 16
193 53 27
193 64 10
193 167 6
193 171 25
193 173 14
193 210 13
193 214 27
193 219 12
193 222 6
193 223 13
193 236 46
193 247 23
193 256 15
193 299 15
193 311 8
194 95 5
194 102 6
194 143 18
194 149 4
194 156 3
194 165 10
194 168 8
194 201 3
194 219 24
194 299 5
194 305 17
194 316 18
195 96 5
195 118 21
195 197 3
195 219 30
195 241 22
195 253 2
195 276 12
195 306 11
195 309 18
195 330 43
196 6 7
196 18 3
196 44 5
196 79 2
196 91 14
196 97 2
196 123 14
196 137 16
196 144 19
196 170 10
196 271 13
196 275 16
196 282 6
196 312 24
197 38 8
197 58 13
197 103 4
197 185 17
197 275 2
197 320 15
198 30 4
198 33 3
198 62 4
198 101 5
198 108 31
198 121 3
198 192 5
198 230 15
198 242 2
198 304 11
198 332 5
199 65 21
199 90 23
199 96 3
199 195 3
199 197 4
199 232 31
199 253 17
199 317 11
199 330 18
200 19 6
200 59 12
200 98 10
200 111 4
200 136 22
200 137 2
200 175 11
200 202 13
200 248 6
200 291 16
200 323 13
201 42 17
201 50 15
201 93 16
201 143 13
201 194 17
201 221 3
201 254 20
201 279 16
201 318 12
202 0 5
202 59 11
202 111 5
202 118 13
202 136 4
202 158 15
202 166 2
202 227 10
202 270 10
203 11 8
203 34 25
203 93 18
203 188 33
203 190 17
203 237 10
203 257 26
203 282 8
203 283 18
203 324 11
204 11 20
204 50 2
204 93 3
204 119 6
204 130 10
204 182 5
204 188 15
204 194 7
204 207 7
204 261 19
204 273 35
204 278 3
204 319 8
205 18 14
205 44 12
205 61 14
205 78 8
205 79 3
205 90 38
205 97 11
205 99 14
205 123 45
205 137 19
205 140 17
205 144 4
205 150 12
205 170 11
205 190 25
205 261 11
205 271 16
205 277 26
205 287 13
205 323 28
205 332 27
206 53 18
206 86 44
206 126 34
206 170 1
206 179 6
206 204 1
206 207 17
206 231 19
206 238 25
206 243 12
206 249 7
206 267 27
206 272 35
206 296 12
206 300 52
207 32 12
207 57 17
207 58 7
207 74 2
207 84 13
207 88 16
207 95 9
207 147 15
207 152 31
207 153 7
207 179 8
207 296 34
207 303 8
208 6 48
208 122 10
208 211 28
208 212 8
208 221 20
208 233 25
208 240 16
208 254 37
208 255 24
208 282 33
208 309 47
208 316 13
209 63 22
209 143 12
209 156 3
209 158 24
209 168 14
209 182 15
209 194 21
209 201 19
209 221 2
209 319 24
210 6 3
210 13 33
210 53 3
210 64 41
210 65 11
210 97 15
210 167 18
210 171 20
210 193 16
210 195 12
210 222 8
210 223 27
210 247 2
210 292 11
210 299 23
211 6 31
211 18 3
211 86 6
211 171 22
211 199 7
211 208 20
211 254 23
211 255 26
211 260 35
211 282 6
211 309 41
212 19 1
212 54 33
212 91 12
212 98 13
212 140 20
212 158 20
212 181 9
212 200 22
212 227 2
212 276 11
213 34 7
213 43 11
213 148 6
213 303 1
213 312 12
214 66 3
214 148 16
214 169 6
214 172 13
214 176 16
214 213 18
214 246 13
214 269 21
214 280 8
214 303 7
214 312 15
214 331 43
215 59 17
215 111 8
215 166 13
215 202 12
215 283 5
216 35 7
216 139 6
216 217 7
216 275 6
216 277 2
216 306 22
216 309 9
217 38 9
217 128 11
217 139 2
217 151 10
217 163 2
217 216 8
217 290 17
217 297 3
217 306 28
217 307 3
217 314 11
218 40 17
218 43 3
218 63 19
218 96 24
218 107 25
218 163 29
218 176 12
218 184 32
218 190 13
218 251 4
218 269 9
218 279 42
218 299 22
218 307 18
218 308 10
218 317 13
219 306 17
219 316 11
219 328 3
220 41 6
220 65 8
220 79 9
220 84 1
220 88 19
220 89 28
220 95 12
220 96 51
220 138 31
220 195 19
220 199 5
220 232 33
220 240 30
220 241 7
220 242 6
220 251 3
220 253 7
220 263 3
220 309 14
220 318 22
221 46 3
221 75 2
221 131 15
221 143 5
221 156 6
221 165 7
221 186 6
221 194 5
221 201 1
221 209 11
221 257 18
221 299 15
221 318 23
221 324 33
221 329 30
222 13 15
222 53 14
222 64 23
222 128 11
222 173 7
222 175 13
222 193 8
222 210 17
222 223 4
222 236 15
222 247 13
222 256 12
222 271 18
222 292 28
222 299 51
222 311 5
223 13 1
223 53 7
223 122 3
223 167 30
223 210 13
223 292 21
224 116 13
224 138 11
224 169 1
224 277 7
224 296 18
224 327 1
224 329 14
224 330 35
224 332 17
225 63 14
225 179 19
225 182 7
225 183 7
225 228 1
225 254 8
225 257 19
225 259 12
225 266 1
225 283 5
225 319 21
226 1 39
226 10 3
226 23 10
226 36 3
226 61 7
226 95 14
226 115 15
226 141 4
226 154 6
226 168 3
226 190 12
226 220 4
227 0 2
227 101 7
227 111 16
227 235 13
227 243 9
227 270 6
227 284 11
227 300 7
227 323 14
228 34 17
228 50 9
228 142 17
228 174 25
228 179 2
228 183 7
228 225 1
228 273 7
228 283 7
229 26 8
229 66 8
229 115 3
229 171 29
229 274 27
229 299 17
229 320 12
230 62 10
230 111 10
230 198 8
230 294 13
231 62 16
231 86 18
231 97 18
231 126 8
231 141 3
231 206 6
231 238 34
231 244 8
231 249 15
231 258 9
231 267 8
231 272 25
231 295 9
231 300 9
231 325 14
232 15 6
232 48 4
232 55 29
232 65 6
232 66 3
232 96 5
232 241 16
232 277 10
232 311 3
233 6 5
233 167 10
233 211 16
233 254 15
233 255 14
233 260 10
233 282 5
233 309 9
234 34 30
234 63 13
234 64 22
234 110 7
234 142 9
234 171 12
234 228 17
234 233 24
234 247 1
234 266 1
234 273 7
234 321 20
235 29 8
235 101 17
235 215 12
235 227 12
235 248 6
235 287 9
235 323 12
236 13 37
236 43 12
236 53 13
236 64 12
236 137 8
236 140 16
236 167 61
236 173 15
236 210 3
236 222 3
236 223 11
236 231 6
236 247 11
236 250 1
236 291 31
236 299 32
237 12 3
237 75 8
237 92 1
237 102 14
237 188 15
237 239 20
237 259 6
238 62 5
238 86 8
238 212 8
238 276 4
238 287 7
238 295 19
238 300 23
239 11 1
239 52 9
239 75 11
239 157 38
239 177 3
239 182 5
239 237 6
239 319 15
239 324 2
240 42 5
240 96 9
240 195 21
240 199 4
240 232 9
240 262 6
240 297 12
241 65 38
241 199 21
241 224 13
241 240 1
241 251 10
241 253 13
241 261 16
241 263 11
241 302 12
241 322 8
242 2 3
242 30 2
242 62 4
242 89 6
242 90 12
242 108 30
242 121 23
242 192 13
242 198 6
242 230 44
242 251 1
242 260 11
242 289 40
242 304 5
242 315 20
243 2 12
243 70 4
243 101 9
243 200 4
243 215 31
243 227 2
243 235 13
243 270 7
243 284 31
243 287 3
243 291 10
243 323 13
244 0 14
244 29 19
244 158 11
244 166 30
244 175 13
244 285 13
245 23 11
245 26 29
245 32 30
245 51 7
245 68 2
245 71 5
245 72 14
245 80 19
245 110 9
245 133 9
245 135 37
245 161 17
245 164 19
245 171 11
245 184 5
245 190 27
245 256 8
245 327 24
246 123 36
246 167 12
246 191 23
246 232 28
246 258 2
246 264 22
246 265 26
246 268 26
246 302 31
246 322 9
246 331 12
247 11 2
247 13 1
247 64 45
247 167 16
247 210 4
247 223 11
247 226 9
247 236 5
247 292 20
247 299 41
248 54 3
248 55 12
248 98 2
248 136 17
248 140 28
248 175 1
248 200 5
248 212 20
248 276 4
248 284 9
249 70 5
249 86 1
249 126 22
249 170 10
249 206 6
249 238 42
249 243 11
249 267 8
249 272 11
249 300 21
249 311 8
250 28 2
250 47 11
250 64 4
250 127 6
250 210 2
250 256 45
250 282 3
250 292 4
250 300 1
250 311 16
251 35 22
251 76 1
251 96 4
251 137 26
251 165 4
251 195 12
251 199 25
251 232 13
251 240 27
251 241 26
251 253 3
251 262 8
251 263 6
251 279 8
251 309 13
251 314 11
252 35 17
252 38 15
252 88 4
252 139 6
252 151 27
252 163 29
252 194 11
252 216 9
252 217 12
252 290 46
252 306 23
252 309 2
252 314 18
253 65 8
253 96 6
253 158 11
253 195 2
253 199 3
253 251 9
253 305 9
253 328 16
254 6 3
254 122 21
254 183 21
254 211 12
254 233 34
254 255 23
254 282 14
254 309 8
255 208 5
255 302 6
255 309 16
255 312 8
256 26 3
256 47 4
256 62 12
256 167 13
256 292 7
256 311 13
257 42 12
257 179 25
257 183 12
257 188 22
257 225 12
257 228 23
257 266 34
257 273 13
257 319 14
257 324 15
258 112 7
258 123 25
258 191 35
258 241 5
258 246 6
258 264 14
258 265 11
258 268 9
258 302 23
258 322 15
259 0 14
259 12 22
259 75 8
259 101 11
259 188 32
259 203 12
259 283 29
259 295 14
259 319 16
259 324 12
260 171 1
260 230 4
260 276 17
260 289 3
260 325 13
260 329 6
260 330 11
261 198 29
261 224 14
261 277 22
261 289 15
261 296 4
261 327 12
261 329 27
261 332 28
262 95 12
262 142 11
262 171 21
262 197 6
262 219 43
262 230 41
262 260 28
262 283 11
262 290 18
262 305 28
262 316 49
262 330 45
263 65 13
263 96 19
263 195 17
263 199 28
263 220 28
263 232 2
263 240 11
263 251 6
263 253 11
263 278 22
263 321 16
263 326 16
263 328 23
264 21 4
264 123 8
264 191 3
264 265 8
264 268 26
264 302 18
264 322 14
264 329 21
265 123 7
265 258 1
265 268 9
265 302 12
265 330 42
266 11 4
266 34 5
266 157 2
266 179 1
266 183 16
266 225 8
266 228 23
266 257 12
266 273 10
266 316 14
267 19 5
267 59 9
267 86 20
267 126 2
267 206 4
267 212 13
267 231 1
267 238 42
267 244 3
267 249 19
267 295 10
267 300 5
268 302 17
269 63 11
269 90 19
269 176 1
269 184 16
269 185 9
269 190 10
269 305 13
269 307 23
270 98 8
270 101 3
270 227 2
270 228 13
270 235 24
270 243 5
270 284 55
270 287 24
270 302 7
270 323 27
271 97 4
271 146 29
271 248 15
272 86 4
272 126 8
272 188 1
272 199 12
272 238 4
272 249 2
272 267 7
273 204 11
273 234 5
273 254 15
274 28 1
274 72 5
274 91 9
274 114 12
274 147 9
274 153 1
274 223 1
274 264 15
274 299 2
274 312 8
275 21 9
275 40 31
275 139 4
275 185 10
275 290 3
275 305 24
275 318 22
275 321 16
275 326 7
275 328 21
276 98 3
276 140 12
276 181 18
276 200 25
276 212 6
276 227 5
276 235 3
276 248 5
277 202 2
277 296 1
277 327 5
277 331 6
277 332 9
278 11 5
278 50 5
278 85 6
278 119 4
278 124 4
278 204 3
278 273 26
278 282 15
278 286 13
278 290 2
279 63 2
279 139 6
279 190 9
279 216 16
279 219 39
279 240 6
279 269 3
279 288 7
279 307 19
279 308 7
280 66 7
280 148 7
280 161 10
280 213 23
280 214 9
280 303 3
280 312 24
280 331 13
281 6 23
281 26 20
281 27 15
281 28 21
281 34 25
281 47 23
281 119 6
281 127 28
281 174 4
281 196 11
281 250 20
281 256 36
281 292 7
281 311 49
282 6 11
282 47 1
282 122 12
282 211 14
282 233 9
282 254 4
282 255 16
282 309 4
283 12 3
283 209 6
283 316 13
283 319 26
283 324 6
284 101 3
284 215 9
284 235 14
284 265 8
284 287 2
284 323 18
284 332 36
285 146 14
285 202 9
285 244 20
285 260 6
285 291 9
285 296 9
285 332 26
286 11 21
286 34 21
286 50 8
286 119 11
286 124 14
286 130 6
286 176 18
286 183 9
286 184 32
286 186 11
286 204 10
286 208 1
286 252 3
286 270 34
286 273 63
287 101 12
287 118 9
287 227 27
287 235 21
287 243 2
287 284 3
287 300 13
287 323 13
287 324 11
288 9 4
288 16 11
288 37 18
288 48 33
288 115 5
288 189 6
288 214 10
288 284 15
288 296 5
288 304 2
289 14 4
289 138 17
289 169 4
289 224 18
289 261 17
289 277 21
289 296 29
289 329 12
289 330 43
289 332 76
290 38 3
290 97 21
290 139 12
290 163 13
290 203 12
290 216 17
290 219 20
290 314 25
291 29 16
291 140 10
291 166 13
291 175 20
291 198 4
291 244 41
291 285 17
291 296 12
292 13 19
292 26 10
292 87 7
292 112 8
292 127 14
292 219 10
292 250 11
292 256 3
292 281 5
292 311 18
293 43 38
293 47 4
293 148 46
293 161 4
293 172 30
293 213 20
293 214 11
293 253 18
293 280 37
293 303 33
293 312 1
293 331 67
294 166 9
294 198 2
294 301 11
294 325 16
295 98 11
295 126 30
295 170 13
295 206 23
295 231 11
295 234 14
295 238 6
295 249 8
295 267 20
295 272 6
295 300 7
296 116 18
296 265 4
296 277 11
296 327 15
296 329 18
296 332 13
297 124 16
297 185 18
297 275 34
297 305 27
297 318 50
297 320 15
297 321 11
297 326 11
297 328 31
298 14 14
298 148 6
298 294 26
298 313 14
298 325 12
299 13 22
299 64 14
299 75 1
299 122 1
299 167 11
299 173 9
299 210 4
299 223 15
299 236 3
300 126 2
300 202 14
300 231 9
300 249 17
300 272 27
300 295 11
300 311 7
301 14 9
301 55 9
301 109 21
301 113 10
301 120 18
301 138 15
301 268 15
301 294 13
301 298 46
301 325 29
302 123 4
302 264 11
302 268 12
302 330 19
303 148 10
303 161 14
303 172 3
303 213 5
303 214 22
303 223 1
303 280 3
303 312 32
303 331 35
304 9 8
304 16 13
304 24 4
304 48 11
304 146 32
304 192 8
304 238 5
304 258 17
304 260 24
304 288 14
304 302 22
304 313 15
305 40 3
305 320 4
305 330 28
306 219 1
306 290 17
307 40 18
307 63 11
307 86 16
307 107 27
307 176 13
307 269 24
307 271 6
307 308 23
307 317 4
308 63 11
308 139 3
308 184 10
308 192 6
308 208 21
308 218 6
308 269 6
308 279 19
308 314 12
308 317 14
309 6 9
309 113 9
309 254 2
310 75 12
310 130 9
310 157 14
310 182 18
310 193 2
310 197 8
310 217 11
310 237 32
310 239 3
310 262 2
310 319 4
310 321 30
311 26 25
311 28 2
311 127 8
311 230 7
311 256 5
311 271 21
312 213 11
312 233 5
312 293 5
312 331 16
313 4 3
313 16 39
313 48 12
313 123 7
313 138 11
313 146 47
313 189 4
313 234 12
313 288 5
314 35 15
314 38 3
314 151 9
314 163 24
314 216 5
314 290 4
314 306 11
314 325 13
315 9 2
315 16 3
315 37 11
315 48 6
315 56 5
315 146 11
315 288 26
315 304 7
316 64 6
316 171 18
316 219 37
317 63 10
317 184 9
317 190 20
317 199 1
317 269 4
317 279 4
317 307 4
318 275 2
318 305 27
318 320 4
318 321 17
318 326 3
318 328 15
319 12 3
319 93 19
319 188 19
319 203 17
319 324 11
320 40 5
320 185 2
320 275 6
320 305 7
320 318 3
320 321 6
320 328 14
321 40 4
321 185 6
321 297 6
321 305 7
321 318 8
321 320 9
321 328 9
322 21 18
322 123 12
322 191 12
322 258 17
322 264 2
322 265 1
322 268 27
322 302 12
322 330 19
323 29 13
323 101 10
323 215 3
323 243 3
324 93 3
324 177 12
324 213 8
325 109 7
325 120 3
325 260 9
325 294 4
326 185 9
326 275 10
326 305 53
326 318 10
326 320 9
326 321 18
326 328 37
327 116 16
327 224 10
327 261 14
327 277 26
327 289 14
327 296 9
328 40 7
328 185 13
328 305 50
329 116 3
329 224 2
329 289 5
329 327 7
329 332 22
330 260 1
331 148 12
331 213 8
332 261 4
332 277 7
332 296 4
333 7 11
333 152 26
333 207 18
