0 1 18
0 2 27
0 3 2
0 17 21
0 24 20
0 28 15
0 41 35
0 58 32
0 86 18
0 111 7
0 115 20
0 116 18
0 140 6
0 145 51
0 155 12
0 166 2
0 175 11
0 260 19
0 270 39
0 313 41
0 334 31
1 13 14
1 59 21
1 73 13
1 96 17
1 157 11
1 189 14
1 211 7
1 219 15
1 226 38
1 228 8
1 259 14
1 271 49
1 280 2
1 316 11
1 322 2
1 334 13
2 57 15
2 96 1
2 118 15
2 181 21
2 247 15
2 252 7
2 270 2
2 289 13
2 290 6
2 291 14
2 312 2
2 330 26
3 1 20
3 4 25
3 6 8
3 7 2
3 36 15
3 50 27
3 75 29
3 91 13
3 122 18
3 132 9
3 140 6
3 141 8
3 142 32
3 144 24
3 156 9
3 167 26
3 210 11
3 253 15
3 293 12
3 294 37
3 327 32
4 5 24
4 32 4
4 35 5
4 71 21
4 112 15
4 136 14
4 138 5
4 231 5
4 256 20
4 263 5
5 14 9
5 71 15
5 74 2
5 80 6
5 145 17
5 210 13
5 243 5
5 250 1
5 267 3
5 275 10
6 57 3
6 67 4
6 80 11
6 112 16
6 122 1
6 311 10
7 6 26
7 10 4
7 18 24
7 30 9
7 38 20
7 45 21
7 46 34
7 58 1
7 106 41
7 158 10
7 187 32
7 220 1
7 238 11
7 298 26
7 321 40
7 324 59
7 331 31
8 18 38
8 26 14
8 51 5
8 65 6
8 103 34
8 105 33
8 106 14
8 111 36
8 113 47
8 119 17
8 128 12
8 180 1
8 221 24
8 223 30
8 239 15
8 277 26
8 291 23
8 294 12
8 329 36
9 27 2
9 37 11
9 41 7
9 45 15
9 55 3
9 64 14
9 94 1
9 114 7
9 142 12
9 143 22
9 179 11
9 194 13
9 202 13
9 247 50
9 249 31
9 266 18
9 283 34
9 286 9
9 321 30
10 5 16
10 9 33
10 12 8
10 37 17
10 55 30
10 70 7
10 94 18
10 101 11
10 122 34
10 145 10
10 163 9
10 183 12
10 202 20
10 224 9
10 257 30
10 265 40
10 278 16
11 33 18
11 40 3
11 97 20
11 104 12
11 130 7
11 155 5
11 185 1
11 201 6
11 210 8
11 271 9
11 290 14
11 327 8
12 9 33
12 10 8
12 54 11
12 55 5
12 61 3
12 64 21
12 191 16
12 195 3
12 202 12
12 230 10
12 266 27
12 269 6
12 278 3
12 332 33
13 0 11
13 3 7
13 17 5
13 41 16
13 68 21
13 92 11
13 93 26
13 111 10
13 116 4
13 129 5
13 185 33
13 233 23
13 236 18
13 251 5
13 271 34
13 280 39
13 315 16
14 93 3
14 98 19
14 203 17
14 231 4
14 260 5
14 275 6
14 288 3
14 296 12
14 297 2
14 301 6
14 334 11
15 4 41
15 29 8
15 43 2
15 61 12
15 71 24
15 74 24
15 112 31
15 136 30
15 141 5
15 147 3
15 153 13
15 172 40
15 214 11
15 231 67
15 263 26
15 287 15
15 293 31
16 5 10
16 41 9
16 63 18
16 86 12
16 114 10
16 118 31
16 122 7
16 203 8
16 297 9
17 13 20
17 27 15
17 28 1
17 41 11
17 47 4
17 55 21
17 68 1
17 82 9
17 94 3
17 116 15
17 117 12
17 144 22
17 173 43
17 188 39
17 191 24
17 230 24
17 234 10
17 273 12
17 284 30
18 30 9
18 46 12
18 220 4
18 225 9
18 232 14
18 277 1
18 317 2
19 37 18
19 58 9
19 60 7
19 73 31
19 127 16
19 149 19
19 168 22
19 185 43
19 233 25
19 247 43
19 251 28
19 259 7
19 276 12
19 303 10
19 314 29
19 321 51
20 11 9
20 59 4
20 97 11
20 100 27
20 130 5
20 134 9
20 167 3
20 210 14
20 212 11
20 315 1
20 316 36
21 99 25
21 108 6
21 109 27
21 168 3
21 180 7
21 201 6
21 258 3
21 285 4
21 287 12
21 306 17
22 77 28
22 78 25
22 80 4
22 82 49
22 98 9
22 117 9
22 173 53
22 211 27
22 230 12
22 243 7
22 245 5
22 246 52
22 252 13
22 263 11
22 320 55
22 327 42
23 9 9
23 10 28
23 12 25
23 27 43
23 37 30
23 44 26
23 55 48
23 61 16
23 94 3
23 104 21
23 107 5
23 110 33
23 169 18
23 179 16
23 246 49
23 270 15
23 272 29
23 278 10
23 292 25
23 301 31
23 318 56
23 333 61
23 335 46
24 57 37
24 123 17
24 137 15
24 162 4
24 185 2
24 205 5
24 206 9
24 217 8
24 233 9
24 236 9
24 259 1
24 297 7
24 323 27
24 334 16
25 49 5
25 54 10
25 76 20
25 108 31
25 135 15
25 165 8
25 170 20
25 192 19
25 207 14
25 209 1
25 235 39
25 257 7
25 264 18
25 305 3
25 309 3
25 329 27
25 332 22
26 24 11
26 57 17
26 68 1
26 77 10
26 137 8
26 157 13
26 171 19
26 181 14
26 200 17
26 205 24
26 206 20
26 212 33
26 217 12
26 226 21
26 236 13
26 289 23
26 295 9
26 297 12
26 316 45
27 10 3
27 12 22
27 29 13
27 55 43
27 72 44
27 94 13
27 111 1
27 200 9
27 202 3
27 272 16
27 278 12
27 304 45
27 318 60
27 328 29
28 13 14
28 17 18
28 19 13
28 27 9
28 41 9
28 50 4
28 111 14
28 115 11
28 116 14
28 147 18
28 158 40
28 166 7
28 193 7
28 195 30
28 234 29
28 240 44
28 249 30
28 320 34
28 332 51
29 7 10
29 34 35
29 99 18
29 127 11
29 131 20
29 166 8
29 168 42
29 170 16
29 184 38
29 192 25
29 204 32
29 223 17
29 238 9
29 282 44
29 285 15
29 305 37
30 18 2
30 38 1
30 39 13
30 45 7
30 64 28
30 109 8
30 125 11
30 144 5
30 220 15
30 238 13
30 248 2
30 265 16
30 291 8
31 6 2
31 56 12
31 72 39
31 145 5
31 153 14
31 158 27
31 221 3
31 294 27
31 311 35
32 5 16
32 14 17
32 31 7
32 74 6
32 80 36
32 83 6
32 98 2
32 136 13
32 203 16
32 242 4
32 243 9
32 267 14
32 275 19
32 280 27
32 287 55
32 294 10
32 297 9
33 11 8
33 97 19
33 102 3
33 212 6
33 228 6
33 313 2
34 29 6
34 52 3
34 108 8
34 165 2
34 183 3
34 204 15
34 223 4
34 305 5
35 4 12
35 15 4
35 31 4
35 71 23
35 100 11
35 108 3
35 121 9
35 136 16
35 231 15
35 233 11
35 248 23
35 263 4
35 293 36
35 294 16
35 305 14
36 3 11
36 4 9
36 11 12
36 22 10
36 50 20
36 71 7
36 80 29
36 85 32
36 140 10
36 141 3
36 144 22
36 147 16
36 167 12
36 203 6
36 211 20
36 226 12
36 230 34
36 261 27
36 275 15
37 9 6
37 10 2
37 12 27
37 27 18
37 54 10
37 61 14
37 64 34
37 72 24
37 94 12
37 96 8
37 202 21
37 233 3
37 263 13
37 281 9
37 307 15
37 314 14
37 319 23
37 331 20
38 10 22
38 11 9
38 18 23
38 22 6
38 30 22
38 45 4
38 46 11
38 94 8
38 101 29
38 104 21
38 106 13
38 143 20
38 214 19
38 238 7
38 247 21
38 290 21
38 318 29
39 66 8
39 82 2
39 97 75
39 100 7
39 128 41
39 164 4
39 192 35
39 287 35
39 293 12
39 294 16
39 332 39
40 11 8
40 33 23
40 59 11
40 91 12
40 201 5
40 210 23
40 244 16
40 289 23
41 36 7
41 68 44
41 81 7
41 111 21
41 125 21
41 129 8
41 151 21
41 153 14
41 166 4
41 230 4
41 261 20
41 313 15
41 328 12
42 53 13
42 89 33
42 96 4
42 101 19
42 158 3
42 187 13
42 207 17
42 282 20
42 314 12
42 318 7
42 331 10
43 0 7
43 9 14
43 11 41
43 16 12
43 33 32
43 59 29
43 60 18
43 70 3
43 149 24
43 164 12
43 169 3
43 197 24
43 201 6
43 204 17
43 208 3
43 218 16
43 222 50
43 276 12
43 294 43
43 303 7
43 320 31
43 327 24
43 332 45
44 3 11
44 4 34
44 16 22
44 30 19
44 32 22
44 35 12
44 36 27
44 50 10
44 61 2
44 130 38
44 132 18
44 138 29
44 140 18
44 141 7
44 142 19
44 144 18
44 147 36
44 153 20
44 167 41
44 170 22
44 231 21
44 247 37
45 18 24
45 30 5
45 46 7
45 105 28
45 106 14
45 126 27
45 181 41
45 187 29
45 220 17
45 224 10
45 238 44
45 247 17
45 291 63
45 301 26
46 12 1
46 30 12
46 42 3
46 45 5
46 60 4
46 62 1
46 74 19
46 88 14
46 168 16
46 220 15
46 238 4
46 241 22
46 255 45
46 264 19
46 282 37
46 318 16
46 321 21
47 83 2
47 84 13
47 107 14
47 150 17
47 151 16
47 152 16
47 188 8
47 205 17
47 213 37
47 234 48
47 242 3
47 244 20
47 251 6
47 255 15
47 256 13
47 262 14
47 273 14
47 304 17
47 322 35
48 21 11
48 49 24
48 69 5
48 84 7
48 99 48
48 103 7
48 108 43
48 131 8
48 159 29
48 176 21
48 177 26
48 186 2
48 201 12
48 204 27
48 220 12
48 227 24
48 245 9
48 285 26
48 310 20
48 330 28
49 76 13
49 118 17
49 131 8
49 204 17
49 235 9
49 245 12
49 310 31
49 317 2
49 330 23
50 90 21
50 130 18
50 142 2
50 167 26
50 171 4
50 219 33
50 250 17
50 252 13
50 271 1
50 312 9
51 8 21
51 33 10
51 34 11
51 52 4
51 65 15
51 105 10
51 109 34
51 119 5
51 127 1
51 177 7
51 190 37
51 239 20
51 253 12
51 274 3
51 277 10
51 305 3
52 21 26
52 25 28
52 65 3
52 108 14
52 109 9
52 170 5
52 204 8
52 235 32
52 254 8
52 258 23
52 306 18
52 309 8
53 6 15
53 49 2
53 50 3
53 76 7
53 89 9
53 187 4
53 204 8
53 282 7
53 298 8
53 314 11
53 318 11
53 331 6
54 64 7
54 96 18
54 108 4
54 133 14
54 188 31
54 195 11
54 199 17
54 216 5
54 232 6
54 250 15
54 255 25
54 286 23
54 292 5
54 307 4
54 332 18
55 10 6
55 37 13
55 61 17
55 78 12
55 94 3
55 100 6
55 143 7
55 173 14
55 238 5
55 272 7
55 304 3
55 308 20
55 327 15
56 6 18
56 31 3
56 66 8
56 145 7
56 153 16
56 158 21
56 192 39
56 229 12
56 232 16
56 277 3
56 311 3
57 137 3
57 205 8
57 206 5
57 211 3
57 217 14
57 324 9
58 16 9
58 40 23
58 43 3
58 60 4
58 90 18
58 97 18
58 134 6
58 149 4
58 169 13
58 197 11
58 226 21
58 296 22
58 303 5
58 323 17
58 335 21
59 50 8
59 97 4
59 134 13
59 189 12
59 212 6
59 215 24
59 226 17
59 280 18
60 16 1
60 19 23
60 57 12
60 58 2
60 67 14
60 77 12
60 84 14
60 123 18
60 149 17
60 164 12
60 169 4
60 178 8
60 197 6
60 208 11
60 212 27
60 238 23
60 251 23
60 262 25
60 288 10
60 303 10
60 323 32
61 10 11
61 23 10
61 24 7
61 27 17
61 46 2
61 55 3
61 94 8
61 110 14
61 151 12
61 179 4
61 193 18
61 202 3
61 247 34
61 269 5
61 274 25
61 278 27
61 281 24
61 286 31
61 307 10
62 7 18
62 12 29
62 18 18
62 24 23
62 30 24
62 38 16
62 45 16
62 46 38
62 87 3
62 88 4
62 89 34
62 133 40
62 159 30
62 175 20
62 206 36
62 220 11
62 238 20
62 257 16
62 258 12
62 272 39
62 326 74
62 333 32
63 86 3
63 102 1
63 248 24
63 266 10
63 300 24
64 96 2
64 109 12
64 120 4
64 133 1
64 188 8
64 199 8
64 232 52
64 248 10
64 286 8
64 307 19
64 331 4
65 8 10
65 51 7
65 105 24
65 106 8
65 113 10
65 119 2
65 139 17
65 144 4
65 146 40
65 149 15
65 170 8
65 182 9
65 216 16
65 239 51
65 241 10
65 253 16
65 277 39
65 285 3
65 291 47
66 39 2
66 56 9
66 73 7
66 97 61
66 128 14
66 145 27
66 181 28
66 235 39
66 279 17
66 287 39
66 294 39
66 306 48
66 311 2
67 107 13
67 109 40
67 119 24
67 123 3
67 126 34
67 194 18
67 216 8
67 242 21
67 295 24
67 298 48
67 306 4
67 323 2
67 329 28
68 13 17
68 28 8
68 47 17
68 93 23
68 111 22
68 129 27
68 142 4
68 166 6
68 190 24
68 205 12
68 247 51
68 252 23
68 276 19
68 279 21
68 284 32
69 21 19
69 29 10
69 49 19
69 51 10
69 71 20
69 103 13
69 107 11
69 131 42
69 159 6
69 176 6
69 177 30
69 192 12
69 204 12
69 209 2
69 221 17
69 227 3
69 245 21
69 282 23
70 16 14
70 19 10
70 41 11
70 58 27
70 125 35
70 137 31
70 149 11
70 169 13
70 186 5
70 197 12
70 208 11
70 243 25
70 276 21
70 279 17
70 288 23
70 289 46
70 295 14
70 303 6
70 313 8
70 327 27
71 112 4
71 113 2
71 221 12
71 231 12
71 263 11
71 287 17
71 293 1
72 283 6
72 287 4
72 318 5
72 321 6
72 332 16
72 333 20
73 1 1
73 20 3
73 57 15
73 59 25
73 85 3
73 157 22
73 189 3
73 210 10
73 219 25
73 226 28
73 268 6
73 271 19
73 277 1
73 280 41
73 322 20
74 5 7
74 14 6
74 98 12
74 153 21
74 275 13
74 317 39
74 333 17
75 30 10
75 35 9
75 112 39
75 121 3
75 152 9
75 160 29
75 161 33
75 174 15
75 194 10
75 197 20
75 198 18
75 214 8
75 237 2
75 263 9
75 270 32
75 303 29
76 21 27
76 52 17
76 99 5
76 108 9
76 109 19
76 127 13
76 146 22
76 196 9
76 204 3
76 254 35
76 258 12
76 306 28
77 24 4
77 57 21
77 79 21
77 113 1
77 137 9
77 153 12
77 205 30
77 217 7
77 230 21
77 234 9
77 262 6
77 307 24
77 308 8
78 24 9
78 82 12
78 117 14
78 151 21
78 173 19
78 215 4
78 221 22
78 230 15
78 234 6
78 246 15
78 252 22
78 286 8
78 320 22
78 325 21
78 327 22
79 24 12
79 26 15
79 57 7
79 77 21
79 135 6
79 173 11
79 178 16
79 203 2
79 205 18
79 217 2
79 218 4
79 290 13
79 297 8
79 299 16
79 304 12
79 315 11
79 326 9
80 14 13
80 39 8
80 74 17
80 162 14
80 211 7
80 248 12
80 267 2
80 275 1
80 294 1
80 317 10
81 67 1
81 252 8
81 312 19
82 173 12
82 191 19
82 230 3
82 246 20
82 252 2
82 267 4
82 278 8
82 310 14
82 320 5
82 327 22
83 2 9
83 47 16
83 94 4
83 150 29
83 151 21
83 178 12
83 199 26
83 221 2
83 231 5
83 234 6
83 244 13
83 251 25
83 256 50
83 262 3
83 322 50
84 16 25
84 19 13
84 36 16
84 40 21
84 43 20
84 58 24
84 70 18
84 74 15
84 124 31
84 150 28
84 164 18
84 183 15
84 197 14
84 208 8
84 218 8
84 233 13
84 256 36
84 271 10
84 276 16
84 278 16
84 303 14
84 332 44
85 20 7
85 90 8
85 100 7
85 201 8
85 210 4
85 211 7
85 212 12
85 219 4
85 316 6
86 91 6
86 118 19
86 125 21
86 130 28
86 181 2
86 191 20
86 221 34
86 301 6
86 308 28
86 320 14
86 325 11
86 328 14
87 7 4
87 13 18
87 18 52
87 30 37
87 38 21
87 45 19
87 46 30
87 55 16
87 74 18
87 88 42
87 136 20
87 146 34
87 150 26
87 220 73
87 227 10
87 236 11
87 238 26
87 242 10
87 266 35
87 316 51
87 332 51
88 6 37
88 7 1
88 18 35
88 30 27
88 38 11
88 39 2
88 45 11
88 106 21
88 119 16
88 200 28
88 220 16
88 227 13
88 231 33
88 238 9
88 244 10
88 247 11
88 281 22
88 289 21
88 303 14
89 53 19
89 241 1
89 257 3
89 264 1
89 275 21
89 282 12
89 298 27
89 302 4
89 314 16
89 321 8
89 331 7
90 102 11
90 148 3
90 189 14
90 215 5
90 240 12
90 273 7
91 102 7
91 162 19
91 163 8
91 222 27
91 226 13
91 233 4
91 260 1
91 266 2
91 288 6
91 313 17
91 322 12
91 334 19
91 335 15
92 24 15
92 26 7
92 57 39
92 77 5
92 79 8
92 122 9
92 125 23
92 137 14
92 157 2
92 171 4
92 205 16
92 206 3
92 211 13
92 217 47
92 218 4
92 236 22
92 251 23
92 297 11
92 300 31
92 315 9
92 316 37
92 323 14
93 0 10
93 28 8
93 33 32
93 41 15
93 92 1
93 104 25
93 129 8
93 199 23
93 201 21
93 214 5
93 324 39
94 9 24
94 10 24
94 12 19
94 34 24
94 37 10
94 54 38
94 77 9
94 93 18
94 96 26
94 202 13
94 241 24
94 278 13
94 283 15
94 302 26
94 331 35
95 71 19
95 75 23
95 121 4
95 132 2
95 149 12
95 151 16
95 160 21
95 161 49
95 174 17
95 198 18
95 214 52
95 223 27
95 242 13
95 261 23
95 283 40
96 64 13
96 89 2
96 120 2
96 133 16
96 172 7
96 195 1
96 199 10
96 232 33
96 300 12
96 307 4
97 162 1
97 181 8
97 222 11
97 287 5
98 5 1
98 14 16
98 16 13
98 57 5
98 80 6
98 154 5
98 163 17
98 171 7
98 203 7
98 236 28
98 242 11
98 267 53
98 290 12
98 315 8
99 66 2
99 118 29
99 146 5
99 159 9
99 196 27
99 201 4
99 204 16
99 235 39
99 245 4
99 279 2
99 285 6
99 306 32
99 309 9
99 317 28
100 33 2
100 42 2
100 72 17
100 130 5
100 134 5
100 162 12
100 184 23
100 201 1
100 295 16
100 334 11
101 53 17
101 187 11
101 275 8
101 298 20
101 302 14
101 305 9
101 307 38
101 314 6
101 318 9
101 331 6
102 91 11
102 97 18
102 226 11
102 334 9
103 25 2
103 48 19
103 49 26
103 106 11
103 129 1
103 131 1
103 167 5
103 177 19
103 186 7
103 227 15
103 232 43
103 245 21
103 260 20
103 306 12
103 309 21
104 125 26
104 143 2
104 190 9
104 200 5
104 272 5
104 290 3
104 335 11
105 8 5
105 101 6
105 113 19
105 119 20
105 158 6
105 172 2
105 277 3
105 282 28
105 326 18
105 329 16
106 10 15
106 18 31
106 30 2
106 39 4
106 45 14
106 46 2
106 62 4
106 67 17
106 87 5
106 88 10
106 105 10
106 119 2
106 133 34
106 158 34
106 238 11
106 257 7
106 264 15
106 268 12
106 328 12
107 16 2
107 67 9
107 71 15
107 81 16
107 113 21
107 149 16
107 172 7
107 184 11
107 221 13
107 224 5
107 295 13
107 332 31
108 21 9
108 52 18
108 55 15
108 76 4
108 85 33
108 109 22
108 168 2
108 180 4
108 258 25
108 306 34
108 332 12
109 192 5
109 248 9
109 254 6
109 306 24
110 27 3
110 54 22
110 64 7
110 74 10
110 96 3
110 107 15
110 138 23
110 150 23
110 195 1
110 199 30
110 200 41
110 232 10
110 255 15
110 266 18
110 279 16
110 286 21
110 307 10
111 17 2
111 28 10
111 81 16
111 93 6
111 129 6
111 205 13
111 256 9
111 278 10
111 284 10
111 320 25
111 328 32
111 332 16
112 4 13
112 6 1
112 15 17
112 35 38
112 57 2
112 71 26
112 136 8
112 163 10
112 203 1
112 231 24
112 254 15
112 263 14
112 292 11
112 293 38
112 294 14
112 319 1
113 8 5
113 18 3
113 51 10
113 89 5
113 105 15
113 107 6
113 119 9
113 209 15
113 232 32
113 235 11
113 239 5
113 277 8
113 279 5
114 24 15
114 26 29
114 57 26
114 77 34
114 79 45
114 88 10
114 92 6
114 136 33
114 140 6
114 152 3
114 155 18
114 171 10
114 173 34
114 203 15
114 205 21
114 206 19
114 208 5
114 217 11
114 236 26
114 245 18
114 297 8
114 325 33
115 8 15
115 13 22
115 17 7
115 22 28
115 28 9
115 29 7
115 32 7
115 41 23
115 58 17
115 83 16
115 84 9
115 93 22
115 111 22
115 117 24
115 134 43
115 141 3
115 178 12
115 252 27
115 297 18
115 309 19
116 0 17
116 17 1
116 23 4
116 41 26
116 53 26
116 68 9
116 86 17
116 93 19
116 96 19
116 102 13
116 104 19
116 111 8
116 115 1
116 126 7
116 160 14
116 169 30
116 234 32
116 302 20
116 325 13
117 78 9
117 82 4
117 230 27
117 275 2
117 306 43
117 310 2
117 320 1
117 327 35
117 332 39
118 2 11
118 63 5
118 130 5
118 240 6
118 289 2
118 290 5
118 311 1
118 330 5
119 18 41
119 88 24
119 105 16
119 113 8
119 165 3
119 168 5
119 174 3
119 181 19
119 191 7
119 196 36
119 239 4
119 290 8
119 324 32
120 77 18
120 101 6
120 110 5
120 133 5
120 184 2
120 188 8
120 195 41
120 224 2
120 232 25
120 255 17
120 286 20
120 298 18
120 307 17
120 331 3
121 30 13
121 71 11
121 75 20
121 95 10
121 142 2
121 145 32
121 160 5
121 161 10
121 168 25
121 174 4
121 214 11
121 237 5
121 268 9
121 287 13
121 331 5
122 31 15
122 56 8
122 71 6
122 80 12
122 137 14
122 145 22
122 153 8
122 158 15
122 242 10
122 251 15
122 293 17
122 311 44
123 20 30
123 40 21
123 85 30
123 100 29
123 134 45
123 210 19
123 213 19
123 217 1
123 263 12
123 273 14
123 297 2
123 315 28
123 316 22
123 320 2
123 323 30
124 12 8
124 14 3
124 16 16
124 19 9
124 58 26
124 60 8
124 70 27
124 79 30
124 84 5
124 92 17
124 116 22
124 122 11
124 131 4
124 137 17
124 148 14
124 149 21
124 164 10
124 169 6
124 197 10
124 208 6
124 218 6
124 243 19
124 251 26
124 261 17
124 270 26
124 276 3
125 181 8
125 194 2
125 272 3
125 310 10
125 325 1
125 330 3
125 335 2
126 64 33
126 79 5
126 81 23
126 105 2
126 107 4
126 128 13
126 158 28
126 160 2
126 172 2
126 302 16
126 333 17
127 29 5
127 34 31
127 105 21
127 156 11
127 168 25
127 170 9
127 173 11
127 204 56
127 274 18
127 305 7
127 309 18
128 97 24
128 101 2
128 187 1
128 256 13
128 282 15
128 287 13
128 294 16
128 298 13
129 0 16
129 2 22
129 17 1
129 28 6
129 29 21
129 41 18
129 68 13
129 93 11
129 111 12
129 116 3
129 155 21
129 176 3
129 181 41
129 289 41
129 308 17
129 312 19
130 86 10
130 191 41
130 205 9
130 221 9
130 287 15
130 301 1
130 304 12
130 308 19
131 48 12
131 49 17
131 56 15
131 99 32
131 103 12
131 121 9
131 168 8
131 177 8
131 186 10
131 192 21
131 196 9
131 202 16
131 227 15
131 229 29
131 245 24
131 285 7
131 331 28
132 3 15
132 12 14
132 27 10
132 36 13
132 44 3
132 50 39
132 71 19
132 116 15
132 124 14
132 140 19
132 142 23
132 144 36
132 147 5
132 164 4
132 167 23
132 199 16
132 258 36
132 261 12
132 293 17
132 310 24
132 318 53
132 328 58
133 63 2
133 96 1
133 110 2
133 120 11
133 144 1
133 154 2
133 195 8
133 199 18
133 232 32
133 298 6
133 307 4
134 33 17
134 85 30
134 90 27
134 97 13
134 100 8
134 185 5
134 200 12
134 201 1
134 210 9
134 228 26
134 306 5
134 315 18
134 316 8
135 75 22
135 83 2
135 95 24
135 114 6
135 121 19
135 153 25
135 160 8
135 161 37
135 174 17
135 198 28
135 214 18
135 216 8
135 237 6
135 319 36
135 329 35
136 4 15
136 6 10
136 80 20
136 219 7
136 231 12
136 251 9
136 263 12
136 293 22
137 4 6
137 57 19
137 79 4
137 114 2
137 206 10
137 217 6
137 240 1
137 297 4
137 308 1
138 63 50
138 248 17
138 250 34
138 256 4
138 265 5
138 266 12
138 269 17
138 274 2
138 281 3
138 292 8
138 299 1
138 300 12
138 308 19
139 25 29
139 42 11
139 49 44
139 63 13
139 135 16
139 170 4
139 180 15
139 192 17
139 207 8
139 209 17
139 220 9
139 247 12
139 257 24
139 258 11
139 262 1
139 309 32
140 3 7
140 31 28
140 36 12
140 38 3
140 50 24
140 75 4
140 117 35
140 125 47
140 141 8
140 142 4
140 144 22
140 156 26
140 159 11
140 167 26
140 203 2
140 249 21
140 263 5
140 270 21
140 299 45
141 3 22
141 6 21
141 19 4
141 31 29
141 33 25
141 36 15
141 50 41
141 74 14
141 77 17
141 132 5
141 140 4
141 142 7
141 144 12
141 147 27
141 161 7
141 167 4
141 237 10
141 243 8
141 311 52
142 3 2
142 20 15
142 30 18
142 36 7
142 50 16
142 128 16
142 140 7
142 141 6
142 144 24
142 147 19
142 167 8
142 234 42
142 242 13
142 247 16
142 321 27
142 327 22
143 104 11
143 156 15
143 190 4
143 200 11
143 214 3
143 272 12
143 301 5
143 310 69
143 328 2
143 331 20
143 332 16
143 335 14
144 39 14
144 50 5
144 53 2
144 90 16
144 147 6
144 167 7
144 225 11
144 245 3
144 287 24
145 6 8
145 31 13
145 56 4
145 153 8
145 158 5
145 255 15
145 295 4
145 311 35
145 314 12
146 99 7
146 159 10
146 170 22
146 196 37
146 235 10
146 245 4
146 279 14
146 285 19
146 309 11
146 317 12
146 319 27
147 3 24
147 35 16
147 36 14
147 38 17
147 45 3
147 50 14
147 129 2
147 140 17
147 141 13
147 142 19
147 144 19
147 167 30
147 173 25
147 197 8
147 228 39
147 241 18
147 261 22
147 265 37
147 317 32
148 4 1
148 90 16
148 137 1
148 199 24
148 211 16
148 215 4
148 219 12
148 228 8
148 240 27
148 259 18
148 280 13
148 288 4
148 295 4
148 313 5
149 14 16
149 16 15
149 43 6
149 81 13
149 111 8
149 199 29
149 291 31
149 303 22
149 304 13
149 330 33
149 332 20
150 1 13
150 91 8
150 151 29
150 234 27
150 244 13
150 246 1
150 251 13
150 256 23
150 271 14
150 292 7
150 322 29
150 332 21
151 18 12
151 81 15
151 83 7
151 156 5
151 244 6
151 256 14
151 322 9
152 2 23
152 47 5
152 73 18
152 78 12
152 83 33
152 107 9
152 150 8
152 151 19
152 181 12
152 205 14
152 213 14
152 216 18
152 234 44
152 244 33
152 251 20
152 256 27
152 320 42
152 322 19
153 6 18
153 31 14
153 56 27
153 145 16
153 158 22
153 170 5
153 294 22
153 296 12
153 311 42
154 4 9
154 5 36
154 14 25
154 32 17
154 34 40
154 74 18
154 80 10
154 98 31
154 137 13
154 183 2
154 189 35
154 203 2
154 240 35
154 243 33
154 267 27
154 275 23
154 296 15
154 299 17
154 328 28
154 332 12
155 11 15
155 33 25
155 40 20
155 91 7
155 97 25
155 118 10
155 181 11
155 212 37
155 240 10
155 312 13
155 313 13
156 24 7
156 31 16
156 104 6
156 133 15
156 184 2
156 190 40
156 200 37
156 269 27
156 272 29
156 310 32
156 328 66
156 335 75
157 57 28
157 59 13
157 85 4
157 162 9
157 189 28
157 219 13
157 226 6
157 271 8
157 280 24
158 6 3
158 56 7
158 133 10
158 145 1
158 257 9
158 265 32
158 298 6
158 311 6
158 331 13
159 66 14
159 192 21
159 196 38
159 219 9
159 229 3
159 235 9
159 279 10
159 285 13
159 306 27
159 317 21
160 21 22
160 58 13
160 74 13
160 135 10
160 161 15
160 174 8
160 187 25
160 196 17
160 198 15
160 203 24
160 214 4
160 263 8
160 302 17
161 15 8
161 121 13
161 135 3
161 147 19
161 160 7
161 172 12
161 174 5
161 198 11
161 243 2
161 294 6
162 91 2
162 102 12
162 163 1
162 168 2
162 222 11
162 228 3
162 233 7
162 288 9
162 334 16
163 47 13
163 91 5
163 102 28
163 144 7
163 162 16
163 212 16
163 222 17
163 233 8
163 243 11
163 255 16
163 275 4
163 288 35
163 314 15
163 322 16
163 334 48
164 19 4
164 42 16
164 58 9
164 70 18
164 80 33
164 106 15
164 115 11
164 122 18
164 124 4
164 125 18
164 136 42
164 149 2
164 153 3
164 169 7
164 208 13
164 218 9
164 226 22
164 261 17
164 276 13
164 303 20
164 312 20
165 6 16
165 67 8
165 98 5
165 119 31
165 139 9
165 170 11
165 182 7
165 192 23
165 207 5
165 209 33
165 257 22
165 258 2
165 291 23
165 309 13
165 329 16
166 13 20
166 17 22
166 28 16
166 41 28
166 44 9
166 61 14
166 79 30
166 86 25
166 93 41
166 111 65
166 115 20
166 116 41
166 123 38
166 129 10
166 175 7
166 176 28
166 179 12
166 185 22
166 206 21
166 255 53
166 303 39
166 308 31
166 328 53
167 42 26
167 50 2
167 91 6
167 93 2
167 128 11
167 144 15
167 197 10
167 210 24
167 277 33
167 335 1
168 18 6
168 34 9
168 127 2
168 146 15
168 189 7
168 331 15
169 13 9
169 16 1
169 19 12
169 26 19
169 58 5
169 70 3
169 85 9
169 134 26
169 149 5
169 164 15
169 178 9
169 181 38
169 215 25
169 219 15
169 233 17
169 236 29
169 276 22
169 303 15
170 34 7
170 53 15
170 108 14
170 146 9
170 168 13
170 196 25
170 204 4
170 305 10
171 26 6
171 33 8
171 57 8
171 77 5
171 79 6
171 114 8
171 123 10
171 127 4
171 137 48
171 157 21
171 217 22
171 233 16
171 268 10
171 297 33
172 14 17
172 67 25
172 81 25
172 96 14
172 107 2
172 184 20
172 191 6
172 194 20
172 205 12
172 224 2
172 225 6
172 295 8
172 329 2
173 117 12
173 230 6
173 246 6
173 252 3
173 308 15
173 320 4
173 327 29
174 6 12
174 60 3
174 75 21
174 83 6
174 113 14
174 121 6
174 135 3
174 145 30
174 160 5
174 161 16
174 198 5
174 200 9
174 202 4
174 214 18
174 289 56
175 47 6
175 81 19
175 86 13
175 94 11
175 95 11
175 130 48
175 191 77
175 221 22
175 275 10
175 301 32
175 308 57
175 313 15
175 325 16
175 334 19
176 48 3
176 49 17
176 51 21
176 65 14
176 103 14
176 131 39
176 140 12
176 146 22
176 165 15
176 177 14
176 193 8
176 216 25
176 218 7
176 245 27
176 292 29
177 6 24
177 34 8
177 48 2
177 49 22
177 66 13
177 82 34
177 88 30
177 103 4
177 139 16
177 223 25
177 295 2
178 2 15
178 11 24
178 33 62
178 40 47
178 85 13
178 155 13
178 201 23
178 212 14
178 217 20
178 244 9
178 260 8
178 268 13
178 315 5
178 322 2
179 9 12
179 10 8
179 12 27
179 27 12
179 37 10
179 55 44
179 61 19
179 78 16
179 92 14
179 94 4
179 138 13
179 141 5
179 197 6
179 202 7
179 203 11
179 216 7
179 218 12
179 223 14
179 246 16
179 319 23
180 21 7
180 34 1
180 52 37
180 76 21
180 108 19
180 109 50
180 162 13
180 168 5
180 196 21
180 226 4
180 254 20
180 258 34
180 306 39
180 309 28
181 86 5
181 191 6
181 291 11
181 301 6
181 312 2
182 25 23
182 29 8
182 49 28
182 108 19
182 121 15
182 127 18
182 139 1
182 154 2
182 165 4
182 177 6
182 192 74
182 207 17
182 209 18
182 219 20
182 223 8
182 257 25
182 258 7
182 307 12
182 309 17
182 329 19
183 6 6
183 31 42
183 56 30
183 87 7
183 89 25
183 122 14
183 145 13
183 153 15
183 158 48
183 276 2
183 279 11
183 301 32
183 307 3
183 311 26
184 67 9
184 81 26
184 89 12
184 126 12
184 173 5
184 194 15
184 216 5
184 225 2
184 239 9
184 333 17
185 73 19
185 85 20
185 90 8
185 148 18
185 215 4
185 228 34
185 240 20
185 259 17
185 273 24
185 313 28
185 315 10
185 323 5
185 334 7
186 28 15
186 36 37
186 48 12
186 49 62
186 62 3
186 69 11
186 103 14
186 109 23
186 122 21
186 131 22
186 176 19
186 177 26
186 179 5
186 180 30
186 227 6
186 245 16
186 253 13
186 254 24
186 264 14
187 89 2
187 101 7
187 109 1
187 120 2
187 128 7
187 264 13
187 282 29
187 298 16
187 302 6
187 314 6
188 63 5
188 64 8
188 96 18
188 110 8
188 120 27
188 133 32
188 232 15
188 255 7
188 267 10
188 286 3
188 299 7
188 307 10
189 20 1
189 59 1
189 73 11
189 90 11
189 93 5
189 219 27
189 271 4
189 280 29
189 296 8
189 313 7
189 324 13
189 335 18
190 104 22
190 151 6
190 156 12
190 181 8
190 221 13
190 272 10
190 325 20
190 328 11
190 335 35
191 221 14
191 325 9
191 327 9
192 139 1
192 287 13
192 309 1
193 16 33
193 37 12
193 45 12
193 67 11
193 81 17
193 89 25
193 107 39
193 126 39
193 162 18
193 172 66
193 179 17
193 184 36
193 188 26
193 194 16
193 216 35
193 224 30
193 225 22
193 249 42
193 286 40
193 295 40
193 299 25
194 12 2
194 63 10
194 67 9
194 81 49
194 107 8
194 125 16
194 126 8
194 216 5
194 224 5
194 264 8
194 283 37
194 295 10
194 302 17
195 53 2
195 133 12
195 188 8
195 198 5
195 199 5
195 232 3
195 236 6
195 275 3
195 286 17
196 99 4
196 229 22
196 232 21
196 235 8
196 279 8
196 306 23
196 317 4
197 6 27
197 16 13
197 19 8
197 42 30
197 43 1
197 58 8
197 87 7
197 108 12
197 111 15
197 149 29
197 164 5
197 177 28
197 208 8
197 236 8
197 248 30
197 303 23
198 30 2
198 71 8
198 108 3
198 117 12
198 121 21
198 142 16
198 160 4
198 161 6
198 174 4
198 195 12
198 214 3
198 242 18
198 249 1
198 265 27
199 54 2
199 120 1
199 188 19
199 195 3
199 200 2
199 232 2
199 286 2
199 307 3
199 311 2
199 324 13
200 102 7
200 104 5
200 143 11
200 190 10
200 272 7
200 283 6
200 289 18
200 310 36
200 328 20
200 335 20
201 11 11
201 20 19
201 33 8
201 40 10
201 155 4
201 185 9
201 211 3
201 212 1
202 10 4
202 12 2
202 19 17
202 23 10
202 37 7
202 49 7
202 55 9
202 62 12
202 64 31
202 112 26
202 172 7
202 257 16
202 292 15
202 302 34
202 319 34
202 331 54
203 5 20
203 14 12
203 32 2
203 74 22
203 80 10
203 98 19
203 122 26
203 154 1
203 161 12
203 242 5
203 243 3
203 263 11
203 267 6
203 270 19
203 275 3
203 303 13
204 34 30
204 127 8
204 168 15
204 235 6
204 279 3
204 306 4
205 57 5
205 137 3
205 149 10
205 155 11
205 171 10
205 181 11
205 236 2
206 26 10
206 35 3
206 37 3
206 63 24
206 77 13
206 79 10
206 89 13
206 95 1
206 114 11
206 137 1
206 171 11
206 205 10
206 216 3
206 217 4
206 236 4
206 257 22
206 258 7
206 311 10
207 66 15
207 139 11
207 158 6
207 159 37
207 165 12
207 182 2
207 183 6
207 192 27
207 198 18
207 209 1
207 229 22
207 257 20
207 277 3
207 287 6
207 294 14
207 309 10
208 7 7
208 16 16
208 19 4
208 40 9
208 43 15
208 45 16
208 59 28
208 60 3
208 78 13
208 84 4
208 123 10
208 142 29
208 169 9
208 171 17
208 197 8
208 217 13
208 218 4
208 222 47
208 276 9
208 297 18
208 303 23
209 21 9
209 25 9
209 56 9
209 73 1
209 139 11
209 159 9
209 192 41
209 196 33
209 207 11
209 235 25
209 253 4
209 257 26
209 309 20
210 85 4
210 100 24
210 134 5
210 169 10
210 228 5
210 259 6
210 271 13
210 311 4
210 315 5
210 316 20
211 90 34
211 148 2
211 185 18
211 215 4
211 226 14
211 228 25
211 240 19
211 259 34
211 273 8
211 280 7
211 313 26
211 322 3
211 323 39
212 11 4
212 33 3
212 40 16
212 109 3
212 189 8
212 259 9
212 316 12
213 1 13
213 60 5
213 83 12
213 135 6
213 150 19
213 151 30
213 171 16
213 208 5
213 215 22
213 234 6
213 242 5
213 244 7
213 251 49
213 256 11
213 297 15
213 322 23
214 14 30
214 63 18
214 95 7
214 143 7
214 153 5
214 160 28
214 161 16
214 198 21
214 231 14
214 237 7
214 265 20
214 292 4
214 299 5
215 31 3
215 90 1
215 102 7
215 148 5
215 185 3
215 211 6
215 240 7
215 259 5
215 273 14
215 276 5
216 67 7
216 77 22
216 81 24
216 107 6
216 126 30
216 172 8
216 184 22
216 194 3
216 206 1
216 224 2
216 273 9
216 295 16
216 326 35
216 333 47
217 97 19
217 118 6
217 128 1
217 137 16
217 205 23
217 211 13
217 240 9
217 297 5
217 312 26
217 313 6
218 16 16
218 19 21
218 42 13
218 58 24
218 60 5
218 93 23
218 98 3
218 124 13
218 125 26
218 149 46
218 164 2
218 169 15
218 170 13
218 171 10
218 196 30
218 197 9
218 251 20
218 276 15
218 308 15
219 1 5
219 59 10
219 97 10
219 189 5
219 226 14
219 271 1
219 280 9
219 313 3
219 323 19
220 18 21
220 38 5
220 46 12
220 72 27
220 88 11
220 93 15
220 106 2
220 110 11
220 113 15
220 120 19
220 125 28
220 135 12
220 216 13
220 329 29
221 130 7
221 190 7
221 191 8
221 205 17
221 324 28
221 325 4
222 102 9
222 157 6
222 162 7
222 189 14
222 215 2
222 233 4
222 251 1
222 260 6
222 288 19
222 322 10
222 334 29
223 29 11
223 103 16
223 127 29
223 139 9
223 168 22
223 170 15
223 204 39
223 212 14
223 258 18
223 277 11
223 283 26
223 285 23
223 305 22
223 309 18
224 21 21
224 67 15
224 80 18
224 81 33
224 89 14
224 126 11
224 128 8
224 133 6
224 172 1
224 183 18
224 184 8
224 249 25
224 295 3
224 333 29
225 67 3
225 81 31
225 97 12
225 104 13
225 126 8
225 128 26
225 184 16
225 194 3
225 224 10
225 255 22
225 272 37
225 277 6
225 281 7
225 287 11
225 295 24
225 330 35
226 2 7
226 33 35
226 59 19
226 157 4
226 189 5
226 217 11
226 219 12
226 271 5
226 280 1
226 312 14
227 26 9
227 34 17
227 48 5
227 49 62
227 69 9
227 103 4
227 127 6
227 174 4
227 176 12
227 177 21
227 180 18
227 181 30
227 191 12
227 245 9
227 319 24
227 327 16
227 330 52
228 90 17
228 148 12
228 185 4
228 215 28
228 240 19
228 289 6
228 315 7
228 323 7
229 56 2
229 99 15
229 146 23
229 159 13
229 195 5
229 196 20
229 204 33
229 235 21
229 279 6
229 285 9
229 317 12
230 16 1
230 82 9
230 246 3
230 300 2
230 320 7
230 327 12
231 4 13
231 21 9
231 32 7
231 93 11
231 136 2
231 263 5
231 322 6
232 64 10
232 188 8
232 255 5
232 317 6
233 91 11
233 102 11
233 244 16
233 260 5
233 288 15
233 296 12
233 314 3
234 125 10
234 151 12
234 244 2
234 251 6
234 283 19
234 320 10
234 322 17
234 332 7
235 99 8
235 159 1
235 192 7
235 196 15
235 229 15
235 285 20
235 317 24
236 24 5
236 57 11
236 77 17
236 79 1
236 92 3
236 114 8
236 137 24
236 157 14
236 158 10
236 171 5
236 206 16
236 210 4
236 217 3
236 297 8
236 334 25
237 5 13
237 15 4
237 68 5
237 75 12
237 95 24
237 110 5
237 121 2
237 127 5
237 135 5
237 144 16
237 160 30
237 161 21
237 174 13
237 198 27
237 206 9
237 214 7
237 257 14
237 274 16
238 18 14
238 38 14
238 46 4
238 106 3
238 158 13
238 220 4
238 261 3
238 290 20
238 298 25
238 321 24
238 324 31
238 326 26
238 333 42
239 18 3
239 39 2
239 51 5
239 88 1
239 105 28
239 113 18
239 119 9
239 209 17
239 232 8
239 246 11
239 253 12
239 277 16
239 283 5
239 317 9
240 57 22
240 90 16
240 259 1
240 273 11
240 301 14
240 323 11
241 32 8
241 42 15
241 53 14
241 101 12
241 118 18
241 136 9
241 149 6
241 187 45
241 210 14
241 264 17
241 273 17
241 282 31
241 291 16
241 298 58
241 302 33
241 314 12
241 331 16
242 5 25
242 14 16
242 74 12
242 80 30
242 136 10
242 151 3
242 152 1
242 154 3
242 203 5
242 243 12
242 267 16
242 275 19
243 5 10
243 14 21
243 32 22
243 51 11
243 68 3
243 74 17
243 80 23
243 136 2
243 160 8
243 267 9
243 275 19
244 2 5
244 83 4
244 151 6
244 205 8
244 213 13
244 226 12
244 228 24
244 234 30
244 251 3
244 256 18
244 300 3
244 335 17
245 142 3
245 177 1
245 212 16
245 227 10
245 290 5
245 309 12
245 317 15
246 74 15
246 117 14
246 173 3
246 183 4
246 200 16
246 230 9
246 300 11
246 320 13
246 327 30
246 333 13
247 118 7
247 217 1
247 289 22
247 290 6
247 291 7
247 304 3
247 312 9
247 330 20
247 332 25
248 63 15
248 188 3
248 250 3
248 265 8
248 281 5
248 293 2
248 300 18
248 311 20
249 53 8
249 67 3
249 72 27
249 125 1
249 263 3
249 283 17
249 303 1
249 318 16
249 319 16
249 321 11
249 324 16
249 326 9
249 329 5
249 333 24
250 63 23
250 248 8
250 266 2
250 269 21
250 281 11
250 292 13
250 299 9
250 311 1
251 83 23
251 150 10
251 151 7
251 157 19
251 219 10
251 234 15
251 256 19
251 262 10
251 280 10
251 322 28
252 82 15
252 102 21
252 117 24
252 151 7
252 173 11
252 230 23
252 246 17
252 284 4
252 320 17
252 322 10
252 327 3
252 328 12
253 8 13
253 51 22
253 56 19
253 65 27
253 105 50
253 113 24
253 119 34
253 183 10
253 204 29
253 207 13
253 239 9
253 276 9
253 277 33
253 301 14
253 309 12
254 21 6
254 52 6
254 76 8
254 108 18
254 109 40
254 168 2
254 258 11
254 282 13
254 306 7
254 307 36
254 309 27
254 330 29
255 54 10
255 64 11
255 96 28
255 110 5
255 133 4
255 145 9
255 181 18
255 195 4
255 199 9
255 291 13
255 307 3
255 335 15
256 47 7
256 97 4
256 130 2
256 230 4
256 234 7
256 322 20
257 139 3
257 192 10
257 207 13
257 209 8
257 265 16
257 302 9
257 309 36
257 318 8
258 21 21
258 76 23
258 108 7
258 109 33
258 145 1
258 170 7
258 279 1
258 306 15
259 90 2
259 148 6
259 185 4
259 201 16
259 215 2
259 228 8
259 240 7
259 273 20
259 313 8
259 323 2
260 97 48
260 102 33
260 162 31
260 163 8
260 222 8
260 233 5
260 256 11
260 266 12
260 288 40
260 296 23
260 316 14
260 334 19
261 2 18
261 14 3
261 118 28
261 247 32
261 270 12
261 289 24
261 290 9
261 291 21
261 304 6
261 312 7
261 318 2
261 330 23
262 47 12
262 58 12
262 59 16
262 83 8
262 150 9
262 151 3
262 152 11
262 171 2
262 178 1
262 234 16
262 244 8
262 251 16
262 256 20
262 260 4
262 295 3
262 322 25
262 323 3
263 4 16
263 5 22
263 35 7
263 71 19
263 136 8
263 154 6
263 231 10
263 270 18
263 274 6
263 275 23
264 34 15
264 42 10
264 53 24
264 71 16
264 89 36
264 101 15
264 187 14
264 241 5
264 261 7
264 269 11
264 282 24
264 298 28
264 314 13
264 324 3
264 331 20
265 63 6
265 109 3
265 138 14
265 248 15
265 250 5
265 266 14
265 274 11
265 292 3
266 74 7
266 138 1
266 150 2
266 248 6
266 250 16
266 265 3
266 292 18
266 300 9
266 333 11
267 14 1
267 54 1
267 74 10
267 112 3
267 188 9
267 195 2
267 203 4
267 250 18
267 295 1
267 300 8
267 317 10
268 11 51
268 20 4
268 33 24
268 40 42
268 83 3
268 114 1
268 150 10
268 155 9
268 178 3
268 201 31
268 212 17
268 240 4
268 275 18
268 315 15
269 104 65
269 143 10
269 190 54
269 200 4
269 221 20
269 272 12
269 308 8
269 310 29
269 318 14
269 328 5
269 335 24
270 2 3
270 118 22
270 125 9
270 247 14
270 261 6
270 289 43
270 290 8
270 291 10
270 304 15
270 312 3
270 330 10
270 332 15
270 335 1
271 20 2
271 59 20
271 90 15
271 219 2
271 226 8
271 273 1
271 280 16
271 316 10
271 323 6
272 104 4
272 143 7
272 190 19
272 200 4
272 269 8
272 304 13
272 310 10
272 325 13
272 328 14
272 335 18
273 34 28
273 102 1
273 148 8
273 201 28
273 222 1
273 228 18
273 240 5
273 313 7
273 323 9
274 63 35
274 222 7
274 248 14
274 250 15
274 265 18
274 281 4
274 292 6
274 299 9
274 300 2
275 80 7
275 98 7
275 137 11
275 243 2
275 267 22
276 50 10
276 58 16
276 100 38
276 102 20
276 123 9
276 149 13
276 169 1
276 273 34
276 301 4
276 303 5
276 312 20
277 8 6
277 51 6
277 69 14
277 76 19
277 105 5
277 113 2
277 129 24
277 184 16
277 229 12
277 239 5
278 9 21
278 23 13
278 27 5
278 28 9
278 37 5
278 55 10
278 61 1
278 72 39
278 143 9
278 179 7
278 184 5
278 202 11
278 269 42
278 281 13
278 320 11
278 331 36
279 99 6
279 109 7
279 144 7
279 146 3
279 196 7
279 209 4
279 235 17
279 285 7
279 287 40
279 317 38
280 59 13
280 157 5
280 189 3
280 219 5
280 226 13
280 259 5
280 271 13
280 316 4
280 320 1
280 334 15
281 63 12
281 71 10
281 75 2
281 138 22
281 167 1
281 248 12
281 250 13
281 265 50
281 266 26
281 274 11
281 292 14
281 299 1
281 300 4
282 101 8
282 187 8
282 305 15
283 72 4
283 195 7
283 318 18
283 321 22
283 326 10
283 329 7
284 22 7
284 78 22
284 82 14
284 117 25
284 129 11
284 152 3
284 173 39
284 174 2
284 190 13
284 225 11
284 230 20
284 246 30
284 252 14
284 320 9
284 327 45
285 52 1
285 99 18
285 159 3
285 192 29
285 196 23
285 204 21
285 229 15
285 254 10
285 279 3
285 317 13
286 54 8
286 96 9
286 133 1
286 156 7
286 161 7
286 195 8
286 199 14
286 232 26
286 255 24
286 266 11
286 287 1
286 307 12
287 97 10
287 128 15
287 188 6
287 232 11
287 235 3
288 4 12
288 57 9
288 102 38
288 136 3
288 162 3
288 163 10
288 271 10
288 334 10
289 59 6
289 118 3
289 191 25
290 2 3
290 118 4
290 126 4
290 181 12
290 247 9
290 270 12
290 289 27
290 291 35
291 2 2
291 118 1
291 247 1
291 270 13
291 289 23
291 304 11
291 312 14
291 330 17
292 63 19
292 98 14
292 138 9
292 248 31
292 250 13
292 265 1
292 266 10
292 274 21
292 281 3
292 300 2
293 4 36
293 5 18
293 6 11
293 71 6
293 215 9
293 231 44
293 263 30
293 267 3
293 275 6
293 287 32
293 300 23
294 39 3
294 97 22
294 128 18
294 265 19
294 287 27
294 311 2
295 68 1
295 81 7
295 98 10
295 107 8
295 112 7
295 126 3
295 172 6
295 184 5
295 224 12
295 250 1
296 5 7
296 57 11
296 91 12
296 102 37
296 137 4
296 162 13
296 163 8
296 178 6
296 217 6
296 222 38
296 233 9
296 260 4
296 288 18
296 301 9
296 334 22
297 33 23
297 57 39
297 74 5
297 77 12
297 92 9
297 150 5
297 180 25
297 205 21
297 206 6
297 217 25
297 243 5
297 303 23
298 42 4
298 128 10
298 282 16
298 314 13
298 324 6
299 63 28
299 138 11
299 248 27
299 265 3
299 266 54
299 274 9
299 281 7
299 292 30
299 300 30
300 130 2
300 138 10
300 250 10
300 265 9
300 266 8
300 281 1
301 81 8
301 86 17
301 130 15
301 181 28
301 191 13
301 221 30
301 240 17
301 308 15
302 42 2
302 53 18
302 89 8
302 133 14
302 187 1
302 282 6
302 298 2
302 307 5
302 314 3
302 319 17
302 331 1
303 16 16
303 100 6
303 201 6
303 220 2
303 280 7
303 304 7
303 334 15
304 2 11
304 118 13
304 247 11
304 289 15
304 290 10
304 308 2
304 312 14
304 330 12
304 332 7
305 5 1
305 34 5
305 52 18
305 80 2
305 82 11
305 109 16
305 127 4
305 168 29
305 170 2
305 177 5
305 190 12
305 204 10
306 52 4
306 210 2
306 249 8
306 254 9
307 64 29
307 96 3
307 188 6
307 195 7
307 199 3
307 232 4
307 257 5
308 82 8
308 191 30
308 221 20
308 301 7
308 325 18
309 25 3
309 76 17
309 192 8
309 257 3
310 104 33
310 125 4
310 130 2
310 190 2
310 191 19
310 328 11
310 335 29
311 56 3
311 122 1
311 158 3
311 187 17
312 81 6
312 118 36
312 247 4
312 261 14
312 289 45
312 290 9
312 291 10
312 304 3
312 332 3
313 148 17
313 185 11
313 215 9
313 228 15
313 240 19
313 259 5
313 323 18
314 42 6
314 267 14
314 268 2
314 282 10
314 331 15
315 20 13
315 40 15
315 85 25
315 100 9
315 123 9
315 134 14
315 155 17
315 181 12
315 210 14
315 316 12
316 11 8
316 59 21
316 100 11
316 210 4
316 256 4
316 259 3
316 289 5
317 146 2
317 196 3
317 232 15
318 72 2
318 249 11
318 257 15
318 319 9
318 321 9
318 324 5
318 326 33
318 333 15
319 72 25
319 249 7
319 283 20
319 302 31
319 314 15
319 321 30
319 324 13
319 326 9
319 329 21
319 333 3
320 117 3
320 173 22
320 230 10
320 284 1
321 72 2
321 187 14
321 318 1
321 324 13
321 326 16
321 329 2
321 333 4
322 151 9
322 217 2
322 244 15
322 262 4
322 296 18
323 90 16
323 134 9
323 215 5
323 228 15
323 273 12
323 313 1
324 72 10
324 249 8
324 283 1
324 318 12
324 319 1
324 321 3
324 329 4
324 333 7
325 125 27
325 130 11
325 191 12
325 221 18
325 288 17
325 301 6
325 302 14
325 308 8
326 72 35
326 249 3
326 283 6
326 318 3
326 324 10
326 329 6
326 333 28
327 230 3
327 320 3
328 104 38
328 143 6
328 190 9
328 310 1
328 335 46
329 72 7
329 249 5
329 318 22
329 324 22
329 326 7
329 333 8
330 125 5
330 289 3
330 290 5
330 312 2
331 42 1
331 53 2
331 89 15
331 298 15
331 302 8
332 291 10
332 330 8
333 72 2
333 283 17
333 319 2
333 321 1
333 324 5
334 222 12
334 322 2
335 143 9
