0 1 17
0 4 31
0 6 11
0 7 10
0 29 21
0 58 45
0 66 6
0 81 10
0 88 14
0 108 39
0 121 8
0 134 21
0 153 56
0 155 13
0 168 44
0 212 24
0 217 22
0 274 21
0 285 23
0 286 37
0 295 27
0 308 46
0 312 41
0 323 61
1 16 6
1 22 3
1 25 5
1 69 3
1 85 17
1 130 6
1 149 22
1 255 2
1 268 2
1 282 6
1 287 3
1 295 6
2 3 16
2 93 13
2 177 15
2 185 10
2 209 14
2 222 30
2 227 8
2 266 24
2 269 28
2 275 16
2 326 27
2 332 14
2 340 14
3 5 27
3 9 10
3 10 5
3 23 5
3 28 11
3 51 16
3 55 6
3 95 4
3 107 48
3 144 4
3 156 3
3 226 26
3 264 43
3 310 10
3 317 22
4 133 32
4 221 4
4 242 4
4 255 4
4 259 32
4 317 3
4 318 12
4 335 20
4 339 17
5 4 3
5 50 3
5 289 7
5 302 14
5 320 16
5 332 10
5 335 18
6 2 29
6 44 7
6 46 18
6 81 46
6 92 16
6 120 12
6 134 3
6 143 5
6 146 6
6 151 2
6 157 25
6 180 4
6 188 16
6 220 5
6 228 2
6 247 8
6 248 9
6 255 45
6 260 12
6 279 39
6 316 33
7 2 14
7 10 11
7 31 12
7 43 15
7 56 27
7 105 4
7 116 6
7 121 4
7 145 9
7 153 26
7 159 30
7 165 32
7 169 24
7 191 5
7 238 16
7 295 12
7 303 24
7 333 40
8 38 9
8 48 3
8 63 12
8 84 29
8 99 12
8 169 31
8 192 18
8 251 6
8 290 24
8 336 18
9 10 3
9 23 11
9 31 15
9 87 36
9 93 7
9 95 9
9 144 9
9 156 20
9 218 14
9 230 8
9 293 10
9 305 38
9 311 12
9 319 7
9 323 2
10 23 19
10 55 1
10 67 10
10 95 6
10 96 20
10 110 11
10 116 7
10 144 42
10 145 3
10 156 19
10 205 26
10 230 19
10 244 25
10 256 31
10 257 11
10 291 25
10 300 22
10 319 22
11 2 6
11 9 2
11 70 9
11 81 11
11 93 11
11 97 17
11 125 25
11 133 9
11 142 12
11 212 23
11 222 19
11 227 9
11 266 8
11 275 20
11 318 11
11 326 34
11 340 23
12 114 9
12 123 7
12 149 11
12 173 26
12 176 31
12 233 25
12 242 3
12 255 26
12 261 1
12 310 11
13 76 13
13 84 30
13 114 9
13 119 19
13 123 36
13 132 7
13 139 1
13 141 20
13 176 18
13 233 16
13 258 37
13 267 16
13 306 6
14 17 20
14 24 11
14 36 14
14 75 14
14 86 41
14 90 37
14 105 10
14 142 12
14 147 19
14 161 24
14 172 25
14 174 19
14 203 11
14 237 2
14 250 5
14 254 28
14 263 16
14 278 13
14 330 16
15 105 4
15 211 12
15 224 6
15 227 3
15 256 15
15 262 7
15 272 8
15 308 17
16 2 32
16 22 7
16 25 14
16 35 4
16 45 12
16 53 17
16 73 4
16 87 16
16 90 1
16 140 10
16 149 4
16 150 4
16 177 6
16 190 6
16 206 6
16 225 6
16 237 15
16 276 7
16 282 2
17 14 4
17 75 17
17 86 14
17 90 17
17 127 15
17 161 8
17 172 30
17 203 24
17 207 10
17 218 4
17 241 3
17 250 2
17 263 10
17 298 16
18 39 18
18 79 14
18 82 3
18 89 20
18 139 6
18 173 18
18 179 8
18 209 28
18 231 3
18 233 3
18 243 6
18 255 8
18 265 8
18 284 3
18 321 14
19 41 33
19 98 12
19 118 24
19 138 19
19 171 5
19 174 4
19 220 12
19 230 22
19 237 19
19 239 26
19 254 17
19 257 1
19 265 34
19 278 18
19 329 37
19 336 30
20 37 9
20 59 33
20 83 23
20 101 14
20 117 27
20 187 51
20 214 16
20 219 21
20 267 42
20 283 53
20 314 50
20 328 31
21 24 13
21 36 28
21 69 17
21 77 10
21 82 14
21 92 4
21 120 25
21 124 13
21 128 21
21 132 22
21 135 38
21 137 24
21 140 13
21 181 25
21 183 11
21 188 30
21 197 15
21 198 21
21 216 41
21 265 65
21 276 6
21 282 10
21 301 35
22 25 12
22 53 27
22 78 18
22 83 23
22 85 2
22 87 25
22 102 16
22 111 30
22 149 16
22 150 14
22 213 11
22 223 70
22 225 17
22 235 15
22 295 27
22 309 19
22 326 18
23 9 7
23 28 23
23 46 25
23 51 5
23 110 22
23 125 16
23 156 16
23 177 18
23 208 3
23 232 10
23 261 25
23 265 54
23 266 23
23 269 25
23 279 39
23 282 17
23 317 28
23 340 51
24 23 14
24 73 10
24 77 3
24 94 14
24 108 8
24 120 2
24 133 16
24 135 2
24 140 9
24 197 7
24 198 10
24 205 5
24 208 25
24 225 5
24 255 40
24 266 13
24 280 30
24 305 23
25 16 2
25 22 1
25 35 4
25 87 13
25 91 9
25 141 18
25 149 7
25 173 12
25 282 2
25 322 2
25 341 44
26 101 17
26 111 10
26 117 6
26 131 7
26 164 12
26 201 17
26 211 29
26 226 9
26 245 5
26 307 26
26 320 16
27 17 9
27 32 47
27 34 10
27 51 1
27 57 21
27 67 12
27 85 11
27 118 57
27 122 3
27 130 33
27 226 8
27 248 39
27 261 7
27 264 18
27 273 12
27 287 15
27 313 12
28 9 7
28 10 22
28 51 18
28 73 22
28 120 7
28 156 5
28 221 11
28 245 8
28 300 11
28 307 10
28 335 42
28 338 13
29 3 14
29 58 10
29 66 5
29 103 24
29 106 11
29 107 7
29 127 6
29 134 8
29 153 11
29 158 7
29 165 29
29 205 15
29 212 15
29 253 11
29 285 13
29 295 18
29 308 50
29 323 28
29 338 42
30 36 8
30 38 12
30 41 7
30 50 7
30 142 13
30 147 5
30 148 15
30 163 7
30 196 17
30 306 7
30 331 15
30 339 12
31 15 10
31 30 9
31 43 7
31 98 8
31 107 24
31 111 14
31 145 5
31 191 16
31 200 3
31 216 12
31 297 23
31 326 24
32 57 5
32 67 1
32 84 15
32 160 32
32 165 32
32 168 12
32 185 11
32 248 3
32 271 9
32 273 19
32 280 10
32 301 11
32 303 12
33 7 30
33 31 35
33 34 14
33 42 37
33 56 23
33 77 25
33 98 66
33 105 58
33 114 33
33 116 10
33 120 5
33 126 30
33 145 25
33 152 10
33 162 24
33 191 37
33 193 38
33 202 4
33 207 38
33 220 18
33 234 41
33 289 23
33 291 29
34 7 2
34 31 29
34 33 9
34 43 21
34 56 21
34 72 42
34 98 15
34 111 42
34 145 37
34 175 7
34 191 22
34 236 13
34 239 60
34 262 13
34 279 27
34 334 31
35 1 4
35 12 9
35 16 7
35 22 14
35 29 6
35 45 9
35 53 11
35 75 15
35 77 3
35 85 11
35 87 4
35 106 7
35 114 9
35 117 26
35 127 15
35 149 23
35 151 7
35 225 37
35 299 24
35 304 15
36 13 15
36 30 16
36 124 6
36 147 10
36 148 5
36 185 27
36 193 8
36 235 16
36 306 10
37 8 2
37 38 26
37 164 12
37 192 36
37 193 21
37 272 9
37 334 40
37 336 7
38 48 6
38 112 3
38 159 18
38 164 12
38 192 13
38 193 13
38 234 3
38 268 7
38 331 10
38 334 14
39 52 2
39 57 14
39 76 26
39 79 6
39 89 17
39 139 8
39 160 34
39 179 15
39 196 24
39 284 2
39 321 11
39 341 29
40 8 32
40 47 10
40 48 10
40 63 14
40 64 1
40 105 17
40 112 30
40 149 27
40 169 16
40 181 14
40 187 9
40 191 7
40 192 59
40 193 35
40 229 28
40 245 39
40 251 45
40 307 31
41 31 13
41 35 7
41 117 7
41 161 11
41 171 7
41 174 13
41 178 8
41 230 15
41 237 10
41 254 15
41 263 7
41 278 16
41 304 30
42 27 12
42 52 4
42 78 21
42 79 6
42 82 13
42 128 6
42 136 3
42 149 19
42 157 23
42 162 9
42 181 8
42 188 2
42 195 12
42 298 15
42 304 18
42 313 19
42 324 6
42 330 2
43 33 1
43 56 5
43 98 14
43 105 23
43 116 10
43 144 6
43 145 2
43 154 5
43 170 25
43 191 1
43 222 13
43 244 12
43 256 46
43 290 56
43 325 14
44 12 27
44 22 5
44 43 17
44 53 11
44 68 12
44 81 12
44 88 18
44 92 7
44 106 26
44 129 27
44 151 5
44 157 47
44 170 1
44 188 24
44 199 19
44 220 19
44 241 13
44 247 1
44 260 14
44 284 21
44 329 41
44 336 33
45 1 14
45 13 14
45 22 2
45 25 2
45 85 12
45 87 11
45 106 26
45 108 5
45 119 17
45 149 12
45 151 2
45 199 17
45 206 31
45 207 27
45 208 5
45 225 6
45 233 11
45 241 7
45 248 20
45 266 15
45 322 19
46 44 13
46 68 12
46 84 5
46 91 6
46 132 4
46 232 12
46 260 3
46 265 25
46 284 11
46 317 6
46 341 10
47 3 9
47 59 3
47 104 8
47 121 7
47 131 20
47 201 20
47 229 45
47 238 16
47 244 15
47 245 15
47 249 6
47 286 25
48 8 15
48 26 17
48 39 10
48 40 5
48 47 5
48 80 4
48 131 14
48 136 11
48 169 7
48 192 25
48 226 12
48 229 22
48 251 38
48 283 13
49 20 18
49 63 3
49 83 11
49 101 7
49 117 28
49 123 18
49 164 15
49 189 20
49 193 7
49 229 7
49 238 5
49 256 21
49 267 19
49 283 29
49 286 11
49 314 15
49 330 27
50 5 8
50 103 12
50 186 3
50 227 5
50 243 1
50 256 3
50 281 12
50 302 25
50 305 16
50 327 10
50 333 18
51 9 2
51 10 4
51 28 6
51 59 2
51 95 3
51 144 4
51 148 7
51 156 6
51 185 27
51 199 1
51 205 3
51 271 25
51 275 40
51 288 61
52 176 3
52 194 4
52 206 9
52 210 3
52 296 10
52 322 3
53 1 9
53 35 12
53 45 7
53 86 8
53 87 25
53 101 9
53 129 11
53 150 9
53 161 17
53 224 9
53 225 7
53 237 5
53 314 4
53 328 14
53 329 35
54 26 7
54 49 19
54 74 14
54 100 29
54 105 1
54 114 11
54 123 55
54 155 16
54 170 17
54 175 15
54 191 24
54 192 20
54 202 6
54 246 35
54 249 26
54 252 15
54 256 39
54 306 11
54 334 26
55 0 4
55 3 3
55 9 7
55 10 22
55 23 25
55 28 19
55 51 59
55 61 13
55 71 6
55 95 2
55 96 5
55 110 20
55 113 7
55 121 10
55 129 34
55 144 2
55 147 5
55 156 19
55 212 69
55 247 2
55 270 6
55 282 17
55 290 14
55 324 28
56 7 8
56 9 13
56 31 31
56 34 3
56 43 3
56 59 22
56 66 5
56 86 40
56 105 44
56 116 14
56 144 26
56 145 8
56 147 23
56 152 17
56 170 14
56 191 17
56 243 36
56 253 27
56 257 14
56 279 29
56 295 27
56 302 23
57 32 9
57 118 9
57 126 14
57 133 7
57 177 1
57 248 6
57 265 22
57 280 1
57 287 12
57 313 15
57 322 24
58 2 5
58 28 1
58 115 9
58 144 5
58 156 15
58 188 8
58 254 12
58 269 6
58 285 1
58 295 12
58 305 22
58 308 15
58 312 18
59 49 14
59 65 19
59 83 16
59 101 16
59 117 4
59 229 13
59 238 13
59 267 17
59 283 14
59 314 43
59 320 14
60 36 15
60 54 12
60 74 15
60 87 23
60 100 15
60 114 34
60 128 12
60 155 24
60 163 5
60 170 14
60 172 31
60 175 35
60 202 13
60 214 21
60 246 58
60 252 54
60 262 25
60 267 28
60 276 12
60 331 40
61 51 3
61 70 10
61 158 10
61 177 16
61 185 19
61 215 28
61 226 22
61 269 49
61 271 11
61 275 15
61 328 3
62 5 18
62 25 4
62 70 17
62 120 9
62 190 41
62 205 25
62 208 12
62 221 33
62 270 23
62 273 17
62 288 41
62 293 14
62 326 17
62 328 12
63 4 26
63 8 7
63 26 13
63 40 19
63 47 11
63 48 13
63 64 13
63 66 13
63 80 44
63 94 17
63 164 11
63 166 12
63 169 32
63 192 20
63 209 23
63 234 9
63 251 15
63 305 22
64 8 30
64 48 6
64 59 12
64 63 8
64 65 24
64 112 20
64 169 16
64 175 2
64 177 13
64 192 36
64 230 12
64 326 34
64 331 17
65 26 18
65 30 13
65 49 13
65 166 14
65 181 12
65 187 11
65 189 22
65 201 25
65 211 37
65 217 3
65 219 22
65 234 16
65 245 6
65 249 6
65 257 21
65 290 26
65 292 23
65 320 35
66 29 9
66 50 9
66 58 2
66 107 64
66 153 4
66 181 9
66 251 6
66 253 27
66 285 3
66 295 28
66 308 35
66 312 29
66 323 11
66 325 15
66 326 8
67 1 20
67 29 1
67 32 19
67 57 34
67 118 14
67 128 9
67 130 10
67 160 33
67 174 15
67 196 19
67 204 5
67 221 18
67 248 4
67 273 29
67 280 2
67 287 25
67 313 31
67 322 27
68 6 2
68 27 8
68 44 1
68 79 6
68 134 8
68 141 16
68 144 1
68 151 29
68 176 28
68 188 18
68 199 10
68 220 7
68 225 13
68 241 13
68 247 22
68 258 26
68 260 2
68 282 8
68 310 22
69 24 9
69 61 14
69 62 28
69 73 22
69 77 19
69 87 32
69 120 8
69 128 5
69 188 6
69 193 17
69 197 14
69 221 5
69 226 12
69 269 30
69 322 25
70 78 3
70 205 8
70 221 12
70 265 20
70 270 6
70 288 19
70 307 3
70 319 5
70 328 8
71 36 4
71 97 24
71 138 39
71 159 14
71 182 18
71 184 24
71 207 28
71 209 35
71 212 26
71 264 31
71 265 31
71 274 9
71 291 38
71 301 17
71 311 39
71 324 3
72 13 1
72 52 5
72 79 9
72 114 3
72 196 19
72 206 15
72 210 12
72 231 22
72 284 4
72 287 7
72 296 7
72 299 8
72 303 4
72 309 1
72 316 9
73 8 11
73 21 13
73 24 25
73 30 9
73 69 2
73 79 16
73 80 17
73 111 20
73 135 16
73 194 25
73 197 2
73 198 11
73 241 13
73 265 17
73 307 12
73 326 24
74 8 9
74 37 11
74 100 23
74 116 3
74 121 4
74 129 33
74 170 4
74 175 21
74 193 27
74 202 39
74 214 12
74 246 36
74 252 13
74 288 22
74 292 12
74 320 31
74 331 30
74 336 45
75 17 9
75 86 28
75 90 3
75 161 6
75 172 8
75 232 8
75 235 1
75 250 3
75 272 7
75 300 20
75 304 11
75 339 16
76 18 22
76 79 4
76 89 18
76 125 2
76 128 8
76 139 34
76 141 13
76 179 25
76 223 12
76 284 23
76 303 21
76 309 7
76 310 8
76 341 23
77 36 13
77 45 4
77 53 22
77 73 39
77 93 17
77 128 6
77 160 29
77 197 10
77 198 17
77 207 6
77 233 10
77 248 2
77 296 5
78 11 11
78 42 3
78 81 2
78 86 16
78 106 11
78 157 13
78 162 3
78 165 16
78 195 6
78 304 4
78 328 9
78 330 10
78 339 4
79 18 4
79 39 8
79 57 14
79 76 4
79 82 13
79 89 8
79 216 3
79 225 1
79 314 4
80 8 35
80 40 17
80 48 12
80 63 26
80 64 11
80 112 15
80 131 24
80 169 18
80 176 24
80 187 15
80 192 60
80 228 2
80 229 29
80 251 27
80 281 39
80 286 19
80 314 40
80 327 22
80 331 21
81 44 3
81 68 3
81 70 2
81 151 8
81 158 15
81 162 6
81 188 17
81 194 5
81 228 1
81 241 1
81 247 23
81 326 12
82 13 20
82 84 26
82 114 41
82 123 34
82 132 18
82 139 15
82 141 24
82 168 6
82 173 5
82 179 4
82 258 15
82 310 16
82 341 31
83 17 10
83 20 8
83 49 4
83 59 5
83 101 17
83 117 51
83 189 20
83 218 11
83 219 16
83 265 26
83 267 55
83 283 16
83 286 8
83 314 43
84 18 5
84 123 17
84 132 19
84 141 15
84 196 24
84 261 1
84 267 3
84 268 11
85 16 5
85 25 7
85 44 25
85 45 9
85 53 27
85 76 7
85 89 2
85 106 6
85 126 17
85 149 5
85 150 12
85 162 1
85 177 14
85 222 4
85 228 5
85 282 11
85 308 25
85 337 32
86 90 8
86 119 4
86 161 3
86 195 1
86 218 11
86 263 11
87 1 6
87 12 13
87 45 17
87 53 29
87 85 3
87 149 9
87 160 9
87 196 39
87 303 15
88 6 3
88 9 10
88 25 27
88 36 22
88 46 12
88 68 21
88 76 27
88 81 20
88 125 32
88 130 18
88 146 19
88 185 59
88 188 44
88 194 12
88 199 10
88 220 16
88 228 3
88 241 10
88 247 18
88 260 12
88 287 15
88 330 9
89 12 3
89 42 2
89 76 2
89 79 10
89 114 21
89 122 8
89 123 11
89 139 11
89 150 5
89 179 18
89 194 13
89 248 14
89 284 20
89 322 14
90 17 6
90 41 12
90 75 9
90 86 10
90 106 10
90 161 16
90 172 25
90 174 9
90 203 24
90 220 5
90 223 39
90 263 26
90 298 13
91 12 7
91 52 8
91 72 13
91 127 21
91 132 5
91 168 1
91 242 17
91 286 1
91 321 14
91 341 42
92 43 30
92 44 18
92 46 30
92 68 10
92 81 15
92 137 5
92 142 30
92 146 36
92 188 9
92 189 11
92 199 29
92 220 8
92 224 8
92 239 40
92 241 8
92 260 43
92 263 35
92 315 24
92 334 31
92 337 47
93 142 22
93 202 15
93 227 2
93 269 1
93 271 3
93 275 5
93 328 16
93 340 21
94 30 13
94 31 10
94 36 21
94 139 32
94 143 1
94 147 14
94 148 10
94 192 17
94 209 17
94 232 32
94 249 18
94 272 6
94 283 37
94 298 18
94 305 45
94 306 42
95 9 3
95 10 9
95 23 2
95 28 14
95 40 8
95 96 11
95 110 16
95 134 9
95 140 3
95 144 3
95 215 5
95 220 6
95 225 7
95 240 3
95 291 24
95 307 11
95 311 26
95 323 20
95 327 38
95 332 36
95 336 34
96 3 5
96 4 16
96 9 17
96 10 6
96 23 9
96 28 11
96 50 25
96 59 15
96 95 20
96 97 17
96 144 31
96 145 12
96 156 30
96 211 30
96 229 31
96 284 24
96 325 25
97 4 43
97 133 28
97 165 31
97 217 12
97 236 1
97 259 29
97 274 14
97 317 17
97 318 4
97 335 24
97 339 11
98 7 18
98 31 8
98 34 7
98 46 12
98 56 6
98 99 35
98 105 11
98 145 9
98 191 19
98 196 36
98 239 45
98 252 15
98 265 43
98 307 15
98 315 17
98 332 14
98 333 24
99 1 3
99 111 15
99 129 6
99 180 2
99 196 26
99 223 17
99 265 4
99 271 26
99 279 19
99 300 2
99 335 4
99 337 5
100 54 5
100 64 11
100 101 16
100 131 24
100 136 9
100 155 19
100 170 13
100 175 31
100 238 31
100 246 28
100 252 6
100 286 30
100 303 8
100 334 27
101 20 7
101 49 13
101 59 6
101 117 21
101 136 14
101 166 4
101 201 9
101 219 9
101 238 27
101 249 6
101 267 50
101 283 35
101 286 8
101 314 21
101 334 13
102 25 6
102 39 16
102 52 13
102 72 22
102 77 6
102 172 3
102 206 55
102 210 19
102 223 19
102 231 30
102 264 27
102 284 12
102 294 6
102 296 13
102 299 17
102 303 15
102 309 10
102 316 7
102 321 18
103 253 10
103 281 16
103 290 19
103 308 14
103 332 16
103 333 25
103 338 20
104 20 10
104 26 9
104 42 7
104 47 7
104 48 5
104 58 7
104 100 12
104 131 51
104 219 28
104 222 24
104 223 49
104 229 63
104 238 47
104 249 35
104 260 15
104 277 6
104 286 41
104 305 21
105 31 12
105 34 9
105 43 7
105 56 15
105 66 7
105 121 10
105 145 8
105 152 3
105 167 16
105 169 13
105 191 18
105 211 55
105 256 24
105 283 12
105 327 2
106 42 2
106 78 4
106 118 13
106 119 9
106 157 13
106 195 3
106 230 4
106 235 2
106 298 11
106 330 4
107 103 11
107 290 14
107 325 8
107 333 6
107 338 16
108 3 3
108 29 2
108 58 26
108 66 15
108 81 19
108 115 28
108 125 12
108 130 16
108 134 7
108 153 14
108 266 37
108 280 23
108 285 19
108 295 9
108 301 14
108 308 14
108 312 18
108 323 7
108 332 43
109 1 2
109 12 25
109 76 15
109 87 10
109 122 18
109 173 4
109 176 18
109 180 8
109 216 4
109 225 7
109 233 13
109 242 3
109 255 17
109 261 29
109 310 42
110 3 41
110 4 7
110 23 3
110 28 20
110 35 9
110 51 8
110 55 3
110 65 21
110 73 3
110 106 7
110 120 13
110 144 16
110 156 18
110 174 9
110 203 9
110 217 14
110 227 23
110 294 24
110 295 18
110 318 9
111 99 3
111 129 8
111 196 46
111 223 9
111 227 10
111 279 2
111 280 6
111 332 2
112 37 10
112 38 16
112 65 7
112 164 28
112 193 10
112 214 5
112 219 36
112 238 8
112 331 2
112 334 33
113 1 25
113 11 41
113 16 2
113 19 13
113 22 27
113 25 18
113 34 26
113 35 12
113 45 4
113 53 2
113 81 5
113 85 41
113 87 18
113 135 38
113 143 15
113 149 15
113 150 4
113 156 23
113 195 13
113 225 13
113 235 25
113 259 31
113 300 32
113 337 49
114 84 41
114 123 29
114 131 18
114 132 19
114 160 5
114 261 10
114 296 11
115 103 34
115 107 36
115 253 47
115 281 20
115 290 16
115 308 10
115 332 33
115 333 5
115 336 16
115 338 38
116 13 10
116 15 23
116 31 7
116 34 6
116 43 8
116 51 8
116 98 2
116 103 11
116 105 19
116 145 11
116 146 4
116 171 9
116 191 11
116 215 8
116 279 23
116 281 24
116 290 37
116 336 32
117 59 1
117 65 14
117 101 5
117 187 7
117 219 10
117 267 20
117 304 10
117 314 18
118 32 3
118 39 16
118 57 14
118 79 12
118 102 16
118 126 2
118 142 19
118 236 7
118 273 10
118 280 7
118 313 2
119 42 7
119 78 10
119 91 4
119 106 24
119 136 10
119 149 3
119 178 9
119 185 17
119 259 4
119 298 3
119 304 23
119 330 15
120 15 45
120 16 5
120 69 11
120 73 6
120 77 8
120 135 18
120 140 5
120 146 1
120 198 3
120 280 5
120 307 13
120 317 20
120 318 14
121 6 3
121 28 8
121 37 23
121 38 20
121 47 14
121 64 2
121 69 18
121 71 3
121 83 26
121 104 12
121 131 60
121 229 56
121 238 28
121 249 38
121 283 36
121 286 77
121 320 37
122 67 9
122 99 19
122 111 7
122 129 32
122 149 7
122 153 17
122 223 47
122 271 9
122 279 6
122 287 7
122 297 12
122 313 1
122 337 2
123 18 20
123 36 11
123 84 26
123 93 18
123 233 5
123 256 30
123 258 10
124 30 11
124 36 18
124 43 16
124 70 23
124 94 37
124 112 17
124 126 34
124 145 1
124 148 1
124 245 2
124 248 8
124 252 23
124 306 33
125 2 22
125 93 10
125 142 28
125 209 22
125 239 17
125 271 12
125 275 11
125 326 17
125 340 11
126 76 4
126 91 42
126 127 12
126 168 29
126 194 9
126 223 15
126 236 5
126 242 17
126 258 21
126 261 4
126 267 3
126 294 12
126 321 23
126 341 18
127 1 2
127 18 1
127 79 15
127 91 10
127 126 18
127 194 7
127 213 23
127 236 1
127 242 23
127 250 15
127 294 16
127 313 11
127 321 32
127 322 6
128 16 4
128 24 10
128 73 11
128 77 5
128 89 25
128 120 2
128 122 6
128 124 8
128 135 10
128 179 21
128 180 24
128 183 2
128 198 14
128 239 27
128 313 30
128 340 29
129 99 2
129 111 19
129 196 22
129 220 3
129 223 16
129 271 7
129 300 2
129 329 25
129 337 3
130 27 8
130 32 47
130 57 12
130 67 1
130 69 3
130 79 10
130 106 31
130 196 25
130 248 12
130 271 10
130 280 31
130 287 13
130 294 11
130 322 21
131 37 1
131 38 7
131 219 10
131 226 11
131 229 11
131 249 6
131 286 4
131 331 24
132 84 4
132 123 14
132 141 11
132 294 8
132 299 2
133 97 1
133 217 14
133 259 6
133 278 1
133 301 8
133 317 3
133 318 6
133 335 11
133 339 13
134 58 17
134 66 29
134 99 14
134 148 11
134 166 3
134 210 9
134 285 14
134 295 15
134 307 27
134 312 40
134 323 11
134 324 13
134 341 32
135 77 23
135 118 14
135 120 2
135 122 14
135 128 15
135 155 3
135 160 19
135 176 8
135 198 18
135 221 30
135 223 39
135 258 15
135 261 18
135 306 42
136 75 7
136 78 14
136 86 1
136 106 27
136 119 27
136 161 2
136 204 20
136 237 16
136 265 36
136 276 7
136 286 5
136 298 20
136 304 24
136 330 30
137 28 19
137 30 19
137 36 36
137 75 18
137 94 25
137 124 37
137 143 15
137 147 5
137 148 61
137 152 1
137 163 17
137 191 26
137 203 10
137 239 47
137 263 22
137 279 48
137 306 25
137 315 28
137 319 27
138 15 8
138 153 11
138 159 11
138 182 9
138 184 2
138 207 10
138 211 14
138 229 31
138 264 8
138 274 30
138 286 5
138 291 6
138 295 7
138 311 2
138 324 14
139 39 2
139 79 19
139 84 3
139 89 14
139 131 4
139 142 3
139 268 2
139 284 5
139 296 15
139 307 5
139 341 10
140 2 29
140 9 26
140 21 4
140 51 11
140 69 1
140 77 56
140 96 2
140 120 15
140 128 3
140 130 13
140 133 33
140 135 31
140 197 10
140 198 23
140 200 3
140 220 16
140 307 17
140 312 15
140 328 45
141 52 19
141 72 14
141 84 9
141 114 19
141 123 16
141 132 5
141 179 10
141 258 16
141 300 6
141 310 20
141 341 12
142 2 7
142 196 13
142 209 12
142 258 30
142 264 3
142 275 5
142 297 3
142 326 3
142 340 3
143 3 19
143 30 25
143 36 14
143 70 48
143 94 19
143 120 4
143 124 4
143 147 9
143 148 16
143 160 51
143 163 19
143 178 13
143 200 9
143 218 38
143 237 13
143 270 20
143 273 24
143 306 15
143 318 12
143 337 27
144 9 6
144 23 12
144 28 7
144 50 10
144 51 7
144 95 20
144 103 43
144 156 1
144 246 6
144 256 24
144 302 4
144 305 27
145 25 24
145 34 3
145 103 45
145 128 14
145 129 28
145 152 13
145 191 11
145 200 10
145 262 39
145 289 20
145 298 11
145 302 37
145 337 34
146 6 6
146 13 33
146 18 31
146 34 9
146 44 12
146 46 3
146 68 10
146 81 17
146 92 3
146 119 11
146 151 7
146 172 12
146 188 13
146 210 32
146 220 16
146 231 43
146 238 8
146 241 7
146 247 13
146 260 26
146 304 46
146 340 19
147 17 17
147 23 13
147 30 31
147 36 10
147 75 23
147 94 16
147 109 9
147 124 22
147 141 14
147 148 12
147 151 14
147 163 9
147 268 33
147 306 29
147 307 44
147 337 8
148 18 18
148 30 1
148 36 8
148 69 5
148 124 5
148 132 23
148 159 21
148 163 9
148 179 13
148 306 11
148 309 10
148 321 53
149 22 15
149 53 20
149 79 3
149 173 17
149 216 4
149 229 11
149 307 7
149 321 16
150 1 32
150 12 9
150 25 33
150 35 10
150 45 7
150 68 22
150 87 2
150 113 13
150 118 18
150 148 12
150 149 25
150 168 6
150 194 8
150 206 20
150 258 40
150 282 1
150 330 11
151 18 28
151 25 17
151 46 22
151 58 13
151 68 14
151 82 16
151 88 7
151 92 15
151 135 2
151 150 3
151 168 8
151 170 6
151 188 6
151 199 7
151 220 5
151 222 50
151 241 12
151 248 21
151 260 12
152 7 55
152 33 3
152 34 9
152 43 14
152 55 19
152 56 27
152 60 2
152 98 4
152 104 19
152 105 26
152 107 37
152 116 13
152 169 8
152 181 15
152 184 16
152 191 2
152 243 15
152 244 21
152 257 10
152 267 31
152 295 26
153 5 13
153 16 12
153 66 23
153 134 18
153 191 13
153 259 38
153 274 16
153 285 25
153 293 29
153 295 31
153 307 19
153 308 13
153 312 22
153 323 15
153 336 25
153 340 17
154 50 6
154 107 30
154 138 10
154 167 10
154 171 1
154 184 8
154 186 6
154 243 18
154 244 6
154 256 3
154 262 23
154 283 21
154 293 3
154 305 9
154 325 15
154 327 6
155 20 26
155 26 19
155 29 14
155 48 16
155 56 11
155 63 3
155 74 22
155 170 15
155 175 14
155 202 11
155 234 7
155 246 80
155 289 19
156 9 12
156 57 20
156 87 4
156 93 9
156 95 15
156 103 8
156 115 3
156 144 7
156 209 12
156 269 30
156 307 13
156 325 18
156 332 11
157 58 14
157 78 46
157 119 4
157 172 13
157 241 7
157 278 21
157 304 8
157 321 9
157 326 14
158 177 6
158 185 5
158 215 1
158 273 4
158 275 9
158 280 11
158 307 7
159 38 16
159 138 14
159 180 10
159 184 4
159 251 11
159 264 14
159 274 7
159 291 16
159 311 14
159 324 19
160 99 13
160 226 11
160 266 2
160 275 3
160 341 28
161 17 12
161 86 6
161 172 1
161 203 9
161 263 6
161 287 5
161 339 7
162 42 37
162 78 16
162 96 7
162 106 29
162 113 2
162 119 13
162 157 17
162 218 6
162 240 5
162 254 16
162 298 4
162 304 15
162 330 12
163 30 14
163 36 15
163 75 18
163 80 7
163 94 11
163 124 18
163 125 29
163 143 29
163 145 3
163 147 13
163 148 37
163 152 6
163 174 5
163 198 23
163 200 3
163 201 40
163 218 33
163 235 4
163 291 18
163 306 31
163 315 22
164 37 16
164 38 3
164 193 12
164 234 3
164 246 1
164 251 7
164 286 6
164 292 2
164 314 18
164 331 21
164 333 26
164 334 5
165 4 7
165 133 22
165 259 16
165 262 12
165 301 11
165 317 12
165 318 8
165 335 15
165 339 5
166 26 32
166 41 3
166 47 14
166 59 9
166 65 5
166 134 12
166 164 6
166 181 22
166 192 8
166 201 38
166 211 43
166 245 38
166 249 13
166 320 21
167 5 14
167 7 4
167 47 6
167 50 3
167 103 17
167 154 22
167 186 22
167 243 22
167 244 38
167 256 8
167 281 30
167 291 3
167 302 25
167 304 24
167 308 3
167 325 24
167 327 6
168 54 12
168 84 35
168 91 21
168 126 2
168 127 4
168 194 13
168 206 22
168 213 26
168 216 4
168 236 24
168 242 36
168 292 23
168 294 18
168 321 56
169 40 2
169 48 6
169 64 6
169 107 24
169 192 14
169 251 27
169 253 14
169 281 11
169 290 12
169 295 27
169 338 32
170 60 10
170 64 6
170 83 14
170 100 8
170 131 4
170 144 8
170 155 9
170 175 3
170 193 14
170 214 19
170 246 47
170 252 11
170 314 15
170 331 32
170 341 41
171 90 7
171 108 9
171 109 9
171 144 20
171 174 7
171 190 9
171 251 12
171 253 5
171 254 5
171 278 14
172 75 3
172 86 11
172 90 12
172 112 3
172 161 10
172 309 5
173 12 20
173 87 12
173 91 10
173 109 3
173 149 5
173 216 14
173 218 20
173 233 11
173 255 36
173 310 11
173 316 13
174 19 28
174 30 11
174 31 9
174 41 2
174 142 8
174 161 17
174 171 9
174 178 1
174 196 27
174 230 12
174 254 19
174 259 18
174 263 12
174 277 1
174 278 14
175 48 8
175 74 5
175 145 14
175 166 6
175 170 7
175 202 10
175 232 14
175 246 15
175 252 3
175 281 43
175 300 17
175 305 12
175 314 37
175 323 8
176 12 16
176 109 1
176 114 3
176 139 6
176 173 10
176 216 5
176 231 14
176 233 22
176 255 7
176 281 16
176 296 15
176 310 4
177 61 9
177 158 3
177 160 26
177 185 25
177 215 1
177 226 14
177 239 16
177 268 30
177 269 26
177 341 23
178 19 27
178 41 19
178 78 11
178 81 10
178 90 26
178 171 24
178 174 4
178 218 32
178 230 18
178 237 17
178 250 8
178 254 3
178 259 19
178 273 16
178 278 10
178 330 16
179 18 3
179 79 13
179 89 7
179 123 9
179 132 19
179 139 10
179 231 17
179 242 4
179 284 5
179 309 5
179 310 15
179 341 9
180 76 8
180 111 22
180 122 7
180 129 21
180 160 25
180 196 15
180 223 23
180 225 6
180 271 35
180 279 16
180 297 20
180 300 14
180 309 24
180 337 32
181 26 15
181 40 9
181 65 30
181 166 8
181 201 25
181 211 31
181 218 33
181 245 35
181 267 10
181 290 37
181 292 22
181 314 32
181 320 69
181 333 28
182 58 7
182 138 2
182 159 27
182 184 22
182 191 2
182 198 2
182 211 9
182 239 15
182 256 6
182 274 7
182 311 9
182 327 11
182 333 29
183 3 9
183 21 8
183 24 25
183 46 22
183 49 35
183 61 12
183 69 41
183 73 16
183 77 32
183 80 10
183 120 1
183 130 17
183 135 1
183 140 5
183 147 11
183 166 36
183 195 29
183 197 16
183 198 45
183 203 32
183 258 35
183 271 46
183 276 4
183 294 35
183 305 10
184 15 22
184 43 9
184 103 21
184 159 14
184 176 8
184 181 3
184 182 2
184 240 2
184 254 9
184 264 3
184 274 38
184 291 53
184 311 26
184 324 7
185 61 9
185 226 1
185 269 9
185 275 7
185 307 14
186 5 16
186 26 11
186 53 8
186 59 7
186 105 2
186 107 3
186 154 30
186 167 2
186 229 17
186 243 6
186 244 47
186 263 4
186 302 15
186 305 10
186 325 18
187 15 7
187 117 8
187 232 5
187 235 18
187 262 13
187 272 6
187 289 5
187 334 4
188 46 7
188 52 8
188 81 12
188 127 3
188 199 2
188 206 25
188 210 12
188 241 14
188 245 6
188 260 3
188 296 27
189 219 38
189 238 12
189 265 23
189 274 19
189 311 21
189 328 5
189 341 38
190 10 7
190 62 23
190 70 16
190 205 4
190 208 7
190 212 5
190 221 4
190 227 23
190 270 9
190 275 7
190 288 13
190 319 31
190 328 31
191 7 14
191 8 10
191 31 12
191 98 4
191 159 10
191 192 3
191 239 15
191 279 24
191 308 11
191 338 46
192 159 4
192 214 1
192 246 13
192 251 5
192 253 25
192 318 19
193 112 12
193 131 9
193 214 1
193 283 8
193 289 11
193 331 10
193 334 26
194 76 8
194 91 17
194 118 9
194 126 2
194 168 1
194 213 4
194 236 12
194 242 6
194 294 9
194 296 9
194 321 19
195 17 15
195 27 18
195 42 10
195 53 41
195 62 7
195 78 14
195 104 8
195 106 20
195 119 10
195 122 6
195 136 9
195 157 15
195 160 18
195 162 25
195 172 7
195 178 6
195 204 28
195 298 13
195 304 15
195 315 2
195 325 11
195 337 23
196 122 6
196 209 5
196 223 3
196 310 1
197 21 1
197 67 6
197 69 3
197 77 13
197 96 6
197 115 9
197 120 11
197 127 24
197 128 15
197 129 31
197 135 2
197 140 3
197 180 4
197 188 19
197 198 13
197 199 6
197 258 26
197 264 14
197 266 36
197 340 22
198 24 3
198 51 2
198 68 1
198 69 10
198 70 12
198 73 2
198 81 8
198 236 9
198 260 6
198 265 25
198 271 25
198 276 1
198 287 19
198 307 7
199 6 21
199 10 16
199 13 19
199 24 6
199 46 26
199 123 23
199 220 14
199 241 16
199 242 5
199 255 30
199 282 2
199 296 5
200 30 6
200 36 21
200 94 12
200 107 20
200 124 15
200 137 9
200 147 7
200 148 36
200 161 31
200 163 6
200 227 4
200 228 8
200 230 2
200 254 11
200 264 15
200 297 26
200 306 40
200 330 13
201 26 4
201 65 3
201 166 2
201 190 2
201 211 12
201 212 1
201 219 30
201 249 3
201 307 4
202 7 11
202 47 10
202 51 10
202 54 13
202 60 9
202 100 6
202 117 23
202 155 12
202 162 4
202 170 29
202 237 25
202 246 52
202 252 18
202 283 13
202 288 27
202 300 29
203 75 17
203 86 16
203 90 4
203 136 12
203 172 25
203 196 11
203 217 14
203 218 29
203 250 10
203 263 9
203 278 8
203 315 10
203 330 13
204 42 4
204 78 45
204 90 6
204 106 16
204 119 19
204 129 18
204 136 11
204 157 28
204 162 19
204 172 20
204 173 20
204 217 9
204 251 25
204 265 47
204 282 2
204 298 21
204 318 2
204 326 4
204 330 9
205 25 5
205 32 23
205 70 2
205 93 10
205 190 5
205 208 19
205 221 13
205 269 9
205 270 6
205 282 3
205 288 56
205 319 10
205 328 18
206 99 16
206 231 4
206 242 11
206 284 6
206 303 3
206 309 18
206 310 3
207 142 14
207 160 24
207 182 10
207 184 5
207 212 8
207 231 5
207 239 26
207 264 27
207 266 6
207 274 6
207 291 5
207 311 11
207 340 6
208 17 2
208 62 2
208 70 20
208 93 11
208 108 2
208 190 13
208 221 25
208 266 13
208 270 20
208 288 51
208 319 11
208 325 9
208 328 14
209 11 2
209 93 4
209 142 15
209 227 7
209 239 2
209 266 8
209 335 6
209 340 30
210 52 15
210 72 20
210 123 11
210 139 10
210 141 10
210 176 24
210 206 13
210 231 10
210 233 6
210 242 5
210 293 12
210 299 14
210 309 10
210 321 7
211 201 4
211 245 7
211 302 10
211 320 8
211 324 8
211 333 9
212 138 17
212 159 25
212 184 9
212 207 4
212 227 6
212 240 15
212 264 9
212 291 5
212 311 30
212 324 6
213 91 27
213 126 9
213 127 9
213 149 5
213 157 17
213 180 20
213 188 4
213 190 1
213 194 12
213 236 12
213 242 22
213 249 3
213 294 13
213 298 6
213 321 24
214 37 54
214 38 9
214 112 3
214 117 8
214 131 5
214 164 39
214 193 2
214 204 3
214 224 2
214 234 33
214 331 44
214 334 48
215 61 18
215 90 14
215 120 6
215 130 3
215 158 22
215 177 16
215 185 64
215 197 6
215 204 10
215 226 16
215 268 54
215 269 31
215 307 7
215 312 15
216 12 19
216 52 13
216 141 32
216 173 12
216 176 10
216 179 12
216 233 21
216 255 14
216 261 3
216 296 18
216 310 34
217 4 16
217 11 24
217 133 18
217 142 10
217 165 20
217 208 8
217 212 3
217 259 3
217 301 39
217 317 7
217 318 19
217 335 27
217 339 36
218 83 8
218 119 4
218 173 21
218 189 9
218 281 14
218 293 9
218 341 27
219 26 1
219 47 8
219 229 34
219 283 18
219 314 6
219 334 12
220 46 2
220 68 8
220 81 6
220 86 6
220 142 32
220 188 6
220 199 5
220 225 5
220 241 8
220 306 1
220 325 15
221 70 10
221 190 6
221 205 14
221 270 3
221 280 22
221 288 23
221 319 9
221 328 22
222 28 18
222 93 6
222 125 6
222 142 24
222 190 3
222 209 6
222 227 15
222 275 14
222 285 6
222 301 20
222 317 8
222 326 7
222 340 24
223 39 10
223 129 8
223 225 6
223 258 15
223 297 1
224 15 28
224 35 12
224 136 8
224 142 22
224 187 39
224 218 22
224 232 16
224 235 28
224 257 3
224 262 35
224 272 42
224 289 29
224 315 18
224 326 26
225 1 9
225 22 6
225 25 5
225 87 22
225 149 34
225 150 1
225 258 4
225 299 4
225 303 3
225 309 6
225 341 22
226 61 29
226 158 33
226 160 24
226 177 4
226 185 7
226 213 5
226 268 21
226 269 16
226 275 7
226 307 22
226 312 2
227 2 12
227 125 13
227 142 14
227 201 7
227 266 24
227 275 16
227 285 10
227 302 22
227 326 4
227 340 32
228 3 14
228 44 2
228 46 52
228 63 20
228 68 14
228 88 8
228 92 34
228 130 11
228 146 5
228 151 11
228 162 3
228 165 24
228 176 35
228 181 5
228 188 10
228 199 8
228 220 20
228 241 20
228 247 9
228 281 31
228 285 10
228 294 31
229 131 5
229 238 5
229 292 2
229 307 7
230 41 17
230 53 4
230 62 27
230 171 24
230 174 11
230 215 4
230 237 1
230 254 31
230 273 7
230 277 3
230 278 61
230 293 11
230 297 14
230 298 14
231 132 9
231 171 9
231 206 8
231 309 10
232 15 18
232 79 8
232 187 21
232 192 14
232 257 13
232 262 24
232 265 53
232 272 30
232 289 37
232 315 27
232 317 18
233 176 15
233 216 9
233 255 6
233 261 3
233 299 8
233 310 15
233 316 7
234 37 12
234 38 16
234 71 3
234 112 21
234 117 34
234 164 20
234 171 10
234 193 8
234 201 5
234 289 15
234 328 12
234 331 23
234 334 25
234 336 9
235 15 49
235 78 10
235 100 6
235 119 15
235 224 15
235 232 5
235 262 37
235 272 11
235 289 10
236 46 4
236 83 1
236 91 16
236 126 14
236 127 19
236 148 9
236 168 14
236 173 8
236 194 28
236 206 15
236 213 4
236 231 21
236 242 21
236 294 8
236 313 5
236 321 79
236 341 26
237 19 4
237 41 20
237 71 10
237 96 14
237 104 15
237 166 25
237 171 11
237 174 24
237 230 8
237 254 11
237 270 22
237 277 3
237 278 33
237 304 20
238 112 2
238 131 14
238 189 5
238 229 28
238 286 28
238 334 30
239 160 12
239 177 3
239 189 15
239 271 4
239 279 8
239 297 14
239 323 5
239 340 26
240 47 22
240 71 9
240 96 4
240 125 13
240 138 7
240 159 38
240 182 33
240 207 28
240 212 14
240 264 31
240 270 17
240 274 23
240 291 18
240 307 15
240 311 27
240 323 7
240 324 6
240 329 4
240 338 20
241 1 14
241 24 1
241 46 25
241 52 20
241 108 10
241 111 39
241 134 8
241 151 11
241 207 31
241 264 8
241 312 14
242 46 7
242 72 3
242 91 10
242 231 10
242 321 18
243 5 6
243 154 11
243 244 6
243 290 1
243 293 27
243 305 9
243 325 2
243 335 3
244 5 4
244 39 10
244 50 4
244 154 8
244 289 12
244 305 2
244 325 14
245 15 8
245 26 13
245 65 5
245 181 23
245 201 7
245 211 14
245 314 4
245 320 5
245 333 29
245 337 21
246 38 9
246 131 10
246 219 24
246 267 14
246 326 19
246 331 15
247 6 6
247 22 24
247 44 14
247 46 18
247 92 15
247 109 24
247 151 20
247 156 29
247 181 14
247 185 30
247 188 9
247 196 66
247 199 44
247 215 17
247 220 12
247 241 17
247 260 21
247 285 2
247 290 65
247 321 23
248 12 7
248 27 11
248 32 18
248 118 57
248 123 3
248 130 7
248 233 5
248 255 13
248 280 2
248 287 9
248 313 4
248 322 9
249 37 11
249 64 15
249 131 2
249 193 9
249 201 10
249 229 43
249 238 51
249 286 15
249 334 12
250 14 1
250 17 6
250 20 4
250 75 4
250 86 33
250 90 2
250 149 9
250 158 23
250 161 5
250 162 1
250 172 14
250 263 2
250 270 5
250 285 7
250 307 16
251 64 13
251 157 3
251 169 18
251 191 9
251 192 25
251 219 25
251 253 19
251 327 4
252 100 8
252 113 22
252 117 34
252 132 19
252 142 32
252 155 5
252 164 4
252 170 14
252 202 14
252 246 32
252 300 39
252 309 39
252 320 11
252 337 17
253 103 8
253 107 15
253 211 25
253 290 23
253 332 24
253 333 6
253 336 4
254 19 8
254 41 18
254 78 5
254 97 17
254 171 4
254 174 10
254 178 4
254 278 44
254 304 10
254 315 8
254 330 11
255 109 3
255 216 11
255 316 5
255 341 28
256 5 1
256 50 25
256 154 4
256 167 3
256 186 9
256 243 11
256 302 10
256 305 3
256 317 2
256 325 9
256 329 9
257 15 39
257 43 15
257 153 14
257 187 14
257 224 8
257 232 12
257 235 13
257 262 26
257 272 44
257 289 36
257 315 60
257 324 9
257 327 8
258 39 4
258 84 28
258 114 20
258 123 4
258 132 18
258 141 2
258 221 3
258 231 8
258 288 16
258 341 11
259 133 1
259 160 4
259 211 5
259 278 10
259 301 11
259 317 10
259 318 7
259 335 1
259 339 11
260 39 4
260 81 3
260 126 14
260 132 10
260 135 14
260 180 8
260 199 13
260 220 2
260 228 10
260 241 14
260 242 10
260 300 23
261 12 13
261 57 2
261 123 5
261 173 24
261 176 17
261 233 3
261 255 48
261 273 11
261 299 21
261 310 10
261 316 8
261 341 20
262 15 1
262 187 6
262 209 12
262 232 16
262 272 23
262 289 22
262 293 2
262 315 15
262 339 18
263 17 8
263 75 14
263 86 2
263 161 15
263 172 29
263 203 2
263 250 11
263 251 14
263 272 9
263 298 3
264 138 12
264 157 13
264 182 13
264 207 17
264 209 9
264 212 6
264 311 25
265 111 4
265 317 3
265 337 2
266 93 4
266 125 17
266 142 8
266 160 8
266 209 12
266 222 12
266 239 8
266 269 6
266 275 5
266 297 11
266 326 8
266 340 17
267 59 17
267 214 8
267 219 3
267 283 4
267 305 2
267 307 13
267 334 6
268 32 7
268 61 22
268 93 3
268 158 12
268 223 36
268 226 2
268 269 24
268 287 11
269 2 11
269 158 1
269 177 4
269 185 16
269 226 5
269 340 11
270 59 5
270 62 5
270 70 30
270 97 24
270 190 12
270 205 16
270 208 5
270 221 14
270 222 4
270 288 20
270 319 13
270 328 20
271 99 11
271 111 2
271 196 8
271 223 15
271 268 1
271 279 6
271 294 5
271 297 12
272 41 6
272 159 4
272 187 4
272 262 6
272 315 13
272 320 29
273 27 5
273 32 14
273 57 13
273 106 4
273 130 11
273 158 12
273 160 15
273 248 8
273 265 24
273 280 12
273 287 13
273 312 4
273 313 23
273 322 5
273 337 21
274 4 2
274 138 15
274 207 2
274 264 9
274 291 18
274 330 10
274 339 14
275 2 20
275 11 8
275 99 5
275 160 2
275 185 17
275 209 20
275 226 3
275 326 7
276 62 44
276 70 28
276 190 24
276 205 37
276 208 45
276 215 13
276 221 28
276 265 48
276 270 34
276 288 38
276 319 81
276 328 57
277 14 7
277 19 18
277 22 4
277 30 5
277 31 35
277 41 14
277 171 18
277 174 1
277 178 39
277 218 30
277 230 11
277 237 10
277 254 53
277 263 21
277 265 37
277 278 11
277 293 28
278 19 4
278 99 9
278 132 21
278 171 8
278 217 10
278 230 19
278 330 1
278 339 8
279 111 7
279 196 21
279 209 7
279 223 5
279 271 13
279 297 19
279 300 14
279 337 15
279 340 4
280 27 2
280 57 16
280 118 6
280 125 5
280 248 2
280 311 5
280 313 1
280 335 7
281 103 15
281 107 27
281 115 10
281 253 12
281 267 24
281 294 4
281 332 13
281 333 29
281 338 2
282 16 29
282 22 5
282 25 8
282 42 2
282 57 23
282 78 17
282 87 13
282 113 19
282 118 13
282 119 3
282 149 14
282 150 6
282 225 28
282 258 16
283 59 9
283 117 12
283 245 17
283 267 9
283 314 4
283 320 1
284 79 12
284 89 8
284 139 25
284 141 14
284 179 18
284 258 12
284 299 17
284 303 4
284 341 25
285 12 23
285 47 16
285 58 16
285 108 5
285 132 6
285 134 5
285 165 13
285 295 19
285 308 1
285 312 34
286 101 18
286 131 5
286 219 10
286 229 32
286 249 6
286 293 2
287 32 6
287 57 10
287 67 2
287 118 7
287 130 12
287 194 21
287 248 2
287 273 4
287 280 3
287 322 12
287 329 9
287 340 23
288 70 6
288 269 3
289 15 3
289 161 11
289 171 3
289 187 3
289 207 11
289 272 11
289 315 18
290 99 5
290 281 19
290 333 12
290 336 2
290 338 17
291 159 5
291 182 6
291 212 13
291 264 2
291 295 13
291 333 30
292 26 12
292 47 6
292 65 10
292 80 3
292 166 24
292 189 10
292 201 21
292 211 27
292 216 6
292 219 25
292 238 10
292 245 28
292 320 25
292 331 32
293 107 18
293 218 9
293 219 25
293 239 10
293 244 8
293 262 13
293 281 6
293 329 14
293 333 14
293 341 53
294 91 14
294 126 24
294 136 5
294 194 15
294 233 6
294 242 27
294 309 10
294 313 5
294 321 12
295 169 5
295 243 7
295 339 6
296 52 4
296 72 6
296 89 3
296 102 13
296 123 9
296 141 16
296 206 16
296 210 8
296 231 39
296 299 29
296 303 8
296 309 16
296 316 15
297 111 10
297 129 4
297 196 22
297 266 1
297 279 16
297 280 4
297 293 2
298 20 3
298 36 11
298 86 4
298 102 11
298 119 9
298 136 4
298 204 1
298 304 33
298 330 5
299 52 15
299 72 26
299 109 4
299 179 10
299 206 35
299 210 16
299 231 8
299 296 13
299 309 11
299 313 33
299 316 14
300 99 15
300 111 7
300 122 9
300 129 6
300 196 27
300 223 26
300 271 7
300 297 5
300 337 8
301 4 33
301 97 14
301 172 11
301 317 10
301 318 2
301 330 3
301 335 16
301 339 14
302 5 29
302 154 5
302 207 5
302 243 4
302 244 21
302 256 11
302 323 6
302 324 6
302 325 8
302 327 3
303 39 4
303 52 45
303 102 18
303 126 12
303 206 17
303 210 32
303 215 5
303 231 24
303 255 7
303 296 13
303 299 1
303 309 23
303 316 17
304 8 11
304 106 16
304 138 4
304 204 10
304 327 2
304 330 2
305 5 9
305 182 15
305 209 16
305 227 12
305 256 22
305 291 13
305 302 12
306 36 2
306 136 2
306 218 18
306 223 26
306 239 10
306 274 20
306 293 9
307 139 17
307 185 2
308 169 6
308 243 7
308 244 6
308 290 8
308 295 18
308 329 11
309 52 13
309 79 3
309 102 9
309 299 1
310 84 27
310 255 21
310 322 3
310 341 9
311 115 11
311 125 18
311 189 13
311 264 7
311 274 9
311 291 21
311 324 10
311 325 32
312 27 3
312 29 1
312 158 25
312 198 6
312 265 17
312 285 13
312 295 26
312 308 28
313 12 18
313 32 1
313 57 7
313 106 8
313 118 13
313 216 11
313 261 11
313 273 1
313 280 3
313 287 7
313 322 5
314 229 25
314 238 3
314 267 29
314 283 10
315 15 40
315 187 12
315 232 19
315 235 13
315 262 23
315 272 10
315 289 9
315 340 23
316 52 14
316 84 22
316 139 4
316 206 4
316 210 7
316 231 15
316 303 11
316 309 31
317 4 5
317 97 5
317 133 10
317 165 18
317 246 17
317 259 17
317 301 11
317 318 3
317 339 36
318 97 13
318 124 2
318 133 9
318 165 13
318 217 4
318 259 12
318 301 19
318 317 1
318 335 11
318 339 9
319 62 4
319 70 19
319 107 7
319 200 3
319 205 1
319 208 7
319 288 18
319 297 11
319 328 33
320 5 22
320 193 9
320 201 13
320 211 7
321 158 26
321 194 28
321 213 8
321 216 4
321 255 11
321 294 5
322 16 2
322 32 7
322 57 14
322 118 17
322 160 15
322 248 5
322 280 12
322 294 18
322 313 6
323 58 28
323 66 26
323 115 14
323 134 6
323 182 22
323 211 24
323 285 5
323 295 27
323 308 20
323 312 33
323 333 25
324 159 7
324 182 12
324 184 5
324 189 8
324 207 19
324 245 2
324 264 10
324 274 16
324 291 3
324 311 21
325 5 7
325 50 6
325 86 15
325 186 7
325 243 13
325 244 12
325 305 3
326 2 14
326 93 26
326 209 6
326 275 21
326 308 2
326 340 1
327 5 15
327 50 14
327 154 14
327 189 5
327 243 11
327 244 25
327 256 17
327 295 17
327 302 22
327 305 17
327 325 7
328 62 10
328 70 4
328 205 8
328 223 5
328 288 12
328 319 6
329 265 7
330 106 7
330 119 4
330 157 9
330 298 11
330 304 6
330 315 7
331 37 4
331 38 11
331 112 4
331 164 15
331 193 2
331 234 2
331 334 24
332 103 6
332 107 23
332 281 3
332 290 22
332 333 14
332 336 1
332 338 64
333 115 4
333 253 6
333 290 15
334 38 4
334 164 1
335 165 18
335 259 3
335 301 12
335 317 5
335 318 4
336 103 4
336 107 39
336 115 12
336 253 16
336 281 30
336 290 4
336 332 5
336 333 3
336 338 12
337 99 2
337 111 18
337 122 17
337 180 2
337 196 24
337 223 24
337 265 4
337 271 12
337 279 1
337 297 6
338 107 5
338 253 37
338 281 9
338 333 2
338 336 4
339 133 3
339 259 20
339 335 21
340 93 9
340 239 10
