0 1 43
0 5 15
0 6 25
0 13 1
0 25 23
0 31 14
0 43 58
0 53 16
0 55 3
0 64 7
0 78 32
0 80 10
0 83 18
0 93 21
0 106 17
0 129 41
0 147 25
0 155 12
0 158 9
0 182 43
0 210 20
0 247 31
1 2 2
1 240 21
1 246 3
1 249 7
1 328 4
1 343 9
1 345 16
2 76 8
2 114 19
2 116 19
2 132 3
2 144 33
2 194 18
2 211 33
2 213 12
2 220 34
2 247 19
2 260 9
2 267 20
2 296 8
2 321 26
2 340 34
2 342 53
3 32 12
3 73 15
3 95 13
3 127 23
3 140 16
3 145 5
3 157 1
3 165 12
3 168 1
3 172 5
3 175 4
3 201 16
3 217 34
3 254 13
3 305 14
3 320 12
4 8 4
4 69 16
4 81 24
4 86 18
4 105 28
4 159 16
4 184 12
4 186 18
4 219 29
4 296 13
4 320 18
4 324 7
4 346 15
5 0 8
5 3 20
5 7 3
5 34 10
5 36 43
5 51 20
5 53 9
5 102 15
5 136 34
5 137 9
5 205 17
5 264 13
5 341 20
5 346 31
6 14 6
6 92 7
6 105 15
6 148 16
6 161 19
6 186 18
6 192 1
6 237 16
6 313 11
6 321 7
7 4 5
7 6 17
7 28 35
7 50 35
7 66 39
7 82 51
7 89 19
7 98 23
7 118 20
7 119 13
7 130 17
7 138 26
7 151 23
7 156 18
7 187 9
7 285 48
7 318 18
7 335 24
7 338 31
8 112 24
8 193 25
8 210 27
8 265 7
8 277 6
8 283 9
8 291 4
8 293 44
8 306 14
8 308 24
8 314 7
8 319 20
8 335 10
9 7 7
9 15 1
9 17 28
9 50 27
9 66 30
9 76 30
9 89 17
9 118 12
9 134 20
9 151 20
9 187 10
9 236 7
9 251 37
9 274 21
9 285 42
9 306 35
9 332 21
9 340 16
10 26 7
10 28 21
10 60 2
10 74 9
10 98 9
10 105 12
10 123 2
10 132 5
10 190 7
10 211 4
10 215 27
10 278 42
10 292 7
10 303 12
10 309 3
10 332 1
10 338 8
11 27 3
11 30 12
11 44 13
11 74 23
11 99 16
11 103 33
11 113 1
11 114 25
11 147 2
11 161 15
11 188 18
11 195 12
11 202 35
11 241 5
11 270 15
11 289 12
11 314 3
11 323 42
12 39 24
12 91 3
12 130 1
12 132 13
12 152 10
12 205 30
12 207 5
12 221 28
12 226 36
12 249 18
12 301 25
12 326 72
12 330 24
13 0 6
13 31 1
13 36 2
13 41 38
13 43 9
13 57 22
13 64 12
13 78 1
13 93 5
13 106 11
13 109 7
13 116 6
13 129 33
13 147 23
13 175 5
13 225 19
13 251 15
13 287 13
13 330 12
14 6 28
14 91 13
14 92 7
14 94 4
14 126 6
14 148 17
14 160 11
14 161 17
14 197 6
14 205 4
14 248 14
14 266 13
14 313 23
15 8 30
15 21 60
15 46 11
15 68 28
15 82 34
15 111 15
15 115 6
15 121 37
15 166 5
15 183 13
15 213 31
15 215 12
15 236 16
15 244 38
15 283 10
15 306 20
15 326 33
15 332 29
16 4 2
16 86 6
16 105 32
16 139 7
16 186 3
16 243 2
16 296 15
16 315 6
16 342 8
16 346 13
17 6 2
17 83 5
17 103 6
17 125 13
17 195 18
17 208 11
17 316 18
17 327 20
17 337 17
17 343 18
18 0 27
18 13 10
18 17 1
18 31 22
18 34 2
18 43 29
18 61 11
18 68 12
18 69 4
18 78 4
18 106 12
18 127 29
18 141 32
18 147 18
18 188 7
18 194 13
18 218 19
18 240 53
18 247 21
18 255 5
18 322 27
18 326 40
19 1 26
19 68 11
19 126 6
19 153 10
19 155 9
19 165 20
19 240 4
19 249 7
19 268 30
19 269 12
19 304 8
19 322 22
19 328 9
19 329 15
19 337 1
19 343 44
19 345 18
20 21 19
20 37 6
20 40 14
20 74 3
20 196 13
20 325 20
20 333 17
20 335 25
21 68 6
21 117 2
21 121 16
21 185 6
21 210 30
21 245 16
21 277 11
21 278 18
22 191 19
22 196 1
22 200 15
22 225 16
22 233 5
22 235 11
22 243 14
22 250 11
22 253 13
22 316 3
22 344 23
23 5 8
23 42 11
23 56 31
23 59 23
23 62 14
23 64 12
23 67 34
23 77 6
23 87 4
23 96 8
23 120 6
23 122 9
23 138 15
23 149 19
23 156 22
23 170 20
23 175 33
23 179 14
23 218 13
23 225 30
23 232 17
23 262 43
23 268 26
23 297 30
24 22 23
24 54 3
24 96 9
24 129 10
24 160 25
24 191 72
24 196 21
24 224 30
24 225 23
24 235 39
24 243 9
24 250 28
24 253 18
24 317 11
24 331 10
24 346 13
25 17 5
25 55 4
25 63 24
25 83 4
25 96 11
25 125 11
25 176 26
25 195 5
25 213 16
25 237 2
25 280 11
25 294 29
25 310 19
25 316 21
25 321 27
25 324 11
25 330 10
25 341 18
25 345 20
26 198 18
26 276 3
26 288 4
26 289 14
26 292 16
26 303 6
27 1 7
27 11 3
27 14 23
27 30 26
27 44 10
27 61 4
27 106 2
27 144 28
27 146 39
27 174 26
27 187 2
27 188 9
27 198 21
27 202 30
27 205 34
27 231 7
27 242 15
27 291 14
27 296 22
27 301 21
27 337 29
28 26 32
28 169 3
28 222 1
28 260 2
28 276 19
28 278 10
28 292 2
28 296 4
28 303 2
28 316 8
29 98 17
29 107 2
29 143 1
29 216 15
29 244 6
29 245 4
29 257 2
29 261 21
29 277 5
29 293 12
29 330 25
29 334 18
30 27 2
30 39 20
30 78 1
30 146 4
30 231 5
30 247 8
30 263 30
30 288 6
30 330 24
30 340 41
30 346 1
31 18 5
31 30 5
31 80 2
31 146 12
31 218 10
31 221 5
31 300 3
31 305 20
31 312 45
31 325 27
31 332 28
32 40 28
32 57 9
32 85 14
32 97 30
32 133 5
32 150 9
32 154 43
32 186 6
32 224 19
32 287 9
32 317 31
33 136 6
33 285 2
33 297 16
33 307 7
33 312 12
33 322 9
33 333 7
34 5 25
34 30 34
34 36 8
34 53 18
34 95 44
34 102 11
34 104 16
34 115 4
34 137 1
34 146 6
34 149 7
34 193 16
34 204 39
34 212 20
34 229 31
34 245 10
34 267 19
34 274 14
34 346 9
35 100 20
35 127 3
35 129 12
35 135 6
35 170 4
35 184 20
35 206 13
35 208 7
35 227 11
35 280 17
36 37 16
36 38 2
36 95 5
36 110 19
36 137 5
36 153 20
36 225 25
36 252 22
36 264 9
36 266 34
36 282 15
36 302 6
37 2 4
37 20 28
37 72 2
37 81 18
37 126 36
37 130 18
37 134 12
37 143 3
37 167 9
37 246 6
37 285 13
37 334 8
37 338 12
37 340 18
38 20 12
38 37 19
38 72 12
38 90 10
38 104 16
38 134 5
38 142 5
38 178 19
38 200 29
38 203 22
38 204 31
38 242 39
38 264 19
38 266 20
38 299 59
38 306 26
38 341 46
39 154 4
39 205 1
39 282 22
39 307 15
39 330 2
40 67 9
40 73 7
40 97 2
40 133 15
40 154 7
40 200 6
40 243 1
40 317 3
41 39 13
41 67 10
41 105 13
41 154 11
41 189 11
41 262 5
42 16 14
42 56 5
42 59 12
42 64 43
42 77 7
42 81 20
42 106 3
42 110 30
42 120 22
42 122 34
42 138 7
42 149 3
42 156 24
42 158 18
42 175 9
42 204 19
42 247 39
42 268 17
42 273 19
42 334 31
42 339 17
43 5 5
43 17 10
43 31 8
43 78 10
43 80 11
43 106 16
43 131 18
43 147 6
43 150 16
43 195 23
43 218 5
43 225 21
43 297 28
43 304 26
43 317 29
43 327 24
44 11 19
44 30 22
44 60 18
44 103 4
44 113 16
44 144 32
44 162 8
44 190 13
44 199 12
44 202 9
44 231 5
44 241 4
44 242 23
44 275 4
44 278 13
45 40 5
45 54 18
45 129 8
45 150 5
45 200 24
45 208 26
45 224 9
45 225 24
45 251 2
45 258 23
45 276 28
45 280 30
45 287 16
45 315 26
46 15 19
46 21 18
46 44 33
46 68 31
46 82 30
46 108 16
46 121 35
46 177 3
46 178 2
46 183 6
46 236 26
46 266 43
46 272 46
46 309 3
46 318 11
47 126 12
47 198 5
47 261 5
47 331 2
48 20 5
48 37 10
48 38 8
48 41 26
48 49 12
48 70 15
48 72 36
48 115 25
48 116 10
48 118 1
48 134 11
48 142 12
48 145 11
48 150 29
48 155 4
48 167 34
48 183 18
48 213 12
48 299 4
48 307 36
48 333 31
48 340 41
49 20 21
49 37 33
49 38 6
49 48 1
49 55 4
49 70 9
49 72 11
49 115 18
49 130 30
49 141 27
49 142 11
49 163 9
49 167 10
49 190 23
49 211 12
49 219 49
49 267 23
49 272 31
49 302 19
50 38 5
50 66 8
50 188 23
50 277 2
50 283 12
50 285 10
50 311 7
51 5 15
51 31 2
51 34 6
51 36 4
51 40 28
51 45 5
51 53 3
51 73 24
51 85 15
51 95 28
51 102 5
51 131 4
51 137 4
51 201 14
51 235 12
51 262 25
51 287 8
51 295 20
51 344 27
52 4 29
52 12 14
52 23 18
52 25 27
52 42 15
52 56 6
52 59 11
52 62 13
52 64 23
52 72 13
52 84 19
52 93 8
52 119 14
52 120 23
52 122 16
52 138 13
52 156 42
52 158 16
52 163 13
52 176 20
52 179 18
52 185 29
52 223 35
52 315 23
53 5 18
53 13 7
53 34 10
53 36 26
53 51 28
53 86 29
53 95 14
53 102 8
53 131 18
53 137 2
53 149 14
53 155 18
53 160 32
53 184 14
53 212 29
53 229 32
53 273 15
53 313 14
53 325 48
53 333 20
53 346 29
54 41 7
54 200 8
54 208 11
54 251 14
54 253 2
54 258 26
54 262 1
54 276 14
54 280 11
54 287 2
54 315 16
55 3 13
55 17 7
55 25 2
55 51 5
55 63 7
55 69 8
55 84 29
55 145 6
55 191 2
55 237 8
55 251 8
55 262 22
55 276 23
55 295 32
55 296 9
55 315 15
55 316 50
55 321 12
56 62 3
56 156 19
56 176 14
56 214 4
56 217 8
56 225 30
56 233 2
56 243 5
56 259 21
56 297 5
56 344 26
57 21 2
57 71 14
57 244 3
57 245 5
57 265 1
57 332 8
57 338 20
58 29 6
58 57 6
58 75 5
58 98 2
58 177 4
58 230 8
58 245 14
58 277 11
58 286 8
59 22 21
59 56 8
59 62 29
59 64 10
59 78 4
59 118 2
59 156 23
59 158 5
59 217 5
59 258 27
59 259 14
59 276 23
59 315 31
60 10 10
60 26 26
60 28 6
60 41 12
60 74 40
60 132 6
60 143 12
60 190 7
60 211 3
60 222 3
60 242 29
60 278 5
60 334 30
60 342 8
61 11 12
61 27 1
61 30 28
61 44 11
61 146 10
61 167 1
61 188 2
61 231 19
61 240 17
61 243 26
61 246 13
61 247 19
61 252 14
61 299 15
61 330 22
61 337 23
61 341 47
61 345 24
62 3 18
62 35 13
62 42 1
62 122 11
62 156 31
62 220 14
62 234 9
62 294 13
63 17 6
63 96 5
63 176 10
63 228 10
63 233 23
63 237 17
63 243 7
63 248 4
63 280 7
63 307 15
63 316 13
63 321 8
63 346 8
64 24 11
64 33 35
64 56 11
64 59 5
64 62 17
64 138 6
64 156 21
64 158 5
64 160 19
64 208 10
64 233 21
64 258 8
64 270 18
64 344 28
64 346 12
65 17 19
65 24 4
65 63 22
65 73 21
65 86 8
65 95 26
65 97 13
65 195 8
65 214 12
65 235 12
65 248 10
65 316 17
65 321 4
66 9 10
66 20 14
66 21 11
66 50 22
66 72 45
66 89 6
66 118 12
66 119 11
66 121 19
66 137 6
66 151 16
66 216 35
66 250 8
66 262 14
66 285 8
66 288 8
66 308 9
66 318 18
67 22 2
67 41 11
67 97 21
67 121 3
67 189 24
67 223 9
67 224 12
67 253 8
67 259 16
67 262 31
67 307 16
67 344 21
68 20 16
68 21 14
68 72 5
68 117 7
68 121 15
68 148 9
68 154 25
68 186 4
68 209 4
68 220 18
68 267 13
69 17 27
69 19 5
69 25 10
69 40 16
69 51 6
69 55 6
69 63 14
69 65 25
69 83 2
69 91 14
69 96 7
69 113 16
69 159 15
69 195 10
69 235 25
69 237 25
69 248 9
69 316 27
69 346 22
70 7 4
70 20 11
70 37 8
70 38 3
70 48 5
70 49 25
70 50 13
70 65 18
70 71 8
70 72 28
70 77 9
70 114 25
70 142 9
70 149 5
70 167 22
70 213 21
70 269 35
70 301 30
70 339 16
71 124 10
71 173 4
71 219 33
71 277 23
71 281 13
71 289 2
71 302 14
71 335 14
72 20 8
72 46 8
72 103 4
72 128 19
72 142 5
72 148 3
72 167 7
72 169 14
72 203 14
72 279 11
72 280 34
72 289 11
72 290 14
73 3 4
73 133 18
73 168 11
73 172 1
73 201 13
73 206 9
73 217 2
73 223 17
73 294 14
73 344 13
74 26 6
74 28 17
74 180 7
74 190 1
74 278 11
74 284 2
74 290 2
74 292 4
75 136 7
75 141 27
75 173 16
75 204 5
75 210 7
75 271 10
75 291 6
75 292 30
75 293 20
75 308 6
75 334 38
75 344 71
76 1 17
76 2 7
76 46 13
76 72 18
76 108 15
76 116 18
76 144 5
76 164 13
76 172 13
76 178 23
76 194 21
76 213 9
76 220 6
76 275 7
76 279 11
76 314 18
76 339 6
77 42 19
77 52 10
77 55 13
77 56 10
77 62 9
77 64 19
77 65 3
77 69 17
77 73 17
77 96 11
77 122 21
77 133 10
77 135 15
77 138 17
77 156 2
77 175 20
77 179 20
77 189 18
77 235 22
77 276 23
77 316 39
77 334 36
78 13 8
78 18 3
78 22 12
78 31 5
78 45 5
78 64 14
78 80 7
78 133 9
78 147 3
78 153 9
78 170 17
78 174 22
78 218 18
78 248 14
78 299 3
78 304 9
79 85 7
79 153 9
79 182 9
79 226 17
79 231 8
79 247 15
79 248 3
79 255 57
79 294 12
79 299 10
79 310 15
79 329 21
79 337 18
80 0 2
80 13 37
80 15 7
80 18 18
80 31 18
80 43 2
80 76 3
80 93 23
80 95 25
80 106 7
80 109 3
80 124 6
80 147 10
80 165 32
80 167 13
80 194 41
80 248 7
80 310 22
80 312 31
80 317 29
80 320 13
80 341 46
81 14 12
81 88 3
81 90 2
81 126 11
81 143 6
81 160 37
81 184 14
81 197 6
81 229 14
81 320 7
81 327 19
81 338 24
82 21 12
82 33 9
82 46 8
82 68 5
82 71 1
82 110 9
82 117 9
82 121 16
82 216 26
82 236 4
82 293 23
82 303 8
82 334 10
82 335 5
82 338 7
83 4 7
83 11 7
83 17 22
83 55 2
83 63 20
83 65 14
83 69 9
83 96 20
83 99 10
83 101 5
83 104 4
83 122 10
83 125 17
83 139 22
83 147 14
83 176 21
83 195 18
83 237 45
83 273 28
83 296 16
83 316 61
83 321 2
84 4 19
84 16 21
84 86 8
84 87 17
84 135 4
84 139 9
84 159 14
84 186 24
84 227 10
84 258 7
84 263 17
84 296 9
84 315 44
84 324 18
84 327 14
84 337 14
84 343 22
84 346 37
85 40 25
85 97 3
85 133 5
85 225 11
85 253 22
85 315 22
85 317 28
86 16 9
86 81 13
86 87 2
86 105 6
86 126 12
86 139 7
86 180 4
86 186 6
86 247 3
86 273 2
86 296 13
86 298 13
86 346 4
87 4 12
87 16 1
87 20 2
87 21 14
87 28 14
87 69 10
87 84 2
87 86 12
87 105 22
87 139 6
87 159 14
87 182 19
87 186 3
87 227 5
87 296 13
87 327 8
87 346 9
88 14 12
88 81 30
88 83 9
88 86 9
88 90 4
88 92 16
88 116 4
88 137 4
88 155 12
88 160 23
88 184 21
88 192 10
88 197 26
88 205 20
88 229 9
88 239 9
88 320 39
88 327 29
89 9 10
89 50 25
89 57 13
89 66 7
89 107 9
89 111 20
89 117 18
89 119 15
89 151 20
89 154 35
89 156 10
89 183 3
89 187 15
89 253 36
89 257 12
89 263 35
89 314 27
90 28 8
90 81 9
90 88 3
90 159 26
90 160 39
90 179 3
90 184 31
90 197 16
90 229 39
90 233 19
90 239 14
90 264 3
90 296 21
90 320 9
90 327 4
91 12 44
91 39 49
91 126 3
91 130 42
91 180 13
91 205 24
91 226 19
91 269 19
91 275 4
91 300 19
91 301 20
91 326 34
91 328 12
91 330 15
92 4 14
92 6 6
92 14 7
92 86 10
92 87 15
92 126 31
92 148 9
92 152 8
92 192 14
92 260 32
92 263 7
92 298 4
92 313 12
93 18 11
93 27 2
93 31 6
93 78 12
93 89 3
93 96 4
93 106 13
93 109 3
93 122 11
93 147 22
93 153 23
93 180 10
93 218 13
93 260 13
93 267 21
93 282 12
93 300 2
93 301 2
93 305 5
93 329 12
94 6 7
94 14 4
94 16 3
94 92 42
94 123 46
94 148 15
94 161 12
94 192 26
94 197 7
94 199 10
94 220 11
94 241 6
94 265 28
94 284 6
94 312 20
94 320 8
94 324 13
94 334 37
95 24 15
95 36 8
95 68 10
95 219 18
95 254 3
96 17 7
96 33 15
96 45 6
96 65 7
96 69 7
96 100 25
96 162 3
96 195 21
96 214 17
96 235 9
96 237 6
96 262 6
96 316 20
96 317 3
96 321 17
97 22 14
97 40 3
97 56 5
97 85 20
97 133 11
97 154 9
97 174 15
97 189 1
97 253 13
97 259 17
97 276 9
97 280 5
97 297 18
97 317 2
97 344 28
98 29 13
98 58 5
98 68 5
98 74 12
98 107 3
98 108 9
98 203 6
98 230 19
98 234 9
98 244 14
98 272 30
98 292 2
98 334 37
99 11 7
99 27 6
99 30 18
99 44 39
99 61 17
99 103 24
99 113 6
99 119 12
99 124 21
99 188 14
99 199 12
99 202 13
99 203 6
99 209 3
99 219 31
99 222 35
99 231 12
99 272 46
99 274 14
99 289 29
99 292 2
99 342 32
100 35 13
100 129 7
100 162 1
100 170 5
100 201 15
100 208 4
100 214 5
100 227 20
100 233 25
100 243 10
100 259 2
100 271 6
100 316 14
100 344 24
101 2 49
101 3 32
101 10 8
101 59 14
101 76 7
101 113 2
101 114 37
101 115 52
101 116 24
101 122 15
101 144 7
101 168 38
101 170 27
101 171 18
101 173 33
101 178 41
101 194 21
101 213 28
101 220 56
101 233 39
101 275 23
101 321 22
101 328 12
102 21 1
102 24 17
102 34 23
102 36 3
102 51 20
102 95 12
102 137 40
102 147 10
102 149 5
102 193 21
102 212 9
102 232 6
102 256 14
102 286 14
102 289 9
102 294 26
102 305 8
102 324 7
103 2 17
103 27 9
103 30 25
103 44 2
103 60 19
103 61 19
103 63 5
103 74 29
103 99 10
103 113 3
103 146 7
103 188 9
103 199 6
103 202 23
103 203 22
103 231 9
103 241 9
103 260 28
103 315 26
104 20 58
104 30 7
104 37 45
104 38 20
104 48 9
104 49 10
104 70 4
104 72 32
104 89 27
104 118 11
104 126 50
104 128 2
104 134 23
104 167 30
104 170 28
104 203 28
104 234 11
104 301 34
104 309 9
104 325 54
104 328 28
104 333 33
104 335 21
105 84 4
105 86 1
105 186 15
105 204 12
105 266 24
105 282 11
105 296 24
105 313 7
105 346 20
106 13 5
106 31 21
106 73 20
106 80 6
106 129 2
106 147 5
106 194 11
106 207 20
106 278 6
106 294 13
106 312 28
106 337 26
106 341 28
106 343 27
107 6 14
107 21 6
107 29 5
107 58 44
107 98 12
107 145 1
107 166 13
107 230 4
107 244 23
107 245 12
107 285 8
107 306 5
107 319 9
107 325 29
108 29 13
108 58 10
108 76 12
108 98 2
108 107 2
108 124 8
108 181 27
108 230 3
108 244 10
108 245 21
108 293 11
108 332 24
108 335 14
108 338 42
109 0 22
109 18 24
109 19 38
109 31 30
109 43 17
109 50 29
109 56 22
109 78 11
109 92 18
109 93 3
109 106 26
109 107 23
109 131 35
109 138 15
109 147 37
109 182 68
109 184 22
109 218 21
109 231 19
109 235 15
109 265 17
109 309 16
110 6 34
110 11 6
110 14 22
110 47 20
110 92 18
110 94 4
110 123 3
110 148 24
110 161 23
110 192 22
110 204 11
110 286 17
110 303 5
110 313 8
110 339 7
111 33 25
111 57 23
111 107 2
111 121 1
111 143 3
111 164 18
111 177 14
111 187 6
111 230 3
111 250 19
111 261 4
111 288 1
111 332 68
111 338 24
112 105 21
112 111 5
112 124 1
112 171 7
112 193 22
112 210 27
112 213 4
112 244 12
112 261 19
112 277 17
112 293 29
112 306 35
112 308 12
112 319 8
112 339 8
113 11 9
113 12 2
113 27 20
113 30 40
113 42 12
113 61 19
113 103 5
113 132 10
113 146 32
113 158 12
113 163 14
113 182 18
113 188 24
113 202 2
113 238 27
113 292 27
113 328 39
114 41 10
114 76 9
114 178 14
114 194 19
114 199 2
114 209 6
114 213 13
114 263 26
114 272 35
114 275 6
115 2 9
115 17 15
115 76 19
115 116 4
115 142 11
115 144 9
115 161 3
115 178 9
115 194 10
115 213 32
115 220 19
115 247 14
115 267 23
115 275 35
115 281 9
115 309 7
115 338 34
115 341 40
116 26 33
116 76 5
116 114 26
116 140 15
116 141 26
116 144 8
116 151 1
116 178 47
116 194 20
116 213 38
116 220 3
116 222 26
116 246 27
116 275 18
116 288 3
116 292 35
117 15 7
117 21 19
117 29 6
117 46 2
117 68 14
117 76 13
117 82 17
117 107 7
117 121 24
117 151 15
117 177 5
117 183 10
117 186 9
117 232 1
117 263 13
117 288 12
117 291 13
117 308 16
117 314 25
118 7 10
118 9 15
118 31 19
118 50 35
118 57 5
118 66 1
118 89 15
118 108 13
118 119 12
118 151 1
118 238 27
118 256 4
118 285 16
118 309 10
118 311 23
118 328 27
118 332 14
119 7 1
119 9 10
119 50 63
119 66 1
119 103 11
119 151 16
119 227 26
119 230 14
119 293 21
119 306 19
119 315 22
119 319 19
119 340 51
120 4 36
120 25 5
120 36 19
120 44 2
120 52 14
120 56 18
120 59 26
120 62 17
120 64 23
120 77 21
120 90 10
120 138 23
120 156 19
120 158 17
120 174 32
120 175 27
120 212 28
120 275 11
120 297 34
120 304 45
120 310 35
121 21 4
121 105 12
121 136 23
121 216 8
121 253 22
121 277 7
121 314 21
121 339 24
122 56 12
122 64 21
122 103 12
122 116 7
122 117 2
122 120 4
122 138 10
122 153 19
122 156 4
122 158 8
122 282 28
122 325 30
122 329 26
122 331 31
122 339 31
123 6 22
123 14 23
123 29 19
123 46 7
123 65 11
123 92 27
123 94 4
123 110 6
123 125 18
123 148 13
123 156 8
123 157 13
123 161 30
123 192 11
123 277 19
123 309 22
123 313 29
123 325 32
123 336 11
123 340 24
124 16 14
124 143 11
124 181 19
124 215 4
124 216 28
124 245 14
124 265 11
124 283 1
124 318 4
124 319 8
125 4 5
125 25 22
125 42 14
125 63 12
125 65 11
125 69 5
125 83 13
125 84 4
125 96 2
125 130 18
125 157 4
125 195 2
125 222 17
125 237 1
125 240 3
125 248 11
125 270 40
125 275 12
125 296 14
125 297 20
125 316 1
125 333 17
125 343 31
126 186 11
126 198 6
126 266 1
126 331 5
127 3 5
127 67 5
127 73 14
127 91 1
127 100 4
127 140 9
127 165 15
127 170 5
127 172 1
127 201 10
127 217 15
127 258 16
127 295 5
127 316 20
128 20 22
128 37 32
128 38 27
128 48 9
128 49 11
128 69 12
128 70 10
128 104 25
128 108 21
128 113 7
128 134 23
128 142 20
128 159 27
128 163 7
128 167 10
128 187 19
128 189 36
128 198 15
128 205 40
128 274 24
128 333 32
129 35 7
129 100 4
129 143 6
129 172 10
129 214 14
129 221 3
129 227 24
129 233 10
129 259 1
129 333 3
129 344 8
130 11 4
130 12 6
130 39 32
130 188 3
130 204 11
130 205 32
130 300 1
130 326 32
130 330 10
130 338 23
130 339 3
131 5 12
131 14 16
131 34 14
131 36 23
131 49 15
131 51 5
131 53 11
131 70 4
131 95 33
131 102 49
131 128 13
131 137 11
131 148 8
131 149 11
131 212 20
131 230 38
131 252 14
131 264 16
131 273 11
131 342 58
132 26 8
132 28 10
132 60 15
132 74 23
132 126 29
132 136 21
132 161 12
132 190 10
132 222 28
132 292 7
132 311 13
132 334 29
133 32 6
133 33 11
133 40 23
133 45 3
133 85 5
133 97 5
133 154 24
133 174 1
133 235 11
133 240 5
133 258 12
133 302 13
133 304 4
133 307 25
133 317 4
134 20 7
134 37 16
134 38 22
134 58 17
134 68 12
134 70 3
134 72 13
134 104 5
134 123 2
134 167 4
134 237 14
134 241 29
134 242 25
134 273 27
134 307 32
134 322 14
134 325 14
135 35 12
135 62 15
135 63 18
135 73 17
135 87 4
135 94 14
135 100 38
135 129 28
135 163 15
135 168 5
135 170 32
135 214 14
135 227 22
135 233 37
135 234 9
135 259 25
135 262 40
135 269 15
135 276 23
136 33 14
136 174 7
136 206 28
136 242 27
136 263 13
136 270 5
136 297 11
136 307 9
136 312 18
136 322 9
136 333 10
137 36 6
137 53 3
137 93 14
137 95 24
137 102 9
137 131 7
137 149 3
137 156 27
137 181 16
137 191 9
137 198 15
137 204 12
137 212 3
137 220 11
137 228 42
137 267 18
138 56 16
138 59 9
138 62 10
138 64 19
138 70 1
138 95 38
138 141 32
138 156 10
138 158 6
138 175 19
138 224 7
138 232 33
138 297 38
138 330 36
138 331 26
138 338 11
138 345 32
139 4 23
139 32 5
139 105 30
139 115 12
139 152 11
139 159 6
139 186 7
139 201 19
139 258 17
139 296 33
139 313 12
139 317 18
139 346 12
140 17 1
140 25 26
140 73 9
140 127 1
140 145 4
140 157 2
140 165 49
140 168 10
140 172 6
140 201 13
140 217 7
140 248 3
140 255 24
140 305 17
140 307 10
140 312 30
140 337 12
140 341 25
141 26 13
141 39 4
141 267 5
141 278 10
141 314 6
141 322 4
141 324 3
141 326 15
141 329 1
141 341 21
142 20 6
142 37 18
142 47 14
142 49 12
142 70 15
142 72 15
142 99 11
142 104 10
142 134 2
142 151 1
142 159 6
142 165 19
142 167 11
142 209 5
142 213 12
142 220 10
142 242 10
142 274 18
142 279 10
142 290 7
142 325 29
143 114 14
143 124 11
143 181 7
143 215 2
143 216 1
143 252 18
143 253 31
143 265 14
143 283 6
143 311 13
143 338 9
144 32 13
144 46 1
144 62 8
144 115 2
144 178 12
144 184 25
144 194 3
144 204 14
144 213 25
144 220 25
144 235 17
144 263 19
144 275 18
144 279 16
144 286 2
145 46 12
145 73 7
145 84 4
145 127 12
145 140 25
145 157 26
145 165 29
145 168 29
145 172 19
145 186 17
145 201 38
145 206 5
145 217 11
145 248 1
145 252 23
145 286 16
145 305 52
146 11 7
146 30 10
146 44 10
146 61 13
146 62 19
146 99 8
146 132 8
146 145 5
146 180 20
146 188 5
146 192 15
146 202 17
146 228 21
146 231 13
146 280 29
146 284 26
146 321 30
146 323 23
146 345 19
147 43 5
147 62 2
147 78 14
147 79 10
147 174 29
147 191 24
147 206 26
147 310 2
148 47 15
148 90 11
148 92 1
148 94 6
148 110 8
148 123 13
148 161 14
148 163 2
148 192 16
148 203 21
148 242 24
148 299 12
148 308 5
148 313 12
149 5 17
149 34 13
149 36 17
149 51 14
149 78 2
149 81 21
149 95 41
149 126 30
149 137 29
149 177 15
149 212 5
149 239 20
149 283 7
149 306 2
149 333 11
150 22 12
150 32 22
150 33 2
150 40 35
150 67 3
150 85 47
150 97 8
150 100 12
150 133 6
150 154 55
150 191 15
150 223 13
150 280 21
150 300 8
150 317 16
151 7 12
151 8 6
151 26 13
151 50 25
151 66 14
151 118 7
151 119 10
151 128 17
151 171 5
151 187 9
151 236 13
151 285 20
151 288 3
151 308 17
151 338 27
151 340 34
152 1 11
152 12 2
152 169 3
152 180 22
152 221 4
152 234 21
152 238 9
152 246 18
152 266 34
152 298 26
153 247 5
153 294 10
153 329 6
153 345 11
154 40 17
154 85 24
154 97 13
154 251 1
154 253 5
154 276 1
154 317 11
154 341 10
155 1 64
155 19 4
155 26 16
155 106 5
155 120 3
155 129 30
155 172 35
155 240 40
155 249 24
155 252 15
155 268 24
155 269 34
155 304 27
155 328 27
155 337 27
155 343 42
155 345 55
156 122 10
156 189 11
156 197 4
156 229 9
156 237 4
156 255 1
156 313 5
156 336 37
156 342 23
157 3 11
157 45 12
157 73 32
157 114 8
157 127 24
157 139 9
157 140 8
157 165 42
157 168 2
157 172 22
157 191 37
157 194 6
157 201 4
157 217 23
157 305 6
157 310 12
158 23 11
158 28 38
158 43 27
158 45 11
158 56 10
158 62 25
158 77 2
158 141 62
158 148 8
158 150 24
158 156 8
158 168 28
158 175 7
158 179 14
158 300 9
159 16 4
159 84 4
159 86 7
159 105 3
159 139 13
159 165 19
159 186 18
159 206 25
159 284 3
159 296 28
159 324 24
159 327 8
159 341 41
159 343 11
159 346 22
160 30 21
160 32 5
160 88 4
160 105 10
160 126 24
160 184 15
160 186 3
160 198 5
160 201 3
160 229 32
160 239 2
160 327 11
160 342 35
161 10 22
161 16 3
161 92 3
161 136 9
161 148 13
161 190 5
161 192 21
161 202 5
161 228 17
161 238 2
161 311 9
162 33 27
162 43 1
162 73 16
162 136 18
162 156 4
162 223 7
162 242 48
162 263 11
162 270 45
162 275 5
162 297 17
162 307 35
162 312 9
162 322 10
162 333 28
163 24 18
163 32 12
163 35 16
163 65 1
163 87 11
163 100 28
163 110 6
163 129 20
163 135 24
163 170 37
163 189 7
163 214 10
163 227 47
163 233 17
163 244 30
163 259 24
164 6 13
164 29 14
164 50 5
164 57 33
164 58 9
164 111 22
164 124 25
164 159 6
164 162 16
164 166 11
164 175 6
164 177 27
164 193 20
164 216 6
164 236 3
164 257 9
164 288 1
164 332 63
164 338 38
165 145 9
165 217 3
165 222 12
165 304 3
165 341 15
166 8 26
166 29 21
166 33 40
166 58 16
166 75 19
166 98 21
166 107 21
166 108 30
166 183 2
166 215 40
166 216 21
166 230 18
166 244 14
166 245 36
166 265 2
166 291 7
166 306 10
166 311 12
166 334 17
167 9 9
167 20 18
167 38 18
167 70 6
167 72 12
167 112 13
167 119 6
167 128 7
167 134 16
167 142 4
167 175 16
167 203 35
167 262 15
167 274 35
167 281 3
167 300 8
167 335 27
167 336 42
168 3 4
168 65 12
168 73 20
168 127 25
168 129 16
168 165 24
168 201 13
168 214 6
168 217 10
168 235 2
168 305 20
168 318 8
169 84 12
169 86 13
169 139 22
169 180 12
169 204 3
169 221 18
169 238 3
169 246 8
169 266 23
169 284 4
169 298 18
169 312 25
169 315 36
170 32 12
170 35 2
170 85 5
170 100 8
170 129 17
170 150 9
170 168 6
170 227 17
170 233 5
170 259 27
170 287 16
170 316 3
170 328 19
171 43 22
171 49 12
171 57 39
171 95 16
171 111 32
171 113 9
171 119 22
171 164 34
171 177 28
171 230 34
171 288 85
171 330 50
171 332 48
171 338 70
171 339 42
172 12 17
172 26 17
172 39 13
172 59 6
172 73 11
172 140 8
172 157 2
172 165 27
172 168 6
172 201 40
172 284 12
172 299 12
172 305 13
172 310 4
172 316 20
172 340 8
173 71 6
173 72 6
173 139 9
173 213 8
173 219 22
173 228 2
173 279 3
173 281 11
173 289 11
173 292 10
173 303 13
174 141 14
174 154 5
174 172 3
174 195 2
174 297 4
174 299 1
174 307 24
174 314 16
174 341 20
174 344 19
175 17 5
175 41 21
175 52 8
175 55 1
175 56 17
175 62 15
175 64 21
175 122 17
175 156 17
175 179 6
175 191 24
175 225 27
175 253 18
175 274 14
175 287 24
176 16 13
176 35 8
176 40 13
176 45 12
176 54 44
176 200 48
176 208 11
176 217 11
176 225 25
176 251 32
176 258 20
176 276 13
176 280 30
176 287 6
176 315 34
176 327 2
177 50 7
177 57 25
177 107 14
177 111 6
177 184 7
177 216 12
177 257 6
177 275 10
177 288 5
177 332 15
177 338 17
178 2 7
178 8 19
178 35 1
178 44 19
178 114 7
178 144 24
178 194 10
178 209 19
178 241 13
178 275 5
178 319 8
179 24 10
179 27 6
179 56 46
179 59 39
179 62 5
179 64 29
179 101 7
179 120 13
179 122 24
179 138 19
179 147 3
179 154 35
179 156 17
179 227 22
179 248 5
179 264 20
179 283 24
179 333 11
180 74 38
180 207 18
180 221 8
180 234 6
180 246 17
180 266 43
180 291 1
180 298 7
181 58 1
181 124 3
181 143 5
181 154 10
181 210 5
181 215 41
181 216 1
181 257 3
181 265 2
181 283 9
181 291 4
181 293 12
181 308 7
181 338 7
182 153 20
182 247 10
182 255 28
182 268 3
182 294 2
182 299 10
182 329 11
182 337 8
183 8 10
183 21 16
183 44 11
183 46 1
183 50 14
183 68 30
183 82 47
183 99 30
183 117 10
183 121 36
183 161 13
183 162 29
183 171 1
183 236 14
183 239 19
183 311 8
184 81 12
184 84 8
184 144 17
184 160 24
184 229 23
184 327 19
185 20 25
185 41 22
185 54 5
185 67 11
185 87 8
185 129 2
185 165 21
185 189 9
185 195 11
185 217 15
185 223 46
185 224 42
185 250 31
185 253 17
185 262 22
185 295 60
185 344 26
186 16 9
186 35 13
186 105 19
186 139 14
186 229 13
186 279 3
186 296 18
186 346 16
187 7 11
187 9 13
187 28 23
187 49 18
187 50 36
187 66 20
187 90 15
187 112 1
187 118 14
187 119 27
187 151 5
187 162 14
187 193 33
187 210 22
187 257 18
187 261 27
187 285 45
187 339 36
188 30 5
188 31 11
188 44 24
188 65 10
188 99 6
188 113 3
188 146 7
188 202 21
188 221 9
188 242 41
188 250 3
188 292 17
188 323 8
188 328 19
189 22 17
189 41 11
189 185 5
189 223 9
189 224 1
189 225 19
189 227 28
189 235 10
189 251 1
189 258 12
189 262 9
189 271 6
189 287 1
190 26 2
190 28 20
190 74 3
190 86 1
190 234 8
190 238 9
190 266 19
190 278 15
190 313 2
190 340 17
191 32 5
191 54 16
191 85 7
191 196 2
191 225 13
191 243 18
191 253 10
191 262 10
191 346 2
192 1 11
192 6 7
192 14 14
192 36 17
192 37 3
192 46 6
192 110 1
192 123 12
192 148 5
192 152 17
192 161 18
192 284 16
192 286 10
192 313 19
192 314 2
192 341 43
193 111 5
193 230 10
193 277 1
193 281 3
193 293 34
193 306 6
193 308 4
193 311 19
193 319 6
194 114 3
194 144 14
194 165 14
194 178 3
194 220 6
194 226 21
194 337 3
194 343 44
195 63 28
195 150 13
195 196 15
195 223 6
195 248 9
195 271 14
195 293 12
195 316 25
196 13 12
196 22 9
196 24 1
196 32 10
196 41 13
196 85 12
196 154 3
196 191 1
196 235 6
196 250 10
196 253 1
196 288 5
196 295 11
197 6 7
197 16 10
197 31 6
197 33 14
197 110 7
197 146 19
197 160 18
197 184 32
197 229 15
197 296 10
197 327 5
198 14 12
198 148 3
198 193 7
198 203 2
198 205 5
198 273 8
198 286 2
199 71 5
199 173 14
199 209 11
199 219 25
199 228 23
199 278 17
199 279 1
199 281 2
199 289 5
199 290 7
199 312 6
199 336 25
200 45 5
200 54 9
200 67 3
200 176 3
200 191 12
200 225 12
200 250 9
200 258 2
200 259 15
200 276 31
200 280 25
200 315 9
200 317 4
200 338 21
200 344 10
201 3 5
201 73 22
201 136 16
201 165 43
201 168 1
201 196 13
201 310 20
201 322 11
202 30 22
202 48 8
202 60 2
202 70 6
202 143 9
202 152 9
202 188 9
202 211 11
202 219 39
202 242 25
202 290 16
202 339 19
202 341 28
203 198 8
203 222 4
203 254 2
203 264 20
203 282 2
203 286 10
203 291 25
203 342 13
204 16 10
204 174 18
204 226 9
204 249 17
204 270 15
204 298 13
204 314 23
204 334 3
204 336 8
204 341 59
204 344 32
204 346 18
205 26 5
205 39 4
205 85 9
205 91 3
205 207 3
205 226 4
205 301 9
205 326 6
205 330 24
205 341 8
206 33 12
206 157 6
206 162 7
206 250 2
206 263 1
206 270 2
206 297 19
206 305 9
206 307 14
206 312 34
206 322 14
207 12 5
207 39 29
207 91 5
207 95 5
207 126 23
207 130 37
207 205 6
207 226 46
207 289 12
207 300 10
207 326 36
207 330 33
208 45 6
208 85 10
208 200 41
208 225 15
208 251 13
208 258 16
208 270 25
208 276 17
208 280 29
208 287 7
208 295 4
208 315 18
209 26 4
209 71 6
209 74 28
209 98 17
209 173 12
209 219 20
209 290 3
210 29 4
210 47 20
210 112 7
210 193 21
210 277 9
210 281 2
210 293 29
210 303 19
210 306 15
210 308 20
210 319 29
210 340 17
211 26 15
211 28 5
211 74 15
211 108 2
211 132 20
211 190 9
211 274 2
211 278 10
211 279 7
211 292 32
211 303 21
211 313 11
211 334 12
212 5 25
212 35 18
212 36 5
212 51 14
212 88 3
212 95 36
212 102 6
212 131 12
212 137 5
212 138 5
212 149 4
212 182 24
212 218 5
212 249 37
212 297 28
212 300 13
212 324 4
212 334 24
213 10 7
213 71 6
213 144 3
213 178 16
213 194 6
213 196 4
213 215 5
213 220 12
213 275 1
213 326 22
214 35 15
214 40 7
214 97 1
214 100 3
214 129 2
214 135 3
214 163 2
214 170 21
214 223 6
214 227 13
214 233 24
214 259 20
214 276 12
214 318 13
214 344 21
215 57 21
215 112 3
215 124 3
215 143 2
215 257 16
215 286 4
215 326 34
216 58 6
216 75 14
216 215 7
216 293 10
216 318 2
217 63 4
217 139 9
217 145 2
217 157 8
217 172 14
217 201 9
217 206 9
217 224 2
217 296 11
217 305 12
217 317 13
218 13 17
218 26 16
218 28 26
218 43 2
218 64 14
218 80 27
218 93 6
218 106 8
218 147 7
218 176 8
218 177 35
218 178 10
218 231 6
218 301 14
218 326 53
218 341 34
219 203 3
219 228 18
219 272 4
219 302 3
219 334 8
219 342 12
220 20 3
220 114 9
220 178 2
220 213 3
220 216 17
220 241 5
220 267 30
220 334 19
221 105 2
221 152 8
221 169 6
221 180 3
221 229 3
221 246 12
221 266 16
221 284 7
221 298 20
222 10 5
222 26 22
222 28 7
222 60 29
222 74 1
222 132 6
222 165 9
222 190 8
222 211 8
222 219 37
222 260 5
222 278 11
222 292 14
222 305 5
222 342 13
223 22 14
223 41 2
223 54 5
223 134 2
223 189 10
223 251 11
223 262 26
223 271 6
223 295 5
223 296 5
224 3 8
224 35 6
224 41 22
224 189 10
224 196 16
224 223 17
224 250 12
224 259 5
224 262 25
224 271 17
224 295 49
225 54 13
225 208 2
225 250 11
225 276 12
225 280 5
225 315 13
225 344 24
226 39 53
226 91 6
226 130 34
226 182 37
226 205 16
226 207 1
226 300 6
226 301 17
226 326 4
226 330 4
227 33 24
227 41 13
227 63 2
227 129 8
227 133 5
227 208 13
227 214 18
227 233 35
228 71 5
228 209 13
228 252 5
228 324 2
228 343 13
229 16 12
229 184 1
229 204 1
229 237 5
229 346 15
230 29 6
230 58 8
230 98 8
230 107 5
230 108 10
230 244 6
230 245 20
230 256 9
230 293 14
230 311 54
230 318 3
230 322 13
230 339 21
231 11 9
231 16 32
231 26 7
231 27 3
231 30 23
231 38 2
231 44 13
231 95 18
231 113 37
231 120 11
231 146 10
231 173 42
231 174 34
231 188 10
231 202 16
231 221 44
231 269 24
231 297 29
231 340 23
232 42 4
232 44 9
232 52 6
232 56 19
232 59 17
232 60 27
232 62 40
232 64 13
232 77 15
232 116 20
232 120 9
232 122 9
232 139 35
232 152 19
232 156 45
232 158 18
232 173 22
232 175 36
232 179 20
232 231 3
232 284 38
232 313 40
233 35 4
233 135 18
233 170 9
233 176 17
233 217 5
233 259 6
233 262 22
233 295 2
233 317 26
234 169 8
234 180 21
234 221 48
234 238 15
234 246 10
234 260 28
234 266 44
234 284 5
234 298 18
234 309 2
234 313 6
235 22 1
235 40 14
235 191 31
235 196 6
235 226 11
235 250 5
235 276 21
235 344 19
236 15 2
236 21 28
236 29 24
236 46 5
236 68 17
236 82 11
236 117 25
236 121 48
236 177 11
236 183 9
236 206 29
236 261 19
236 265 17
236 268 1
236 277 11
236 318 16
236 325 32
237 13 3
237 17 8
237 29 4
237 65 2
237 125 8
237 141 18
237 195 4
237 223 21
237 249 21
237 255 3
237 263 8
237 316 30
237 321 5
237 330 17
238 132 7
238 169 19
238 180 38
238 221 40
238 228 19
238 234 4
238 246 44
238 266 27
238 284 14
238 298 30
238 304 17
238 316 12
239 47 38
239 81 4
239 88 9
239 90 15
239 160 19
239 162 17
239 184 22
239 186 10
239 197 16
239 229 27
239 275 6
239 283 11
239 306 15
239 320 11
239 321 17
239 327 17
239 334 40
240 1 7
240 121 13
240 182 5
240 249 22
240 252 10
240 268 15
240 269 6
240 314 5
240 328 3
240 343 12
240 345 25
241 272 21
241 274 13
241 323 68
241 325 19
241 334 9
241 335 27
241 336 41
241 339 33
241 340 14
241 342 5
242 33 13
242 39 5
242 162 5
242 284 5
242 307 16
242 312 2
242 333 4
243 22 28
243 24 20
243 85 12
243 97 9
243 191 8
243 196 9
243 235 3
243 250 8
243 253 5
243 316 12
243 343 10
244 21 9
244 29 14
244 58 26
244 82 1
244 98 5
244 108 15
244 166 10
244 177 3
244 193 9
244 216 4
244 245 17
244 291 3
244 319 13
244 334 21
245 29 30
245 37 1
245 98 2
245 181 10
245 193 20
245 195 26
245 204 10
245 230 22
245 332 8
245 335 8
246 79 28
246 136 19
246 169 5
246 180 16
246 266 15
246 284 5
246 321 1
247 58 1
247 79 6
247 85 16
247 143 13
247 153 9
247 182 15
247 294 25
247 299 12
247 329 3
248 17 9
248 25 4
248 55 3
248 63 16
248 83 5
248 96 9
248 165 7
248 195 12
248 198 11
248 205 11
248 213 31
248 237 8
248 297 10
248 316 10
248 317 22
248 333 11
249 1 23
249 98 13
249 207 7
249 209 5
249 252 9
249 268 12
249 269 21
249 304 26
249 343 28
249 345 16
250 22 8
250 24 12
250 32 10
250 191 10
250 196 21
250 235 8
250 243 12
250 253 12
250 262 8
250 285 1
250 344 29
251 40 4
251 54 4
251 200 18
251 217 6
251 225 4
251 243 11
251 258 5
251 271 25
251 280 23
251 315 13
252 1 30
252 19 23
252 153 4
252 155 18
252 249 25
252 268 23
252 269 2
252 270 1
252 272 14
252 304 2
252 343 13
252 345 21
253 22 14
253 235 13
253 243 3
253 250 3
253 345 5
254 59 2
254 186 8
254 198 7
254 203 12
254 273 29
254 282 5
254 286 8
254 291 19
254 298 7
254 313 21
255 79 11
255 147 4
255 153 34
255 182 12
255 247 21
255 277 5
255 294 20
255 299 20
255 310 7
255 329 16
255 330 13
255 337 10
256 1 21
256 75 27
256 81 8
256 198 38
256 203 31
256 254 25
256 264 12
256 273 38
256 282 26
256 286 22
256 291 35
256 308 29
256 309 11
257 57 6
257 107 8
257 124 34
257 143 37
257 181 23
257 215 8
257 265 22
257 283 5
257 288 6
257 293 19
257 311 10
257 318 7
257 332 18
258 22 2
258 100 2
258 176 8
258 200 3
258 225 16
258 276 16
258 280 1
258 315 21
259 35 12
259 100 3
259 129 2
259 208 10
259 214 1
259 227 25
259 233 10
259 315 8
259 344 13
260 6 9
260 10 41
260 26 41
260 28 31
260 30 4
260 60 19
260 74 9
260 114 15
260 132 21
260 190 5
260 211 11
260 222 23
260 232 14
260 278 10
260 292 5
260 323 23
261 47 40
261 98 15
261 126 44
261 215 1
261 216 24
261 311 3
261 331 16
261 338 10
262 40 15
262 41 14
262 189 10
262 287 4
262 344 12
263 33 10
263 136 27
263 206 1
263 242 10
263 270 5
263 307 26
263 312 20
263 314 7
263 322 7
263 329 12
264 198 18
264 203 13
264 254 23
264 256 1
264 266 18
264 273 29
264 282 65
264 286 23
264 291 16
264 296 9
264 297 5
264 309 12
264 346 13
265 75 5
265 86 20
265 124 9
265 143 2
265 181 13
265 199 19
265 215 12
265 257 10
265 283 1
265 311 16
265 312 13
265 338 20
266 174 4
266 282 1
267 71 36
267 165 33
267 173 27
267 199 1
267 209 3
267 219 1
267 228 26
267 274 10
267 281 27
267 302 14
268 1 14
268 19 2
268 98 14
268 105 4
268 240 12
268 249 7
268 269 5
268 304 7
268 328 9
268 343 18
268 345 20
269 1 24
269 226 13
269 240 5
269 268 6
269 304 38
269 328 6
269 343 1
269 345 7
270 33 17
270 136 7
270 141 26
270 242 20
270 297 11
270 307 25
270 312 15
270 333 9
270 339 7
271 41 14
271 54 16
271 56 10
271 67 7
271 75 7
271 114 1
271 185 2
271 189 13
271 214 11
271 223 30
271 224 1
271 233 2
271 262 33
271 295 18
272 284 1
272 336 2
272 340 7
272 342 18
273 184 17
273 198 5
273 203 16
273 282 17
273 286 34
273 291 17
273 298 2
273 309 9
273 326 6
274 241 3
274 272 25
274 323 23
274 325 13
274 335 14
274 336 21
274 339 29
274 340 6
274 341 20
274 342 36
275 2 5
275 139 5
275 140 4
275 144 5
275 194 22
275 213 14
275 220 3
275 221 14
275 224 4
275 281 13
276 54 11
276 176 3
276 208 1
276 251 19
276 259 18
276 287 14
276 344 8
277 47 8
277 71 12
277 111 3
277 193 7
277 210 10
277 293 25
277 306 5
277 308 2
277 319 37
277 336 8
278 26 7
278 71 4
278 114 10
278 132 4
278 190 10
278 211 6
278 292 3
278 303 2
278 334 4
278 336 4
279 71 14
279 209 15
279 219 18
279 228 23
279 267 23
279 281 4
279 289 11
279 292 2
279 302 22
279 320 19
280 162 4
280 258 4
280 276 14
280 315 19
280 327 1
281 75 11
281 173 11
281 209 19
281 211 5
281 219 19
281 228 14
281 279 10
281 289 4
281 290 15
281 302 2
281 314 25
281 334 14
282 198 8
282 203 1
282 254 10
282 266 5
282 286 3
282 291 8
282 314 2
283 69 5
283 108 5
283 124 1
283 143 8
283 215 16
283 257 10
283 265 12
283 311 5
283 318 6
283 332 19
284 91 10
284 144 6
284 152 28
284 169 23
284 180 10
284 221 21
284 234 5
284 238 17
284 246 15
284 266 18
284 298 16
285 29 8
285 33 36
285 50 3
285 66 27
285 89 15
285 119 2
285 134 1
285 216 6
285 261 9
286 37 7
286 198 10
286 203 13
286 216 21
286 228 5
286 254 20
286 273 6
286 282 9
286 291 5
287 45 5
287 54 4
287 200 4
287 208 29
287 225 39
287 250 6
287 251 54
287 258 23
287 276 22
287 280 31
287 315 10
288 12 3
288 57 16
288 58 3
288 164 18
288 177 11
288 210 3
288 293 19
288 332 12
288 334 26
288 338 31
289 209 13
289 219 35
289 228 48
289 267 2
289 274 19
289 336 9
290 71 16
290 152 39
290 173 12
290 192 2
290 199 15
290 209 2
290 219 36
290 228 39
290 267 8
290 274 14
290 279 2
290 289 29
290 302 15
291 198 28
291 203 11
291 254 5
291 256 5
291 264 16
291 273 16
291 282 1
291 293 25
292 28 17
292 60 2
292 74 28
292 190 4
292 209 9
292 222 2
292 278 16
293 143 12
293 306 3
294 153 7
294 174 12
294 299 4
294 337 9
294 341 9
295 41 9
295 67 14
295 154 3
295 189 27
295 191 3
295 223 18
295 253 9
295 262 15
295 288 4
296 16 14
296 86 4
296 105 5
296 186 1
296 321 1
296 346 12
297 136 12
297 206 10
297 242 6
297 263 14
297 307 25
297 312 23
298 169 10
298 180 17
298 186 2
298 221 10
298 246 12
298 266 28
298 282 7
298 284 6
299 153 25
299 247 6
299 268 6
299 294 3
299 310 20
299 329 27
299 337 15
300 12 1
300 39 24
300 130 21
300 141 13
300 205 28
300 207 32
300 222 13
300 226 13
300 301 38
300 326 62
300 330 10
301 12 11
301 39 37
301 91 1
301 141 14
301 205 5
301 207 8
301 226 7
301 330 6
302 71 10
302 154 10
302 173 8
302 198 4
302 199 9
302 209 9
302 213 3
302 220 5
302 228 9
302 267 7
302 279 9
302 289 5
302 305 12
302 314 11
303 21 11
303 26 11
303 60 2
303 74 29
303 132 12
303 181 6
303 190 20
303 260 4
303 272 24
303 278 10
303 281 2
303 286 4
303 292 4
304 1 17
304 19 6
304 240 7
304 252 2
304 268 6
304 345 8
305 3 2
305 73 22
305 127 21
305 140 1
305 165 25
305 201 7
305 217 16
305 346 5
306 112 9
306 183 4
306 193 5
306 210 10
306 230 2
306 277 7
306 293 35
306 308 30
306 319 28
307 136 2
307 242 4
307 312 3
307 322 3
307 341 15
307 344 10
308 75 1
308 193 23
308 277 3
308 293 35
308 319 19
309 62 23
309 198 66
309 203 36
309 254 20
309 273 27
309 282 13
309 286 14
309 291 34
310 79 21
310 153 38
310 182 9
310 247 27
310 294 42
310 299 19
310 329 16
310 337 25
311 124 3
311 136 13
311 181 5
311 215 24
311 216 13
311 245 6
311 257 1
311 318 22
311 332 8
312 33 7
312 136 4
312 242 14
312 322 3
312 341 15
313 6 6
313 161 22
313 173 2
313 192 19
313 296 7
314 174 4
314 302 2
314 341 7
314 344 21
315 40 3
315 54 4
315 251 7
315 276 13
315 280 13
316 40 21
316 63 2
316 295 4
317 32 6
317 40 10
317 97 21
317 168 6
317 271 3
318 124 26
318 143 30
318 181 21
318 215 23
318 216 17
318 265 14
318 283 21
318 303 27
318 311 19
318 332 35
319 8 14
319 112 3
319 124 14
319 193 4
319 210 2
319 283 14
319 293 34
319 308 6
320 10 7
320 62 17
320 81 20
320 90 9
320 136 23
320 160 33
320 184 38
320 197 26
320 229 22
320 234 16
320 239 1
320 296 15
320 309 13
320 327 7
321 32 14
321 55 1
321 65 1
321 69 4
321 125 13
321 127 16
321 128 1
321 195 15
321 248 9
321 254 7
321 316 23
322 33 14
322 136 10
322 206 1
322 230 7
322 242 24
322 263 18
322 270 20
322 297 17
322 312 13
322 333 8
323 221 2
323 272 20
323 336 3
323 340 13
323 342 15
324 16 6
324 73 19
324 84 4
324 86 4
324 87 15
324 105 8
324 139 48
324 159 1
324 186 7
324 229 20
324 296 5
324 298 18
324 316 6
325 220 2
325 272 8
325 323 27
325 335 5
325 336 1
325 339 6
325 340 32
325 342 34
326 39 22
326 205 10
326 226 2
326 301 14
326 330 1
326 345 11
327 81 2
327 90 4
327 160 11
327 197 18
327 229 2
327 239 4
327 259 4
327 294 3
328 1 13
328 19 11
328 135 15
328 240 7
328 249 26
328 252 6
328 268 7
328 304 23
328 340 4
328 343 27
328 345 27
329 79 3
329 182 7
329 194 8
329 294 15
329 305 17
329 337 9
330 39 29
330 205 9
330 207 1
330 226 8
330 300 11
330 301 1
330 326 5
330 336 28
331 47 32
331 126 71
331 278 8
332 57 10
332 177 5
332 288 6
332 333 2
332 338 17
333 33 8
333 195 6
333 206 25
333 242 3
333 263 16
333 297 7
333 307 39
333 312 10
334 33 10
334 75 7
334 344 35
335 272 18
335 274 11
335 323 2
335 325 2
335 336 30
335 339 22
335 340 17
335 342 23
336 272 11
336 323 9
336 325 4
336 339 10
336 340 3
336 342 29
337 153 7
337 182 27
337 247 3
337 255 2
337 269 2
337 299 5
337 329 20
338 57 4
338 177 8
338 216 3
339 272 9
339 323 10
339 336 1
339 340 12
339 342 30
340 272 20
340 274 6
340 323 6
340 335 18
340 336 8
340 339 13
340 342 18
341 174 18
341 312 7
341 314 6
342 241 5
342 272 21
342 323 10
342 340 16
343 1 8
343 304 25
344 225 10
345 1 10
345 249 6
345 328 2
345 343 5
346 16 1
346 105 14
346 296 9
346 324 8
