0 6 24
0 34 19
0 56 63
0 88 34
0 95 12
0 96 21
0 120 4
0 122 21
0 130 24
0 135 34
0 144 36
0 163 25
0 192 21
0 195 8
0 228 5
0 231 27
0 327 32
1 2 4
1 4 27
1 47 7
1 94 9
1 113 7
1 115 7
1 123 14
1 139 37
1 152 14
1 156 17
1 225 16
1 279 11
1 291 39
1 337 21
1 344 47
2 0 6
2 31 35
2 32 42
2 47 7
2 48 51
2 55 20
2 57 21
2 60 4
2 77 63
2 103 51
2 155 9
2 158 13
2 213 13
2 226 18
2 227 12
2 252 28
2 287 20
2 291 30
2 303 16
2 345 40
3 0 22
3 1 16
3 21 5
3 26 21
3 42 46
3 43 5
3 45 17
3 59 31
3 71 7
3 75 17
3 76 13
3 78 19
3 91 18
3 99 15
3 117 13
3 123 16
3 136 12
3 153 1
3 156 32
3 157 17
3 182 2
3 223 25
3 245 40
3 257 32
3 293 24
3 331 34
4 8 2
4 13 12
4 17 2
4 22 14
4 43 4
4 94 14
4 104 3
4 113 5
4 131 7
4 158 13
4 232 21
4 237 16
4 242 17
4 249 16
4 269 22
4 295 18
4 299 17
4 344 35
5 104 28
5 168 13
5 177 6
5 178 23
5 196 1
5 219 11
5 222 10
5 245 13
5 249 19
5 258 27
5 269 14
5 270 25
5 295 28
5 308 20
6 41 19
6 56 29
6 69 39
6 95 17
6 96 36
6 120 19
6 130 4
6 144 26
6 167 3
6 192 27
6 195 5
6 217 3
6 231 10
6 248 52
6 300 9
6 303 42
6 316 22
6 338 17
7 27 4
7 41 35
7 49 7
7 74 13
7 172 12
7 214 5
7 246 3
7 303 18
7 335 25
7 339 37
7 345 62
8 7 9
8 27 19
8 41 19
8 92 1
8 108 15
8 172 1
8 176 15
8 191 4
8 214 9
8 295 20
8 298 21
8 335 16
8 340 35
9 186 5
9 199 6
9 211 7
9 212 6
9 229 5
9 279 10
9 289 9
9 297 5
9 312 10
9 317 28
9 343 16
9 344 14
10 6 3
10 7 23
10 34 21
10 52 16
10 74 11
10 83 36
10 97 5
10 114 2
10 118 38
10 119 13
10 145 34
10 162 28
10 169 4
10 190 2
10 202 2
10 263 26
10 301 31
10 322 16
10 332 30
11 46 4
11 102 33
11 105 18
11 174 36
11 205 14
11 215 12
11 244 7
11 277 9
11 286 32
11 300 23
11 327 3
11 333 23
11 335 36
12 29 19
12 110 13
12 111 3
12 180 19
12 183 16
12 234 13
12 244 7
12 266 6
12 271 2
12 285 12
12 292 29
12 305 37
12 342 15
13 1 4
13 17 6
13 59 5
13 66 17
13 74 9
13 92 13
13 113 5
13 152 20
13 227 4
13 263 12
13 265 57
13 283 31
13 293 28
13 346 26
14 42 13
14 122 3
14 197 9
14 283 34
14 293 4
14 336 7
14 346 2
15 6 13
15 20 66
15 29 18
15 69 26
15 89 6
15 114 22
15 115 6
15 130 30
15 132 10
15 167 60
15 183 5
15 209 4
15 210 33
15 217 16
15 234 57
15 250 37
15 280 61
15 285 34
15 306 17
15 322 56
15 323 16
16 46 11
16 64 12
16 76 3
16 104 14
16 109 2
16 127 10
16 137 4
16 159 8
16 188 22
16 193 37
16 197 14
16 201 5
16 249 10
16 255 12
16 263 14
16 319 16
16 337 29
16 341 42
17 1 19
17 4 3
17 13 16
17 44 9
17 74 11
17 92 23
17 98 1
17 106 11
17 113 8
17 158 13
17 178 39
17 184 29
17 187 8
17 249 36
17 255 17
17 269 22
17 270 22
17 275 40
17 291 43
17 315 3
18 62 1
18 93 53
18 104 23
18 164 21
18 176 18
18 178 11
18 186 15
18 249 10
18 275 38
18 291 32
18 295 23
18 298 17
18 319 56
18 337 52
18 344 11
19 10 7
19 34 3
19 69 24
19 83 11
19 114 25
19 118 10
19 147 11
19 181 34
19 197 11
19 240 2
19 260 24
19 338 16
20 19 15
20 51 1
20 134 5
20 148 18
20 167 6
20 197 22
20 210 24
20 250 26
20 272 8
20 280 26
20 341 17
21 28 6
21 33 19
21 41 26
21 42 17
21 71 8
21 78 16
21 86 9
21 91 9
21 117 12
21 123 18
21 145 14
21 153 11
21 159 9
21 182 7
21 220 9
21 221 28
21 331 14
22 1 42
22 6 11
22 13 23
22 16 42
22 17 34
22 18 25
22 21 9
22 34 21
22 44 21
22 62 37
22 78 9
22 92 29
22 94 20
22 106 23
22 107 35
22 113 10
22 146 18
22 152 12
22 158 14
22 187 21
22 269 34
22 336 59
22 337 45
23 16 6
23 62 8
23 76 1
23 77 30
23 101 2
23 109 21
23 137 7
23 164 14
23 193 3
23 201 11
23 226 2
23 245 5
23 310 18
23 329 23
24 33 17
24 40 9
24 67 16
24 112 21
24 191 6
24 194 26
24 201 8
24 233 18
24 282 9
24 293 7
24 299 19
24 302 16
24 313 21
24 334 29
25 32 3
25 84 9
25 93 3
25 142 16
25 159 22
25 179 3
25 219 18
25 237 3
25 252 13
25 275 4
25 283 16
25 320 13
26 3 7
26 21 3
26 22 12
26 28 16
26 39 33
26 43 23
26 58 8
26 59 9
26 71 12
26 75 20
26 78 7
26 91 13
26 95 8
26 98 7
26 123 25
26 127 1
26 157 27
26 164 19
26 182 17
26 188 10
26 204 21
26 230 16
26 302 27
27 7 13
27 31 3
27 74 5
27 82 15
27 106 7
27 126 8
27 136 2
27 170 14
27 172 6
27 236 17
27 238 3
27 242 8
27 276 17
27 319 21
28 13 7
28 14 34
28 63 21
28 70 8
28 137 13
28 197 20
28 218 21
28 221 8
28 223 49
28 283 33
28 290 18
28 299 10
28 336 15
28 346 26
29 12 8
29 115 11
29 160 18
29 166 17
29 178 13
29 267 19
29 288 8
29 292 1
29 330 25
30 12 24
30 29 16
30 100 14
30 121 20
30 183 24
30 210 7
30 218 12
30 234 22
30 264 12
30 292 10
31 12 7
31 17 2
31 32 8
31 47 5
31 57 11
31 155 11
31 170 11
31 196 14
31 211 35
31 226 25
31 227 7
31 229 19
31 291 46
31 312 27
32 57 6
32 58 10
32 227 6
32 267 18
32 300 8
32 313 23
32 344 23
32 346 48
33 24 10
33 40 17
33 59 9
33 65 33
33 112 3
33 156 13
33 162 12
33 179 8
33 191 20
33 194 1
33 220 16
33 221 9
33 233 19
33 235 22
33 239 16
33 284 5
33 334 24
34 19 1
34 114 7
34 126 11
34 132 19
34 224 20
34 226 10
34 264 2
34 277 31
34 285 20
34 330 22
34 339 41
34 342 31
35 0 15
35 10 6
35 11 30
35 19 20
35 34 37
35 36 25
35 45 2
35 62 35
35 83 38
35 99 5
35 109 25
35 114 23
35 118 13
35 127 32
35 145 12
35 159 36
35 168 37
35 169 18
35 190 40
35 227 11
35 231 12
35 257 30
35 311 50
35 345 67
36 10 9
36 19 23
36 34 4
36 83 19
36 96 17
36 97 15
36 101 8
36 108 13
36 114 23
36 118 15
36 119 19
36 143 22
36 145 9
36 169 23
36 172 13
36 189 38
36 190 10
36 209 15
36 213 29
36 221 10
36 248 32
36 338 14
37 9 34
37 81 9
37 85 7
37 103 7
37 141 9
37 162 18
37 196 7
37 199 5
37 211 1
37 212 35
37 229 30
37 232 30
37 240 8
37 245 14
37 251 9
37 258 3
37 270 2
37 297 6
37 309 6
37 317 20
38 1 2
38 7 31
38 8 5
38 21 3
38 27 20
38 32 17
38 41 26
38 49 10
38 65 29
38 74 21
38 82 40
38 131 21
38 136 20
38 170 15
38 172 17
38 187 13
38 188 9
38 202 43
38 213 24
38 240 2
38 262 44
38 268 10
38 309 16
38 319 37
39 77 11
39 133 4
39 140 19
39 173 35
39 202 4
39 203 15
39 223 17
39 235 16
39 239 14
39 265 17
39 293 5
39 299 13
39 323 9
39 331 21
39 336 15
40 32 5
40 52 12
40 65 9
40 112 18
40 133 6
40 151 13
40 283 17
40 313 34
40 328 3
40 334 23
41 7 11
41 27 2
41 63 4
41 149 20
41 165 17
41 171 11
41 186 11
41 267 11
41 288 23
41 318 8
41 329 3
42 13 1
42 80 6
42 122 2
42 156 22
42 201 3
42 202 22
42 221 2
42 223 6
42 286 6
42 290 33
42 303 3
42 310 12
42 328 21
42 331 10
43 21 2
43 26 3
43 59 33
43 75 11
43 78 2
43 91 4
43 97 10
43 123 23
43 143 25
43 175 23
43 182 11
43 188 21
43 205 27
43 227 14
43 259 20
43 289 26
43 291 40
43 325 46
44 1 21
44 4 33
44 13 16
44 17 9
44 22 7
44 24 29
44 32 12
44 92 25
44 106 2
44 113 22
44 158 13
44 176 38
44 236 13
44 254 11
44 269 34
44 290 27
44 314 51
44 341 43
45 63 12
45 85 15
45 86 6
45 108 20
45 125 9
45 139 3
45 146 29
45 168 33
45 185 15
45 198 19
45 230 13
45 247 13
45 255 20
45 257 31
45 271 25
45 281 12
45 296 30
45 305 41
45 311 32
45 332 29
46 11 6
46 105 10
46 133 9
46 174 9
46 205 15
46 300 17
46 321 6
46 327 4
46 333 34
46 346 24
47 31 10
47 32 14
47 48 8
47 55 30
47 57 13
47 60 9
47 107 4
47 155 7
47 196 12
47 222 13
47 226 25
47 227 17
47 257 31
47 263 38
47 279 30
47 301 19
47 304 22
47 317 13
47 321 39
48 2 11
48 14 36
48 31 2
48 32 23
48 52 30
48 55 4
48 57 28
48 60 27
48 66 30
48 88 25
48 98 9
48 155 16
48 168 37
48 193 23
48 226 47
48 229 41
48 246 40
49 7 2
49 8 20
49 27 4
49 32 18
49 36 12
49 41 23
49 74 9
49 81 15
49 86 28
49 125 2
49 172 10
49 175 44
49 198 22
49 238 15
49 281 28
49 288 16
49 335 37
50 61 12
50 77 39
50 81 14
50 225 29
50 250 2
50 282 13
50 293 2
50 323 9
50 336 5
50 346 9
51 12 13
51 53 7
51 56 13
51 100 29
51 111 10
51 183 3
51 234 13
51 244 37
51 253 15
51 272 58
51 285 23
51 306 15
51 342 24
52 7 3
52 84 7
52 105 11
52 112 9
52 156 4
52 239 17
52 256 50
52 260 33
52 274 1
52 284 17
52 289 41
52 303 13
52 313 32
52 315 12
52 324 26
52 328 15
52 341 33
53 20 7
53 29 6
53 51 11
53 100 26
53 134 15
53 147 4
53 149 11
53 166 22
53 167 11
53 234 7
53 244 3
53 271 6
53 272 9
53 280 24
53 285 21
53 288 28
53 292 24
53 306 9
53 342 7
54 13 12
54 34 3
54 72 17
54 124 15
54 132 19
54 134 6
54 138 21
54 142 9
54 154 18
54 161 9
54 179 26
54 186 31
54 200 19
54 224 40
54 226 17
54 229 7
54 250 18
54 255 6
54 342 23
55 4 12
55 31 5
55 32 32
55 34 2
55 60 8
55 117 14
55 144 8
55 205 30
55 226 17
55 227 21
55 229 22
55 256 25
55 275 16
55 277 7
55 278 9
55 282 20
55 330 23
56 20 13
56 95 11
56 96 8
56 148 31
56 195 20
56 231 2
56 257 12
56 271 23
56 285 6
56 338 20
56 339 28
56 341 51
57 55 30
57 67 12
57 92 3
57 227 4
57 245 19
57 302 19
57 308 2
57 328 16
57 336 15
57 337 47
58 3 10
58 21 10
58 37 12
58 43 7
58 59 2
58 71 25
58 78 17
58 91 5
58 123 29
58 141 25
58 154 13
58 157 3
58 182 13
58 196 3
58 204 18
58 245 24
58 251 16
58 254 11
58 290 15
58 310 25
59 14 16
59 21 15
59 46 2
59 78 15
59 123 13
59 133 11
59 137 13
59 151 42
59 182 17
59 197 9
59 243 4
59 346 43
60 2 3
60 9 20
60 31 16
60 32 22
60 47 12
60 48 20
60 55 8
60 57 24
60 66 11
60 82 1
60 94 11
60 153 15
60 155 3
60 172 8
60 181 25
60 193 25
60 199 26
60 212 36
60 226 34
60 227 10
60 279 24
60 312 27
61 14 13
61 42 13
61 50 28
61 67 18
61 197 7
61 202 11
61 204 1
61 223 12
61 235 30
61 239 13
61 245 8
61 282 44
61 283 22
61 293 12
61 323 21
61 346 39
62 18 10
62 25 27
62 93 45
62 140 11
62 219 8
62 249 2
62 275 5
62 291 21
62 298 14
62 319 8
62 337 37
63 70 13
63 73 2
63 100 30
63 184 12
63 255 11
63 288 13
63 305 14
64 23 12
64 76 19
64 93 44
64 101 4
64 109 4
64 126 26
64 127 17
64 133 9
64 136 3
64 137 9
64 142 7
64 177 26
64 190 7
64 193 10
64 201 28
64 203 12
64 207 2
64 214 1
64 219 2
64 263 5
64 269 26
64 314 13
65 24 8
65 50 7
65 112 4
65 191 9
65 193 8
65 194 18
65 203 15
65 214 14
65 233 16
65 310 8
65 324 15
65 328 12
65 334 26
66 166 34
66 175 36
66 199 8
66 206 2
66 241 26
66 248 19
66 250 16
66 304 1
67 14 5
67 39 11
67 50 13
67 80 8
67 197 6
67 202 11
67 223 5
67 282 18
67 293 12
67 299 3
67 323 16
67 346 36
68 12 3
68 70 11
68 118 12
68 144 13
68 164 7
68 185 7
68 276 39
68 324 10
69 68 16
69 111 12
69 180 9
69 276 30
69 292 5
69 307 11
70 68 16
70 69 1
70 163 1
70 180 3
70 183 7
70 192 11
70 276 8
70 290 3
70 305 3
71 50 15
71 58 3
71 59 15
71 78 9
71 93 27
71 99 10
71 117 3
71 123 17
71 140 38
71 157 7
71 182 8
71 188 3
71 194 2
71 202 33
71 239 29
71 263 18
71 265 40
72 14 20
72 24 10
72 33 33
72 40 26
72 65 58
72 112 40
72 156 29
72 191 18
72 193 17
72 194 19
72 233 29
72 243 6
72 277 16
72 320 34
72 334 44
73 7 13
73 100 12
73 134 2
73 136 1
73 225 12
73 236 1
73 237 4
73 242 8
73 281 3
73 294 2
73 305 12
73 318 2
73 345 16
74 8 9
74 27 1
74 38 6
74 41 9
74 64 18
74 75 3
74 109 10
74 136 6
74 170 4
74 171 18
74 184 24
74 295 24
74 314 30
74 327 4
74 340 38
75 21 7
75 26 8
75 37 22
75 58 9
75 59 6
75 68 9
75 69 20
75 86 4
75 92 17
75 123 9
75 157 8
75 182 13
75 219 8
75 236 20
75 247 6
75 284 19
75 308 7
76 23 24
76 109 11
76 162 27
76 164 32
76 193 3
76 201 16
76 207 7
76 213 10
76 233 7
76 263 1
76 296 23
76 310 26
77 61 5
77 67 5
77 202 12
77 204 7
77 235 2
77 282 2
77 293 8
77 302 4
77 323 27
77 346 26
78 14 3
78 21 22
78 27 10
78 72 9
78 75 16
78 76 1
78 80 8
78 117 1
78 127 7
78 157 2
78 159 12
78 182 20
78 188 19
78 201 17
78 239 13
78 346 36
79 29 9
79 56 5
79 68 27
79 69 37
79 70 20
79 87 5
79 107 19
79 111 26
79 121 19
79 163 15
79 217 22
79 243 11
79 244 21
79 273 32
79 276 44
79 292 7
79 307 25
79 310 28
79 313 48
80 42 19
80 151 9
80 156 17
80 202 21
80 203 19
80 221 25
80 223 3
80 265 14
80 289 18
80 290 6
80 299 9
80 310 20
80 323 24
80 328 26
80 331 11
81 120 24
81 150 12
81 160 41
81 165 11
81 267 15
81 278 37
81 301 3
81 311 5
81 316 12
81 329 25
82 7 7
82 8 26
82 16 17
82 27 9
82 35 8
82 38 9
82 41 15
82 45 7
82 49 11
82 74 34
82 105 12
82 131 29
82 136 1
82 172 7
82 178 17
82 182 4
82 214 16
82 215 21
82 250 19
82 255 39
82 256 21
82 319 75
83 19 15
83 34 7
83 81 7
83 89 8
83 118 11
83 119 7
83 120 4
83 143 39
83 144 13
83 160 23
83 167 10
83 246 2
83 258 21
83 267 19
83 288 1
84 219 22
84 220 6
84 240 11
84 252 3
84 284 8
84 320 18
84 328 5
85 7 1
85 27 16
85 63 11
85 73 18
85 86 4
85 98 10
85 105 22
85 125 6
85 128 12
85 139 2
85 146 10
85 157 17
85 185 9
85 215 1
85 230 30
85 238 25
85 247 1
85 255 8
85 258 3
85 294 18
85 324 31
86 8 10
86 63 26
86 156 4
86 185 10
86 224 9
86 230 8
86 247 16
86 255 11
86 263 17
86 274 13
86 275 24
86 313 9
87 12 51
87 15 10
87 29 55
87 30 30
87 88 31
87 110 36
87 115 11
87 154 10
87 166 40
87 180 17
87 183 63
87 261 23
87 273 18
87 285 33
87 292 35
87 306 18
87 309 7
88 143 18
88 180 1
88 264 8
88 265 8
88 278 14
88 305 6
88 330 5
88 345 15
89 45 5
89 63 14
89 85 2
89 86 59
89 118 15
89 125 10
89 139 4
89 146 36
89 147 19
89 162 37
89 185 7
89 198 26
89 230 13
89 247 15
89 255 24
89 256 15
89 273 21
89 280 11
89 338 18
89 345 60
90 25 15
90 64 8
90 84 59
90 115 9
90 118 13
90 142 12
90 159 13
90 207 2
90 219 47
90 220 22
90 230 1
90 232 17
90 237 29
90 252 14
90 255 8
90 262 19
90 274 26
90 284 11
90 320 30
91 25 1
91 26 5
91 43 4
91 44 9
91 49 12
91 59 11
91 71 10
91 75 25
91 78 10
91 101 6
91 109 18
91 117 18
91 123 26
91 153 7
91 157 4
91 182 27
91 188 8
91 193 8
91 201 38
91 235 23
91 262 19
91 320 34
91 336 38
92 1 15
92 4 20
92 13 6
92 65 33
92 85 9
92 106 7
92 113 18
92 206 21
92 213 11
92 219 2
92 265 31
92 278 19
92 284 26
92 314 13
93 173 7
93 176 12
93 291 19
93 298 10
93 337 7
94 1 13
94 4 8
94 13 7
94 17 5
94 92 12
94 104 40
94 106 11
94 107 2
94 113 9
94 206 20
94 219 11
94 255 31
94 269 15
94 298 23
94 341 24
95 0 19
95 6 23
95 11 18
95 51 4
95 56 14
95 69 15
95 96 35
95 120 25
95 121 35
95 129 5
95 130 6
95 144 65
95 169 9
95 181 12
95 218 47
95 231 29
95 244 56
95 292 10
96 30 12
96 68 37
96 120 5
96 130 20
96 144 4
96 195 11
96 234 6
96 244 24
96 280 7
96 304 19
96 329 9
96 339 28
97 16 26
97 23 36
97 37 16
97 41 24
97 67 40
97 76 21
97 101 9
97 109 6
97 126 2
97 136 12
97 137 7
97 179 13
97 193 36
97 201 74
97 207 11
97 240 3
97 251 26
97 263 8
97 297 44
98 2 8
98 9 21
98 55 13
98 72 17
98 97 1
98 128 41
98 129 49
98 135 5
98 189 16
98 200 4
98 213 20
98 231 2
98 251 41
98 259 29
98 279 22
98 308 11
98 326 47
99 14 33
99 28 45
99 78 5
99 109 3
99 122 6
99 143 6
99 151 8
99 172 4
99 193 12
99 197 39
99 223 47
99 262 7
99 263 13
99 283 52
99 317 18
99 336 20
99 346 26
100 120 2
100 148 2
100 218 13
100 234 7
100 285 18
100 305 10
101 5 16
101 9 24
101 16 28
101 25 1
101 76 17
101 84 5
101 97 25
101 106 4
101 109 14
101 137 25
101 142 8
101 179 10
101 201 16
101 203 18
101 221 14
101 240 7
101 263 28
101 291 19
102 11 3
102 131 10
102 229 3
102 238 2
102 248 3
102 254 30
102 277 5
102 296 46
102 309 1
102 317 10
102 330 14
102 343 29
103 9 9
103 141 9
103 211 14
103 229 12
103 232 3
103 233 17
103 252 11
103 257 4
103 289 25
103 296 10
103 317 31
103 330 12
104 177 22
104 184 11
104 269 5
104 270 5
104 287 5
104 308 7
104 337 5
105 5 4
105 7 9
105 46 6
105 174 23
105 178 6
105 205 41
105 286 43
105 287 2
105 300 8
105 321 31
105 327 25
105 333 15
106 1 23
106 4 5
106 13 5
106 16 9
106 17 2
106 22 4
106 25 8
106 44 5
106 46 11
106 72 13
106 94 21
106 177 31
106 195 26
106 221 18
106 286 25
106 324 41
106 338 12
106 341 35
107 19 4
107 45 8
107 68 35
107 69 6
107 70 44
107 79 26
107 96 5
107 111 31
107 118 14
107 121 30
107 155 13
107 180 19
107 234 42
107 276 25
107 304 35
107 308 12
107 339 18
108 23 9
108 66 32
108 102 3
108 131 14
108 166 31
108 175 27
108 206 4
108 224 6
108 241 39
108 248 50
108 257 24
108 264 26
108 304 10
109 39 12
109 65 9
109 133 13
109 137 1
109 201 7
109 202 13
109 230 2
109 263 17
109 284 3
109 308 14
109 336 19
110 12 15
110 29 11
110 30 17
110 87 22
110 115 6
110 149 3
110 167 5
110 183 16
110 185 5
110 228 6
110 240 12
110 243 3
110 267 28
110 278 39
110 281 20
110 288 21
110 292 7
110 329 32
111 68 6
111 69 8
111 70 17
111 100 4
111 107 8
111 117 2
111 180 21
111 195 8
111 218 15
111 276 19
111 342 23
112 33 6
112 40 15
112 84 16
112 194 23
112 201 24
112 233 14
112 236 7
112 239 10
112 265 12
112 302 7
112 334 25
113 48 5
113 74 15
113 92 12
113 94 22
113 106 2
113 152 12
113 219 7
113 230 20
113 236 18
113 256 21
113 274 18
113 276 23
113 300 29
113 315 37
113 321 19
113 333 20
113 344 30
114 118 17
114 120 6
114 146 4
114 165 18
114 166 33
114 167 13
114 190 15
114 195 3
114 241 22
114 278 28
114 289 14
114 300 27
114 330 35
114 332 16
115 12 6
115 29 6
115 30 25
115 66 20
115 110 11
115 121 9
115 146 31
115 183 4
115 185 13
115 234 3
115 271 14
115 273 18
115 292 33
115 323 13
116 0 8
116 15 6
116 20 24
116 29 12
116 68 4
116 83 15
116 101 2
116 110 29
116 167 23
116 169 3
116 179 5
116 209 10
116 210 17
116 240 25
116 250 24
116 253 16
116 272 39
116 273 27
116 280 32
116 329 24
117 21 8
117 26 14
117 58 20
117 59 15
117 71 12
117 75 4
117 77 23
117 86 18
117 108 23
117 126 12
117 133 32
117 153 2
117 157 18
117 182 10
117 187 20
117 205 21
117 231 11
117 275 19
117 285 10
117 286 18
118 7 20
118 34 5
118 53 1
118 130 17
118 145 9
118 149 11
118 175 24
118 190 5
118 204 24
118 289 34
118 329 21
119 10 7
119 19 12
119 34 5
119 35 8
119 36 4
119 83 29
119 109 15
119 114 19
119 118 35
119 132 11
119 144 1
119 150 6
119 163 16
119 169 7
119 210 22
119 216 22
119 218 22
119 260 18
119 266 14
119 322 32
119 338 15
120 0 16
120 19 5
120 56 27
120 96 4
120 130 11
120 137 7
120 143 15
120 180 35
120 183 8
120 195 11
120 339 14
121 30 30
121 48 5
121 56 7
121 68 38
121 69 27
121 70 35
121 111 40
121 134 10
121 173 10
121 218 17
121 231 27
121 234 6
121 276 37
122 14 17
122 28 6
122 39 14
122 50 4
122 112 7
122 193 8
122 197 37
122 199 3
122 223 25
122 269 15
122 283 44
122 323 3
122 334 19
122 336 19
123 26 3
123 50 14
123 78 12
123 117 1
123 122 14
123 182 13
123 194 24
123 262 2
123 263 8
123 265 9
123 331 9
123 334 7
124 68 2
124 69 1
124 132 5
124 161 6
124 171 5
124 186 18
124 200 24
124 211 17
124 296 21
124 326 10
124 335 19
124 343 28
125 63 16
125 73 12
125 85 14
125 86 10
125 180 16
125 185 2
125 230 37
125 242 20
125 247 3
125 255 25
125 271 4
125 318 25
126 11 8
126 23 10
126 64 5
126 76 2
126 101 5
126 102 18
126 109 3
126 114 14
126 124 10
126 193 4
126 201 27
126 207 5
126 241 7
126 263 13
126 286 10
126 296 18
126 339 36
127 9 20
127 23 16
127 57 3
127 64 4
127 71 6
127 72 4
127 76 36
127 91 10
127 97 5
127 101 8
127 109 24
127 126 6
127 137 13
127 152 11
127 193 27
127 201 17
127 207 35
127 211 6
127 229 10
127 240 22
127 263 12
127 297 24
127 320 20
127 336 15
128 129 2
128 135 4
128 186 1
128 189 37
128 213 17
128 251 36
128 258 2
128 259 7
128 264 9
128 279 6
128 305 11
128 326 26
128 342 26
129 11 9
129 128 13
129 135 38
129 189 18
129 199 16
129 213 9
129 244 5
129 251 16
129 259 5
129 268 40
129 279 6
129 281 22
129 289 41
129 317 10
129 326 53
130 0 4
130 4 2
130 6 19
130 56 27
130 63 17
130 95 17
130 110 16
130 144 10
130 231 19
130 272 17
131 102 13
131 141 2
131 191 2
131 200 3
131 232 3
131 238 20
131 254 4
131 277 2
131 309 1
131 343 23
132 31 4
132 54 9
132 124 2
132 154 2
132 161 18
132 179 19
132 196 2
132 200 30
132 224 10
132 229 14
132 262 16
132 285 5
132 291 13
133 39 11
133 77 12
133 173 18
133 299 5
133 302 14
133 320 16
133 323 24
133 331 21
133 346 3
134 51 7
134 66 3
134 73 23
134 149 22
134 160 7
134 171 5
134 181 7
134 198 9
134 215 15
134 218 1
134 225 13
134 236 10
134 242 17
134 250 3
134 281 5
134 318 16
134 338 19
135 103 2
135 128 9
135 156 12
135 189 37
135 199 18
135 211 6
135 213 18
135 245 12
135 251 19
135 259 16
135 279 17
135 297 4
135 326 3
135 330 20
135 345 20
136 7 5
136 8 17
136 27 16
136 41 14
136 47 3
136 49 3
136 74 2
136 82 13
136 123 15
136 158 16
136 172 1
136 214 7
136 291 41
136 294 22
136 295 20
136 302 16
136 324 21
136 327 18
136 333 28
137 16 5
137 25 17
137 76 7
137 84 4
137 109 9
137 122 15
137 140 12
137 201 25
137 219 5
137 221 10
137 263 6
137 299 2
137 313 18
137 328 43
138 76 3
138 124 7
138 132 20
138 154 15
138 161 4
138 162 13
138 179 13
138 186 21
138 199 13
138 200 33
138 205 16
138 210 10
138 224 3
138 296 40
138 309 9
138 312 22
138 325 24
138 326 4
139 63 23
139 76 19
139 85 7
139 86 6
139 125 13
139 141 7
139 146 6
139 160 13
139 215 3
139 230 13
139 247 16
139 255 69
139 256 16
139 294 32
139 298 33
139 310 14
140 61 3
140 84 17
140 104 6
140 133 4
140 173 6
140 203 18
140 260 3
140 299 3
140 314 3
140 331 9
140 336 6
141 37 17
141 104 12
141 108 1
141 129 5
141 138 18
141 160 25
141 199 13
141 211 16
141 212 22
141 215 13
141 229 15
141 240 14
141 254 12
141 256 11
141 297 22
141 320 16
142 16 33
142 23 9
142 25 16
142 26 4
142 84 57
142 90 3
142 139 8
142 159 11
142 204 26
142 219 18
142 220 29
142 237 29
142 252 22
142 262 23
142 274 31
142 275 32
142 314 39
142 320 40
143 81 3
143 88 4
143 265 44
143 278 6
143 305 40
143 310 12
143 312 46
143 314 12
143 330 9
143 342 28
144 6 9
144 56 22
144 92 5
144 96 2
144 120 34
144 148 16
144 195 1
144 231 11
144 244 19
144 252 4
144 307 17
144 324 30
145 1 13
145 7 11
145 19 17
145 34 14
145 47 11
145 58 16
145 63 18
145 81 6
145 83 16
145 114 40
145 118 11
145 119 22
145 187 33
145 195 19
145 208 47
145 226 25
145 270 32
145 278 62
145 316 33
145 337 32
146 19 25
146 63 15
146 73 22
146 86 25
146 111 14
146 119 21
146 125 8
146 139 20
146 141 1
146 185 6
146 206 5
146 225 32
146 230 14
146 247 10
146 255 12
146 281 14
146 330 37
146 332 53
147 30 7
147 165 6
147 216 17
147 322 18
147 325 39
147 332 7
147 338 3
147 339 1
147 340 46
147 345 50
148 9 2
148 12 8
148 163 3
148 181 12
148 208 2
148 253 33
148 261 7
148 307 20
148 341 20
149 73 3
149 134 11
149 171 1
149 242 1
149 281 7
149 309 1
149 318 1
149 325 10
149 345 16
150 81 1
150 147 22
150 160 2
150 165 7
150 185 1
150 208 10
150 226 12
150 235 14
150 246 2
150 267 14
150 278 50
150 288 9
150 301 2
150 329 5
151 24 10
151 42 21
151 61 3
151 123 6
151 156 35
151 197 12
151 202 30
151 204 2
151 212 1
151 221 34
151 265 39
151 283 5
151 290 19
151 310 9
151 317 33
151 328 51
151 334 10
152 1 4
152 4 32
152 13 1
152 14 14
152 17 11
152 27 12
152 57 2
152 92 6
152 93 25
152 94 4
152 106 6
152 113 15
152 174 11
152 176 23
152 226 6
152 269 13
152 314 35
152 328 37
152 344 42
153 2 6
153 23 29
153 26 15
153 40 23
153 43 1
153 49 10
153 58 19
153 59 14
153 71 12
153 75 19
153 78 19
153 117 2
153 121 18
153 123 34
153 139 8
153 157 9
153 169 7
153 182 16
153 187 23
153 188 3
153 213 2
153 222 19
153 260 26
154 54 9
154 83 2
154 124 22
154 132 12
154 138 12
154 147 31
154 161 15
154 167 12
154 179 12
154 186 17
154 213 15
154 224 23
154 226 17
154 235 16
154 241 21
154 264 12
154 300 27
154 345 35
155 2 22
155 22 4
155 31 15
155 32 60
155 43 9
155 44 9
155 47 18
155 55 17
155 57 17
155 60 7
155 130 4
155 226 27
155 227 24
155 257 16
155 259 10
155 304 29
155 307 48
155 325 33
155 326 36
156 197 21
156 245 5
156 302 1
156 328 20
156 336 18
156 345 16
157 21 14
157 44 12
157 59 4
157 75 8
157 117 2
157 123 8
157 147 37
157 170 9
157 180 29
157 182 5
157 188 3
157 216 7
157 240 4
157 249 17
157 287 28
157 317 24
158 1 10
158 8 4
158 13 19
158 33 5
158 43 1
158 46 39
158 81 40
158 92 19
158 94 4
158 106 2
158 113 7
158 152 5
158 172 9
158 225 20
158 237 7
158 327 26
158 333 42
158 340 47
158 343 27
159 24 4
159 84 36
159 104 24
159 112 5
159 197 5
159 219 56
159 236 4
159 237 14
159 243 11
159 252 20
159 262 11
159 290 17
159 320 23
160 63 16
160 150 7
160 198 19
160 230 3
160 246 3
160 256 1
160 278 5
160 288 1
160 301 3
160 311 8
161 8 11
161 103 14
161 115 2
161 124 5
161 126 10
161 132 19
161 138 4
161 146 8
161 179 18
161 198 11
161 200 30
161 222 17
161 224 16
161 280 10
161 281 13
161 289 17
161 343 28
162 42 1
162 256 1
162 260 19
162 284 20
162 289 2
162 313 20
162 315 20
162 324 13
162 341 24
163 68 1
163 70 27
163 100 30
163 115 3
163 148 16
163 180 27
163 181 28
163 183 12
163 187 32
163 208 24
163 217 8
163 253 15
163 261 13
163 307 16
164 248 4
164 282 18
164 314 2
164 333 25
165 160 22
165 236 13
165 238 4
165 246 10
165 267 15
165 288 1
165 311 7
165 316 9
165 322 46
165 329 32
165 332 22
166 175 3
166 241 13
166 253 11
166 288 9
167 20 6
167 63 12
167 181 18
167 247 7
167 250 11
167 278 12
167 280 23
167 331 13
168 102 10
168 131 7
168 166 7
168 238 10
168 277 5
168 287 3
168 296 23
168 311 4
168 343 22
169 10 7
169 17 9
169 19 4
169 34 4
169 48 1
169 83 17
169 114 17
169 118 18
169 119 15
169 145 16
169 190 3
169 216 25
169 222 21
169 232 12
169 247 12
169 258 19
169 266 10
169 267 26
169 342 41
170 7 17
170 8 8
170 27 12
170 41 8
170 46 40
170 49 4
170 74 10
170 79 2
170 82 28
170 112 38
170 125 36
170 130 12
170 136 12
170 172 1
170 182 13
170 190 6
170 214 3
170 215 20
170 277 13
170 287 22
171 73 30
171 170 7
171 181 1
171 198 12
171 200 6
171 214 3
171 225 44
171 228 11
171 230 14
171 236 7
171 242 45
171 259 4
171 281 21
171 294 18
171 318 12
172 7 5
172 8 12
172 10 3
172 41 36
172 46 19
172 59 9
172 74 14
172 149 28
172 205 22
172 214 5
172 227 2
172 258 15
172 277 12
172 317 17
172 332 17
173 14 8
173 28 3
173 122 4
173 140 19
173 197 16
173 235 21
173 239 7
173 283 13
173 290 8
173 299 3
173 302 20
173 331 14
173 346 6
174 5 29
174 46 6
174 105 22
174 205 9
174 255 6
174 286 17
174 287 4
174 300 33
174 319 19
174 321 28
174 327 16
174 333 44
175 149 10
175 304 15
175 318 5
175 325 5
176 62 15
176 93 10
176 222 1
176 249 3
176 298 4
176 319 8
176 333 16
177 5 5
177 105 9
177 222 2
177 238 9
177 239 17
177 254 14
177 269 13
177 270 13
177 295 32
177 308 5
177 314 4
177 339 22
178 5 1
178 25 2
178 104 3
178 176 13
178 177 63
178 184 15
178 196 2
178 222 6
178 247 1
178 249 12
178 258 32
178 269 3
178 295 27
178 308 12
178 315 15
179 114 6
179 124 2
179 132 16
179 154 1
179 161 4
179 164 15
179 186 13
179 189 20
179 200 21
179 224 4
179 281 15
179 305 29
179 324 25
180 88 7
180 181 2
180 208 13
180 271 10
180 285 3
180 307 11
181 18 7
181 30 2
181 148 4
181 180 7
181 192 7
181 218 8
181 253 30
181 261 6
181 307 5
181 316 3
182 43 1
182 54 8
182 193 7
182 223 6
182 316 17
182 326 21
182 335 8
183 12 3
183 20 23
183 29 24
183 68 32
183 110 7
183 115 10
183 148 11
183 180 11
183 264 14
183 272 6
183 273 19
183 276 8
183 292 10
184 5 3
184 88 8
184 104 5
184 177 9
184 222 15
184 258 5
184 269 8
184 283 23
184 291 4
184 295 24
184 319 6
185 45 18
185 63 25
185 81 7
185 89 18
185 118 7
185 125 8
185 139 15
185 167 24
185 171 2
185 222 23
185 247 6
185 255 32
185 294 8
185 329 32
186 20 5
186 108 13
186 124 3
186 138 7
186 171 1
186 179 6
186 198 5
186 200 21
186 206 6
186 224 24
186 259 13
186 317 1
187 30 11
187 87 13
187 128 12
187 148 25
187 163 7
187 181 15
187 192 20
187 208 2
187 231 11
187 253 2
187 276 9
187 307 16
188 3 16
188 5 27
188 7 30
188 21 15
188 52 9
188 59 22
188 62 26
188 75 21
188 78 7
188 105 13
188 123 16
188 157 8
188 171 27
188 182 9
188 206 37
188 318 15
188 333 32
189 69 3
189 129 1
189 132 3
189 156 12
189 211 2
189 233 20
189 259 5
189 299 3
189 312 18
189 326 22
190 19 47
190 27 28
190 31 13
190 34 9
190 36 6
190 56 37
190 114 32
190 119 15
190 131 15
190 142 5
190 145 5
190 164 29
190 177 43
190 235 51
190 241 34
190 278 56
190 338 18
190 343 15
191 24 9
191 33 4
191 40 29
191 72 13
191 76 6
191 86 17
191 112 26
191 138 8
191 162 11
191 204 10
191 233 12
191 259 6
191 262 7
191 313 5
191 334 35
192 69 11
192 111 5
192 148 39
192 163 14
192 181 5
192 183 4
192 184 12
192 187 7
192 208 3
192 253 11
192 261 8
192 306 9
192 307 23
193 13 4
193 76 7
193 84 7
193 101 1
193 109 15
193 137 9
193 201 13
193 203 11
193 299 2
193 336 21
194 33 2
194 39 2
194 40 13
194 50 24
194 65 11
194 80 21
194 112 28
194 191 9
194 233 13
194 235 15
194 265 11
194 334 35
195 0 3
195 6 10
195 79 11
195 82 22
195 95 29
195 100 15
195 130 6
195 144 5
195 209 11
195 211 4
195 231 25
195 253 10
195 260 31
195 285 6
196 5 5
196 27 3
196 70 8
196 74 7
196 104 33
196 140 11
196 177 15
196 178 6
196 184 22
196 218 1
196 222 11
196 258 5
196 269 47
196 270 19
196 295 14
196 308 28
196 319 26
196 322 15
197 14 8
197 104 4
197 202 2
197 223 32
197 265 31
197 283 23
197 331 10
197 336 13
197 346 15
198 73 6
198 134 11
198 149 17
198 215 2
198 225 15
198 242 21
198 266 28
198 281 8
198 296 24
198 318 2
198 339 7
198 343 14
199 9 15
199 75 3
199 103 9
199 211 8
199 212 6
199 229 6
199 277 6
199 297 12
199 317 28
199 326 19
199 330 38
199 345 4
200 54 1
200 154 3
200 224 3
200 295 17
200 312 30
200 335 4
200 343 21
201 67 10
201 80 16
202 156 2
202 201 8
202 290 6
202 310 1
202 328 6
202 334 37
203 39 33
203 50 12
203 61 8
203 77 9
203 133 22
203 173 49
203 197 6
203 265 7
203 283 8
203 299 29
203 302 45
203 314 11
203 331 24
203 334 11
204 40 19
204 50 27
204 61 5
204 67 16
204 77 31
204 235 10
204 239 19
204 245 2
204 282 27
204 302 11
204 323 41
204 346 29
205 11 2
205 125 7
205 164 11
205 233 4
205 242 15
205 286 12
205 287 2
205 300 2
205 321 6
205 333 10
206 66 5
206 108 1
206 116 9
206 131 9
206 144 2
206 166 35
206 175 51
206 190 1
206 241 28
206 248 12
206 264 20
206 304 13
206 324 21
207 13 11
207 14 21
207 16 22
207 23 8
207 24 5
207 59 4
207 61 9
207 80 17
207 101 1
207 109 7
207 119 4
207 126 16
207 137 6
207 193 38
207 201 44
207 232 5
207 243 3
207 262 1
207 263 8
207 299 17
207 308 10
208 29 10
208 111 6
208 148 2
208 180 13
208 181 8
208 187 11
208 192 2
208 235 21
208 276 13
208 334 1
209 15 18
209 20 39
209 29 24
209 70 3
209 115 13
209 116 12
209 124 9
209 166 18
209 167 25
209 188 5
209 210 12
209 217 10
209 247 14
209 250 46
209 280 40
209 299 21
209 300 30
209 306 9
210 31 2
210 41 2
210 87 1
210 150 22
210 167 29
210 209 9
210 227 16
210 250 10
210 280 28
210 285 12
210 322 40
211 9 15
211 90 16
211 102 11
211 103 14
211 178 3
211 199 18
211 212 15
211 229 9
211 243 15
211 268 1
211 286 8
211 297 3
211 299 10
211 317 52
212 37 15
212 103 17
212 128 6
212 140 10
212 141 3
212 173 7
212 191 6
212 229 12
212 232 13
212 240 18
212 275 17
212 297 16
212 317 24
213 128 14
213 129 5
213 189 22
213 251 30
213 259 1
213 268 15
213 279 9
213 317 24
213 324 14
213 326 18
214 7 2
214 27 3
214 41 17
214 49 13
214 68 9
214 74 13
214 76 52
214 129 11
214 136 6
214 142 14
214 165 15
214 170 10
214 172 8
214 175 37
214 182 31
214 185 6
214 231 18
214 274 16
214 278 25
214 339 28
215 73 39
215 134 7
215 149 9
215 160 8
215 171 11
215 225 3
215 236 9
215 242 25
215 266 5
215 281 14
215 305 30
215 312 25
215 313 18
215 318 10
216 147 10
216 321 15
216 322 25
216 325 21
216 335 1
216 339 1
216 340 9
216 345 22
217 20 26
217 70 33
217 116 13
217 130 17
217 167 22
217 183 4
217 192 8
217 209 20
217 210 9
217 250 31
217 253 5
217 261 14
217 272 41
217 280 41
218 88 13
218 100 31
218 120 51
218 148 35
218 180 4
218 181 10
218 183 1
218 208 1
218 210 3
218 234 6
218 244 16
218 291 4
218 292 2
218 306 4
219 57 11
219 84 8
219 93 20
219 104 30
219 174 20
219 220 1
219 237 7
219 252 3
219 262 6
220 25 3
220 44 6
220 62 2
220 64 7
220 90 1
220 94 10
220 112 5
220 159 8
220 219 11
220 237 3
220 243 3
220 252 12
220 262 28
220 284 1
220 314 19
220 320 13
221 32 4
221 42 20
221 80 7
221 133 10
221 156 36
221 202 58
221 204 9
221 290 26
221 310 50
221 320 13
221 328 30
221 334 16
222 5 4
222 103 7
222 104 5
222 164 7
222 177 8
222 178 7
222 184 10
222 258 17
222 270 17
222 282 14
222 289 26
222 295 25
223 14 20
223 133 14
223 203 5
223 283 12
223 302 5
223 314 11
223 323 11
223 336 5
223 346 12
224 124 14
224 131 6
224 138 10
224 143 15
224 154 14
224 161 11
224 179 5
224 181 10
224 200 7
224 237 7
224 310 1
224 342 9
225 149 6
225 215 7
225 281 15
225 324 5
225 344 10
226 32 31
226 55 13
226 57 3
226 216 29
226 224 4
226 277 5
226 297 22
226 315 13
226 344 10
227 2 9
227 21 5
227 32 24
227 48 36
227 57 9
227 135 11
227 226 21
227 260 30
227 305 22
227 338 14
228 52 9
228 102 29
228 105 4
228 131 18
228 168 54
228 177 11
228 225 13
228 238 32
228 252 28
228 254 16
228 277 76
228 296 31
228 309 41
228 312 68
228 343 56
228 344 23
229 9 14
229 103 8
229 199 2
229 211 10
229 277 28
229 289 18
229 317 6
229 330 6
229 342 21
230 25 5
230 57 3
230 63 14
230 185 3
230 256 24
230 318 3
230 335 27
231 6 2
231 20 12
231 95 1
231 96 32
231 120 19
231 130 6
231 144 4
231 180 11
231 273 32
231 276 19
231 303 17
232 77 29
232 141 5
232 191 12
232 199 4
232 211 11
232 212 10
232 224 4
232 229 14
232 240 25
232 250 9
232 269 24
232 279 20
232 297 32
232 313 17
232 317 14
232 326 12
232 338 3
233 33 12
233 40 17
233 65 16
233 125 3
233 212 2
233 242 15
233 252 4
233 293 10
233 313 16
233 334 48
234 51 1
234 100 4
234 271 7
234 285 8
234 301 4
235 50 12
235 67 3
235 77 3
235 199 9
235 282 9
235 293 1
235 323 5
235 346 28
236 73 11
236 149 13
236 156 16
236 198 15
236 215 1
236 225 21
236 242 18
236 281 3
236 294 14
236 302 12
236 318 4
237 25 4
237 84 9
237 88 7
237 103 1
237 219 5
237 252 10
237 295 20
237 313 24
237 315 15
237 327 10
238 102 15
238 162 17
238 168 11
238 254 3
238 277 18
238 295 22
238 296 3
238 343 22
239 50 9
239 67 6
239 77 9
239 140 11
239 194 6
239 204 9
239 235 8
239 245 10
239 282 4
239 293 9
239 323 15
239 346 33
240 103 10
240 129 1
240 141 12
240 199 13
240 200 24
240 211 2
240 212 25
240 229 5
240 296 16
240 297 12
240 317 8
240 329 11
241 166 3
241 175 15
241 248 4
241 264 2
241 304 9
241 305 15
241 311 11
241 312 9
241 342 7
242 149 9
242 225 10
242 230 1
242 305 12
242 316 12
243 25 27
243 37 3
243 70 12
243 84 25
243 87 3
243 90 17
243 129 3
243 142 10
243 159 20
243 219 32
243 237 21
243 247 11
243 252 12
243 320 20
244 53 16
244 100 42
244 121 4
244 234 31
244 271 3
244 276 12
244 285 35
244 306 5
244 307 9
245 50 24
245 52 3
245 61 2
245 67 25
245 77 21
245 141 2
245 204 24
245 213 8
245 235 22
245 239 8
245 251 5
245 282 17
245 293 22
245 323 24
245 345 31
245 346 10
246 81 28
246 165 11
246 261 1
246 267 20
246 288 28
246 301 30
246 310 21
246 311 20
246 313 23
246 314 4
246 316 7
246 322 27
246 332 12
247 45 10
247 63 18
247 86 22
247 173 8
247 185 11
247 230 18
247 255 5
247 305 14
247 316 8
247 321 17
247 344 28
248 164 4
248 166 27
248 175 28
248 206 2
248 241 5
248 311 21
248 344 3
249 18 14
249 62 15
249 93 37
249 176 2
249 275 35
249 291 27
249 298 14
249 300 12
249 337 25
250 12 26
250 53 6
250 111 6
250 143 12
250 210 6
250 217 2
250 280 9
251 77 9
251 189 4
251 194 12
251 298 13
251 326 9
251 344 13
252 62 4
252 84 3
252 90 5
252 162 8
252 201 12
252 220 2
252 225 13
252 262 12
252 314 10
252 320 6
252 328 2
252 337 21
252 344 13
253 68 3
253 100 1
253 163 9
253 180 40
253 208 26
253 251 2
253 261 17
253 292 4
254 52 14
254 102 8
254 131 5
254 150 2
254 168 23
254 208 10
254 225 14
254 235 29
254 238 1
254 249 20
254 277 25
254 296 19
254 330 24
254 343 35
255 63 11
255 66 9
255 86 2
255 230 18
255 269 21
255 344 10
256 215 9
256 260 5
256 284 4
256 303 11
256 313 10
256 315 27
257 66 8
257 108 15
257 128 24
257 166 59
257 168 21
257 175 49
257 206 5
257 218 9
257 241 41
257 248 16
257 264 13
257 304 24
257 311 8
258 103 2
258 104 25
258 177 30
258 269 3
258 288 16
258 330 17
259 128 20
259 135 11
259 189 2
259 213 17
259 240 7
259 251 12
259 264 11
259 279 3
259 312 10
259 316 19
259 326 15
259 331 9
260 256 12
260 315 18
260 324 26
260 328 11
261 180 7
261 181 8
261 187 10
261 208 17
261 253 13
261 273 11
261 307 16
261 312 4
262 25 13
262 77 22
262 84 45
262 90 3
262 151 13
262 159 13
262 181 12
262 237 15
262 243 15
262 252 24
262 317 10
262 320 8
262 336 9
263 16 3
263 45 1
263 61 4
263 193 15
263 201 2
263 207 2
263 293 18
263 299 21
263 325 23
264 66 12
264 148 1
264 166 20
264 175 23
264 241 4
264 248 5
265 88 25
265 278 7
265 323 14
265 330 29
265 342 31
266 63 2
266 73 8
266 134 12
266 147 2
266 149 23
266 165 10
266 225 2
266 236 17
266 242 36
266 281 23
266 294 6
266 305 20
266 318 8
266 332 10
267 160 3
267 175 3
267 288 10
267 305 31
267 311 12
268 8 18
268 65 12
268 81 28
268 150 6
268 160 39
268 165 8
268 206 6
268 225 30
268 246 25
268 267 28
268 288 18
268 301 28
268 311 5
268 316 31
268 329 11
269 104 7
269 177 13
269 184 11
269 222 6
269 258 33
269 295 2
269 300 6
270 23 6
270 104 13
270 132 8
270 174 7
270 177 8
270 178 10
270 184 7
270 188 8
270 196 5
270 258 29
270 269 15
270 295 15
270 308 10
270 310 29
270 319 11
270 337 16
271 51 15
271 53 24
271 69 4
271 100 11
271 192 12
271 244 14
271 272 12
271 285 10
271 307 4
272 70 16
272 100 18
272 234 4
272 244 7
272 253 12
272 271 13
272 278 5
272 280 8
272 285 12
273 12 6
273 29 26
273 30 20
273 87 9
273 89 7
273 110 16
273 115 1
273 147 4
273 163 6
273 183 9
273 216 19
273 256 16
273 276 6
273 292 33
273 345 25
274 162 16
274 239 9
274 256 1
274 278 3
274 284 5
274 289 12
274 313 8
274 314 4
274 321 8
274 324 12
274 341 47
275 62 5
275 93 26
275 176 29
275 277 3
275 291 13
275 298 9
275 337 19
275 339 19
276 50 9
276 69 15
276 70 1
276 111 4
276 210 12
276 284 9
277 131 9
277 135 1
277 238 19
277 286 6
277 296 7
277 340 3
277 343 20
278 88 16
278 177 11
278 265 13
278 330 21
278 342 3
279 128 5
279 135 4
279 189 30
279 213 7
279 251 6
279 259 1
279 295 8
279 317 32
279 326 7
280 148 12
280 176 10
280 191 6
280 216 34
280 250 26
280 278 7
280 344 12
281 134 12
281 198 2
281 206 5
281 242 6
281 307 9
281 318 7
282 50 22
282 67 23
282 164 7
282 235 10
282 239 9
282 293 25
282 323 2
282 346 39
283 133 6
283 202 12
283 223 4
283 293 1
284 50 3
284 162 3
284 201 24
284 250 11
284 256 10
284 260 2
284 274 27
284 289 14
284 303 19
284 313 48
284 314 14
284 324 22
284 341 2
285 51 2
285 234 6
285 241 3
286 46 5
286 201 13
286 287 9
286 312 11
286 321 8
286 333 27
286 339 17
287 11 17
287 46 21
287 174 1
287 205 24
287 286 8
287 300 14
287 312 23
287 321 28
287 327 18
287 333 35
288 81 3
288 165 4
288 230 4
288 267 7
288 311 15
288 318 2
288 329 16
289 140 8
289 256 10
289 260 28
289 274 6
289 302 7
289 303 3
289 313 1
289 324 16
290 40 1
290 42 11
290 80 22
290 151 19
290 156 17
290 282 12
290 283 10
290 310 7
290 328 4
290 331 8
290 334 14
291 176 7
291 238 4
291 322 2
292 12 2
292 29 23
292 30 3
292 70 6
292 88 8
292 110 11
292 163 4
292 183 27
292 208 23
292 271 11
292 273 9
293 77 12
293 202 3
293 204 6
293 223 6
293 323 10
293 331 1
293 346 6
294 8 4
294 73 12
294 134 18
294 149 20
294 171 14
294 198 7
294 215 7
294 225 19
294 236 6
294 242 2
294 279 16
294 281 3
295 5 3
295 104 10
295 184 2
295 222 3
295 258 6
295 270 5
295 294 3
296 162 21
296 238 12
296 277 8
296 312 19
296 343 14
297 37 6
297 84 1
297 103 3
297 126 9
297 141 8
297 164 8
297 201 21
297 225 5
297 229 4
297 233 4
297 240 3
297 279 17
297 317 11
298 18 4
298 62 6
298 176 5
298 249 5
298 275 28
298 291 21
298 315 8
298 319 4
298 337 10
298 344 15
299 39 27
299 133 16
299 140 19
299 173 14
299 282 17
299 302 13
299 334 12
300 205 14
300 286 4
300 287 7
300 321 7
300 333 22
301 150 6
301 160 4
301 165 12
301 267 1
301 288 12
301 305 16
301 311 24
301 316 4
301 342 10
302 14 8
302 39 28
302 140 12
302 173 3
302 182 5
302 299 7
302 313 6
302 331 10
303 162 2
303 260 20
303 274 36
303 284 2
303 289 20
303 313 9
303 315 9
303 320 8
303 324 10
303 341 1
304 66 11
304 166 5
304 241 9
304 248 9
304 264 13
304 279 3
304 312 43
304 342 21
305 88 13
305 235 15
305 265 27
305 278 14
305 330 13
305 342 20
306 51 8
306 53 5
306 100 37
306 166 18
306 210 7
306 234 50
306 244 12
306 261 11
306 271 17
306 272 35
306 285 25
306 309 2
307 29 13
307 66 7
307 148 3
307 181 1
307 187 11
307 192 3
307 208 18
307 218 11
307 253 2
307 276 6
308 159 9
308 178 15
308 184 8
308 222 11
308 258 10
308 263 2
308 269 4
308 270 3
308 295 14
308 336 29
309 102 22
309 105 2
309 143 2
309 168 51
309 228 5
309 238 59
309 254 29
309 261 7
309 277 21
309 296 59
309 312 20
309 343 18
310 80 2
310 109 5
310 133 4
310 151 6
310 156 10
310 202 13
310 328 37
310 334 18
311 150 8
311 261 20
311 288 4
311 322 16
311 329 14
311 343 10
312 224 2
312 301 4
312 342 15
313 140 7
313 162 5
313 256 15
313 260 6
313 274 3
313 284 2
314 164 14
314 174 8
314 180 1
314 235 2
314 265 9
314 298 4
314 321 7
314 344 14
315 52 3
315 162 15
315 260 22
315 274 15
315 284 12
315 289 19
315 298 13
315 313 13
315 324 41
315 341 3
316 150 21
316 160 14
316 247 5
316 267 14
316 278 10
316 288 7
316 301 4
316 311 2
317 9 3
317 304 1
317 328 9
318 134 6
318 149 7
318 160 8
318 198 2
318 225 20
318 236 7
318 242 17
318 266 2
318 268 10
318 281 26
318 294 15
319 62 8
319 93 30
319 249 13
319 275 7
319 291 10
319 298 25
319 337 5
320 151 6
320 219 7
320 262 4
320 284 3
321 11 8
321 46 1
321 182 3
321 225 17
321 300 4
321 333 11
321 344 9
322 242 5
322 325 6
322 330 7
322 345 12
323 67 1
323 77 5
323 194 1
323 332 9
324 237 2
324 256 4
324 274 5
324 289 9
324 313 7
324 341 20
325 267 1
325 322 6
325 332 8
325 345 15
326 120 2
326 128 7
326 135 4
326 200 2
326 229 20
326 251 6
326 317 14
327 11 16
327 46 12
327 86 10
327 164 4
327 174 13
327 205 26
327 212 10
327 274 8
327 286 47
327 287 6
327 300 29
327 321 30
327 333 25
328 42 1
328 202 8
328 290 29
328 302 2
329 160 12
329 238 5
329 246 7
329 267 7
329 288 2
329 301 9
329 311 17
329 316 3
330 88 2
330 234 9
330 265 6
330 278 7
330 323 15
330 342 10
331 39 1
331 140 12
331 282 19
331 283 19
331 299 1
331 314 15
331 344 21
332 216 8
332 234 5
332 322 21
332 325 16
332 335 2
332 338 8
332 339 30
332 340 17
332 345 33
333 46 7
333 105 2
333 205 11
333 300 5
333 321 8
334 112 6
335 147 9
335 216 9
335 322 26
335 325 20
335 340 29
335 345 34
336 14 1
336 99 15
336 197 12
336 283 12
336 328 11
337 93 8
337 176 12
338 147 12
338 216 8
338 322 17
338 325 35
338 335 7
338 339 19
338 340 17
338 345 48
339 147 18
339 322 18
339 325 14
339 335 14
339 345 10
340 216 5
340 322 18
340 325 21
340 339 24
340 345 26
341 162 12
341 256 7
341 260 23
341 289 5
341 313 4
341 315 2
342 88 21
342 265 12
342 312 7
342 330 14
343 296 3
343 312 16
344 164 5
344 289 2
344 314 3
345 216 2
345 339 1
346 323 2
