0 1 4
0 29 12
0 32 24
0 49 9
0 50 9
0 58 12
0 60 25
0 65 17
0 107 2
0 145 8
0 155 11
0 174 23
0 179 10
0 212 26
0 226 14
0 247 22
0 268 15
0 321 39
1 15 2
1 24 16
1 28 11
1 55 15
1 65 23
1 89 24
1 100 1
1 165 40
1 201 29
1 209 23
1 237 54
1 306 18
1 312 19
1 314 30
1 329 55
1 338 39
1 340 43
2 1 9
2 3 2
2 5 15
2 18 15
2 26 15
2 44 8
2 77 8
2 88 13
2 93 18
2 114 24
2 115 4
2 117 21
2 130 30
2 138 19
2 139 21
2 146 12
2 157 3
2 159 28
2 185 8
2 209 46
2 220 43
2 252 14
2 306 28
2 342 33
3 9 15
3 34 23
3 36 11
3 49 12
3 58 2
3 63 56
3 81 53
3 82 47
3 112 33
3 137 3
3 199 31
3 205 33
3 208 13
3 209 22
3 221 21
3 242 36
3 274 31
3 294 34
3 311 20
4 27 8
4 39 2
4 43 35
4 51 10
4 52 32
4 74 10
4 184 23
4 205 13
4 207 39
4 245 12
4 257 21
4 290 20
4 319 22
4 321 42
4 330 26
4 339 19
5 11 10
5 22 10
5 31 12
5 149 16
5 151 8
5 160 10
5 198 13
5 206 9
5 218 12
5 229 13
5 274 11
5 292 5
5 322 7
5 328 13
5 329 34
5 342 7
6 100 15
6 117 5
6 188 3
6 193 10
6 217 8
6 224 15
6 261 11
6 302 1
6 312 14
6 343 36
7 76 25
7 133 9
7 188 2
7 199 9
7 225 10
7 234 8
7 238 13
7 263 1
7 275 3
7 282 39
7 285 7
7 319 14
7 324 5
7 339 3
8 153 2
8 163 39
8 170 6
8 193 35
8 194 36
8 266 2
8 270 9
8 289 17
8 309 15
8 323 57
9 17 4
9 40 10
9 54 17
9 56 4
9 63 13
9 81 7
9 82 12
9 112 19
9 166 44
9 230 14
9 249 8
9 272 14
9 290 12
9 316 35
9 326 33
9 341 45
10 1 8
10 28 11
10 32 12
10 45 5
10 55 9
10 74 15
10 81 2
10 89 22
10 90 17
10 115 2
10 128 16
10 165 30
10 169 22
10 192 4
10 248 30
10 322 15
11 116 9
11 128 13
11 147 8
11 149 4
11 216 33
11 248 4
11 264 10
11 265 14
11 314 8
12 20 12
12 30 21
12 78 45
12 85 26
12 97 8
12 101 17
12 110 11
12 118 26
12 122 6
12 123 28
12 126 22
12 141 21
12 161 1
12 204 38
12 227 48
12 244 31
12 276 49
12 291 50
12 295 6
12 313 27
13 111 6
13 220 10
13 246 3
13 273 8
13 318 5
13 321 25
13 332 6
14 96 10
14 106 30
14 138 2
14 140 10
14 154 33
14 200 17
14 221 6
14 240 1
14 256 15
14 258 14
14 262 2
14 296 4
14 305 15
14 332 20
15 10 31
15 24 18
15 28 34
15 47 11
15 55 10
15 90 9
15 100 7
15 148 12
15 165 14
15 189 23
15 211 8
15 236 14
15 261 15
15 306 35
15 327 21
15 334 15
15 340 10
16 38 3
16 42 29
16 95 20
16 117 5
16 128 14
16 140 18
16 144 23
16 159 7
16 220 50
16 250 15
16 251 35
16 262 10
16 283 11
16 287 12
16 294 12
16 299 13
16 324 5
17 3 2
17 32 9
17 34 28
17 37 22
17 56 10
17 82 3
17 112 4
17 119 19
17 135 26
17 208 13
17 232 12
17 237 45
17 261 28
17 317 8
17 335 40
17 342 27
18 2 2
18 26 25
18 39 17
18 44 8
18 49 3
18 80 11
18 88 2
18 115 18
18 123 16
18 130 46
18 139 2
18 146 8
18 157 14
18 176 3
18 180 7
18 186 27
18 190 4
18 197 29
18 297 24
18 311 12
18 328 33
19 11 21
19 114 2
19 186 8
19 211 6
19 212 13
19 216 20
19 218 14
19 229 4
20 33 14
20 103 16
20 133 27
20 143 13
20 150 18
20 168 13
20 183 4
20 195 11
20 224 18
20 228 14
20 241 7
20 247 19
20 293 11
20 317 6
20 324 5
21 38 7
21 59 19
21 86 4
21 96 40
21 114 21
21 156 5
21 160 4
21 176 6
21 187 15
21 200 3
21 218 23
21 219 24
21 241 12
21 256 45
21 278 5
21 284 2
22 7 17
22 52 2
22 91 5
22 106 7
22 144 9
22 159 8
22 234 1
22 238 21
22 263 17
22 267 7
22 278 4
22 282 2
22 285 4
22 319 18
22 339 17
23 4 27
23 5 19
23 22 13
23 24 4
23 27 9
23 37 13
23 38 13
23 39 2
23 43 7
23 51 6
23 74 19
23 80 12
23 87 21
23 94 4
23 134 6
23 185 25
23 205 32
23 210 17
23 245 5
23 298 50
23 333 11
24 9 7
24 10 16
24 15 6
24 25 25
24 28 9
24 30 8
24 47 8
24 55 23
24 76 34
24 89 7
24 131 5
24 165 42
24 209 20
24 234 23
24 271 22
24 280 24
24 308 11
24 340 24
25 99 8
25 170 8
25 189 6
25 215 2
25 239 1
25 280 13
25 302 24
25 333 15
26 6 29
26 44 9
26 46 17
26 55 15
26 77 8
26 83 16
26 88 3
26 115 2
26 122 17
26 130 11
26 139 5
26 156 3
26 157 9
26 159 6
26 176 3
26 200 24
26 203 25
26 211 15
26 215 19
26 304 15
27 17 9
27 28 1
27 39 7
27 43 20
27 51 22
27 52 22
27 74 20
27 80 6
27 106 3
27 120 2
27 170 15
27 194 7
27 205 1
27 245 18
27 266 2
27 280 3
27 285 9
27 291 2
27 302 47
28 47 9
28 58 20
28 68 13
28 90 15
28 141 10
28 165 61
28 170 13
28 193 9
28 229 27
28 256 26
28 280 9
28 327 10
29 9 4
29 44 3
29 66 16
29 70 21
29 73 9
29 94 10
29 112 21
29 161 12
29 165 10
29 184 36
29 198 28
29 232 47
29 253 30
29 308 30
29 320 29
29 326 70
29 331 45
30 13 3
30 52 11
30 57 6
30 71 12
30 152 18
30 199 21
30 204 13
30 213 7
30 246 14
30 267 14
30 276 29
30 313 10
30 315 14
30 336 7
31 200 4
31 207 9
31 306 3
31 318 2
31 334 12
31 342 4
32 0 3
32 50 3
32 107 19
32 154 34
32 171 28
32 195 13
32 251 23
32 291 17
32 325 34
32 327 22
32 334 42
32 337 16
33 20 2
33 53 5
33 97 4
33 103 17
33 119 23
33 130 22
33 133 25
33 168 20
33 190 7
33 195 2
33 247 20
33 275 5
33 293 27
34 9 15
34 17 5
34 20 3
34 89 13
34 103 48
34 150 40
34 152 22
34 174 3
34 183 14
34 216 29
34 228 27
34 249 11
34 273 9
34 276 41
34 323 27
35 108 16
35 143 24
35 163 24
35 178 25
35 202 10
35 223 10
35 275 6
35 276 45
35 321 13
35 325 43
35 344 42
36 3 12
36 9 20
36 17 37
36 34 28
36 37 24
36 46 13
36 48 27
36 56 23
36 63 12
36 81 13
36 82 22
36 84 1
36 101 21
36 111 57
36 112 28
36 121 2
36 126 8
36 169 15
36 178 47
36 208 21
36 237 38
36 243 25
36 263 33
36 281 41
36 283 35
37 3 5
37 9 8
37 29 17
37 34 13
37 36 16
37 42 8
37 56 20
37 63 15
37 82 34
37 90 16
37 125 5
37 178 16
37 208 10
37 209 24
37 235 14
37 239 9
37 249 24
37 327 31
37 335 34
38 13 13
38 48 21
38 95 13
38 97 14
38 111 3
38 117 3
38 127 24
38 128 41
38 151 5
38 159 5
38 262 1
38 268 2
38 273 7
38 282 16
38 299 11
38 318 23
38 321 17
38 332 10
39 4 14
39 23 24
39 27 6
39 32 19
39 43 38
39 51 9
39 52 6
39 61 14
39 63 12
39 66 31
39 74 40
39 80 18
39 87 2
39 114 24
39 124 7
39 167 34
39 176 15
39 233 23
39 245 24
39 260 37
39 291 25
39 311 30
40 45 21
40 54 5
40 96 23
40 115 11
40 147 11
40 149 25
40 167 3
40 185 1
40 241 4
40 266 1
40 306 4
40 341 14
41 92 30
41 98 21
41 106 11
41 116 10
41 117 16
41 128 29
41 149 12
41 160 29
41 182 23
41 198 5
41 206 6
41 222 5
41 242 24
41 248 13
41 265 12
41 274 10
41 292 42
41 297 8
41 338 7
42 33 12
42 70 1
42 95 43
42 119 30
42 144 6
42 194 16
42 220 9
42 228 28
42 250 17
42 268 18
42 270 11
42 283 20
42 325 28
43 13 4
43 52 2
43 132 16
43 154 9
43 163 23
43 205 3
43 245 7
43 319 15
43 331 21
43 344 42
44 61 22
44 77 6
44 93 11
44 115 45
44 130 30
44 139 9
44 144 3
44 157 8
44 159 1
44 192 11
44 237 31
44 250 20
44 281 36
44 291 25
44 296 13
44 341 39
44 344 29
45 40 3
45 57 14
45 78 19
45 99 19
45 102 5
45 116 2
45 138 10
45 140 9
45 167 17
45 185 16
45 241 18
45 265 8
45 322 7
46 29 4
46 43 9
46 47 4
46 75 10
46 83 5
46 91 16
46 120 4
46 132 11
46 141 1
46 148 23
46 154 15
46 163 22
46 164 17
46 254 16
46 281 5
46 290 18
46 309 5
46 344 64
47 1 14
47 10 10
47 28 2
47 51 13
47 76 14
47 93 3
47 137 6
47 165 1
47 171 12
47 175 12
47 177 20
47 184 35
47 275 13
47 299 8
47 337 23
47 340 20
48 13 10
48 94 11
48 97 3
48 111 10
48 127 14
48 187 3
48 253 1
48 273 12
48 299 8
48 318 7
48 321 2
48 332 2
48 339 7
49 0 4
49 50 14
49 60 3
49 65 18
49 74 9
49 124 5
49 136 18
49 155 1
49 174 24
49 300 18
49 318 35
49 332 30
49 341 39
50 19 5
50 32 4
50 58 5
50 60 11
50 69 12
50 91 18
50 93 4
50 107 5
50 108 19
50 136 3
50 174 27
50 194 13
50 211 14
50 240 7
50 241 10
50 299 8
51 4 5
51 7 14
51 39 2
51 43 33
51 65 13
51 74 11
51 75 5
51 153 16
51 205 19
51 225 18
51 233 21
51 242 11
51 245 31
51 257 9
51 266 8
51 285 8
51 291 32
51 335 38
52 6 2
52 23 7
52 43 1
52 51 18
52 74 2
52 80 1
52 181 9
52 205 21
52 228 21
52 245 19
52 287 6
52 298 16
52 309 10
52 326 17
53 7 34
53 20 23
53 33 7
53 64 11
53 103 12
53 133 20
53 168 19
53 184 20
53 190 8
53 195 15
53 247 33
53 266 16
53 275 17
53 285 16
53 293 1
53 315 40
54 31 13
54 117 1
54 142 5
54 143 19
54 166 21
54 173 6
54 298 20
54 306 3
54 308 2
54 311 6
54 328 13
54 334 22
54 342 31
55 15 8
55 28 5
55 47 2
55 95 17
55 105 13
55 148 20
55 165 46
55 297 10
55 300 13
55 306 2
55 310 19
55 312 15
55 326 22
55 330 31
56 3 3
56 17 12
56 20 5
56 34 1
56 63 1
56 78 14
56 81 9
56 112 11
56 121 2
56 208 11
56 223 31
56 272 19
56 278 15
56 296 8
56 316 40
56 320 30
56 327 20
56 335 21
56 336 43
57 30 18
57 64 5
57 71 25
57 109 15
57 199 19
57 288 13
57 313 12
57 324 22
57 336 34
58 1 11
58 10 34
58 15 12
58 24 22
58 39 2
58 47 5
58 55 32
58 89 6
58 90 3
58 100 5
58 131 14
58 157 23
58 160 49
58 165 14
58 195 27
58 236 5
58 278 44
58 284 25
58 290 14
58 304 11
59 86 11
59 167 2
59 187 4
59 210 14
59 219 5
59 233 10
59 242 8
59 284 3
59 304 1
60 0 1
60 5 16
60 20 13
60 28 20
60 32 18
60 41 16
60 50 21
60 107 14
60 119 6
60 174 22
60 248 31
60 273 19
60 292 23
60 325 43
60 336 26
61 2 5
61 18 6
61 26 14
61 29 4
61 33 9
61 44 5
61 88 21
61 115 1
61 130 25
61 139 12
61 145 7
61 146 46
61 157 7
61 159 23
61 169 13
61 186 26
61 203 15
61 276 40
61 279 21
61 314 25
61 328 40
61 343 37
62 0 24
62 23 18
62 24 14
62 32 39
62 48 21
62 49 10
62 50 16
62 60 1
62 65 35
62 74 22
62 107 20
62 134 19
62 136 23
62 145 28
62 155 29
62 163 60
62 171 28
62 174 27
62 189 25
62 210 40
62 253 11
62 298 41
62 304 47
63 9 24
63 17 7
63 25 13
63 82 9
63 112 3
63 249 30
63 275 13
63 286 13
63 311 20
63 315 3
63 342 24
64 72 9
64 73 10
64 109 11
64 141 5
64 226 24
64 232 33
64 267 37
64 277 10
64 285 7
64 303 23
64 313 10
65 0 2
65 32 15
65 49 17
65 50 6
65 60 38
65 98 16
65 104 15
65 145 7
65 151 14
65 172 21
65 174 14
65 241 9
65 252 4
65 292 4
66 22 14
66 67 11
66 72 12
66 73 10
66 109 4
66 144 20
66 161 15
66 184 15
66 201 16
66 204 9
66 213 9
66 255 4
66 266 9
66 267 15
66 269 7
66 288 13
66 308 23
66 326 19
67 152 5
67 184 2
67 201 17
67 221 4
67 246 4
67 286 6
67 295 2
67 301 20
67 303 11
67 308 9
67 317 7
67 320 16
68 40 19
68 45 16
68 79 4
68 86 12
68 99 25
68 102 22
68 136 11
68 139 8
68 140 17
68 149 17
68 165 16
68 170 11
68 185 10
68 196 14
68 230 6
68 241 25
68 251 10
68 252 12
68 261 42
68 266 12
68 284 24
68 331 41
68 340 10
69 13 3
69 35 61
69 109 17
69 143 52
69 174 10
69 178 20
69 202 27
69 253 11
69 270 38
69 317 32
69 344 53
70 66 16
70 73 13
70 173 12
70 184 17
70 201 21
70 308 3
70 326 24
71 30 1
71 70 10
71 113 3
71 152 4
71 199 17
71 201 16
71 226 15
71 288 6
71 295 16
71 303 3
71 313 12
71 320 8
72 64 12
72 73 11
72 85 6
72 129 7
72 226 13
72 236 8
72 246 15
72 267 12
72 269 16
72 277 20
72 303 19
72 308 10
72 313 15
73 29 14
73 66 13
73 71 4
73 137 1
73 149 15
73 166 14
73 179 3
73 184 15
73 232 5
73 277 20
73 307 23
73 308 15
73 326 13
74 15 4
74 23 3
74 43 8
74 51 6
74 211 11
74 289 7
74 306 13
74 310 16
74 312 15
74 333 29
74 334 35
75 83 29
75 120 4
75 132 12
75 141 13
75 148 24
75 159 7
75 164 17
75 169 2
75 177 15
75 233 4
75 254 7
75 266 7
75 291 45
75 319 35
75 327 10
75 335 29
76 165 10
76 175 8
76 209 10
76 233 1
76 280 7
76 290 10
76 310 3
76 327 5
77 14 19
77 18 8
77 19 20
77 21 28
77 26 7
77 28 4
77 49 14
77 54 42
77 55 6
77 61 12
77 88 5
77 93 11
77 107 3
77 115 7
77 130 48
77 139 5
77 146 15
77 159 23
77 203 23
77 262 6
77 284 3
77 287 11
77 293 22
77 329 57
78 82 4
78 121 12
78 132 16
78 154 17
78 168 6
78 225 20
78 244 27
78 272 24
78 276 27
78 341 17
79 1 3
79 13 12
79 26 3
79 27 7
79 40 32
79 68 20
79 99 9
79 102 12
79 111 11
79 114 17
79 139 6
79 140 28
79 149 30
79 185 13
79 196 16
79 241 32
79 266 4
79 273 10
79 299 35
79 321 33
80 2 7
80 27 2
80 43 22
80 46 20
80 51 17
80 53 4
80 74 10
80 86 5
80 87 12
80 88 10
80 163 6
80 191 10
80 193 20
80 205 6
80 238 30
80 245 13
81 34 5
81 37 8
81 63 32
81 64 20
81 79 3
81 82 15
81 92 35
81 106 29
81 112 24
81 124 1
81 158 9
81 177 9
81 181 11
81 208 15
81 281 21
81 335 32
81 341 24
82 9 9
82 34 9
82 56 1
82 63 26
82 158 12
82 243 17
82 275 4
82 279 8
82 281 15
82 282 19
82 306 19
82 343 24
83 119 23
83 132 3
83 137 4
83 221 16
83 225 9
83 228 15
83 324 11
83 331 3
83 342 29
83 344 41
84 12 7
84 64 13
84 113 18
84 121 14
84 125 9
84 126 22
84 129 11
84 135 13
84 152 16
84 162 15
84 169 2
84 184 10
84 203 7
84 226 1
84 230 18
84 267 7
84 277 33
85 13 26
85 37 4
85 78 49
85 90 12
85 101 7
85 109 12
85 110 1
85 133 31
85 145 3
85 153 14
85 188 9
85 202 22
85 204 33
85 213 3
85 227 35
85 244 22
85 257 36
85 303 44
86 21 6
86 59 9
86 83 3
86 84 4
86 105 16
86 142 6
86 156 9
86 165 21
86 180 13
86 187 4
86 190 1
86 210 27
86 211 9
86 219 17
86 235 4
86 260 13
86 278 15
86 284 22
86 340 15
87 4 4
87 6 13
87 27 15
87 39 4
87 43 33
87 44 1
87 51 10
87 52 13
87 56 10
87 58 7
87 74 18
87 91 20
87 161 19
87 191 9
87 217 28
87 238 19
87 239 41
87 245 17
87 257 33
87 316 33
88 1 8
88 40 3
88 44 5
88 77 11
88 79 4
88 84 12
88 93 16
88 114 12
88 139 3
88 146 11
88 157 16
88 159 12
88 167 16
88 176 14
88 192 16
88 198 45
88 218 19
88 222 40
88 241 11
88 305 37
89 1 14
89 15 2
89 28 14
89 31 21
89 43 14
89 50 8
89 55 11
89 63 18
89 90 10
89 113 15
89 182 1
89 284 24
89 310 20
89 333 10
90 1 25
90 24 13
90 28 41
90 47 4
90 52 31
90 55 8
90 65 10
90 112 5
90 131 4
90 165 43
90 214 10
90 237 18
90 277 16
90 292 65
90 310 11
90 340 22
91 7 2
91 22 4
91 171 10
91 234 10
91 241 28
91 247 7
91 263 11
91 278 2
91 282 36
91 318 7
91 319 9
91 324 5
91 330 22
91 339 19
92 116 15
92 160 28
92 186 4
92 192 4
92 198 5
92 222 3
92 229 15
92 292 5
92 297 4
93 5 21
93 16 11
93 18 9
93 26 6
93 61 14
93 87 3
93 115 30
93 117 33
93 130 13
93 136 4
93 139 12
93 142 16
93 146 11
93 155 24
93 157 11
93 159 10
93 176 2
93 217 14
93 252 3
94 27 8
94 40 38
94 45 29
94 68 23
94 79 11
94 99 20
94 102 9
94 139 5
94 140 14
94 149 7
94 165 8
94 174 13
94 185 27
94 196 7
94 229 24
94 231 2
94 241 20
94 252 8
94 266 19
94 268 3
95 97 11
95 160 28
95 220 2
95 224 3
95 231 2
95 318 7
95 321 6
96 19 1
96 106 1
96 180 5
96 186 7
96 271 30
96 328 34
96 329 2
97 13 43
97 14 17
97 19 12
97 38 25
97 48 10
97 111 5
97 144 15
97 187 11
97 206 2
97 250 14
97 256 18
97 268 11
97 273 11
97 274 42
97 299 3
97 321 23
98 11 16
98 45 29
98 92 4
98 117 22
98 128 16
98 160 7
98 180 21
98 206 14
98 222 19
98 248 20
98 256 3
98 265 14
98 271 2
98 292 19
98 328 8
99 80 1
99 94 4
99 148 11
99 149 10
99 251 4
99 260 11
99 280 1
99 333 21
99 334 9
100 6 9
100 80 13
100 123 15
100 170 8
100 172 28
100 189 29
100 211 29
100 215 16
100 217 9
100 220 12
100 224 26
100 233 20
100 261 43
100 312 36
100 321 13
100 322 9
100 340 18
100 343 12
101 6 3
101 51 7
101 70 8
101 75 5
101 78 24
101 85 15
101 103 11
101 110 6
101 179 14
101 204 19
101 227 3
101 244 16
101 269 11
101 313 13
101 336 31
102 40 4
102 45 28
102 48 12
102 94 1
102 98 2
102 99 18
102 105 6
102 139 4
102 140 2
102 149 34
102 189 11
102 207 20
102 241 9
102 252 1
102 260 15
102 266 10
102 292 15
102 299 8
102 327 2
103 20 3
103 133 8
103 168 6
103 195 18
103 202 19
103 213 3
103 247 35
103 249 14
103 276 51
103 287 8
103 293 3
103 332 4
104 8 7
104 14 22
104 31 20
104 106 11
104 123 8
104 138 8
104 182 35
104 200 10
104 206 7
104 240 30
104 256 30
104 258 27
104 262 4
104 265 17
104 305 46
104 322 11
104 327 2
105 21 24
105 22 15
105 59 32
105 86 20
105 99 22
105 156 17
105 187 26
105 196 14
105 197 13
105 200 14
105 210 43
105 218 29
105 219 45
105 235 16
105 278 19
105 279 30
105 284 16
105 293 6
105 333 26
106 114 5
106 240 3
106 256 2
106 305 1
106 338 5
107 0 5
107 15 8
107 25 22
107 32 4
107 49 11
107 50 7
107 60 9
107 65 10
107 128 16
107 155 18
107 174 14
107 197 3
107 204 11
107 310 31
107 318 19
107 337 20
108 69 30
108 72 8
108 143 20
108 202 12
108 223 26
108 267 5
108 269 11
108 275 6
108 344 36
109 30 17
109 57 19
109 67 6
109 71 20
109 199 11
109 213 2
109 226 11
109 255 15
109 313 13
110 12 27
110 17 13
110 57 16
110 78 35
110 82 1
110 101 13
110 227 19
110 230 14
110 232 40
110 237 37
110 244 11
110 247 15
110 261 26
110 287 9
110 326 29
111 73 6
111 97 7
111 127 1
111 133 2
111 160 29
111 182 36
111 218 19
111 273 7
111 281 13
111 283 3
111 299 34
111 318 10
111 321 30
111 332 14
112 4 8
112 9 11
112 37 14
112 53 14
112 56 1
112 63 6
112 82 2
112 130 4
112 153 17
112 162 11
112 181 20
112 188 17
112 208 6
112 259 16
112 281 10
112 307 13
112 315 12
113 67 19
113 72 2
113 84 17
113 121 16
113 124 5
113 125 26
113 135 23
113 162 8
113 230 7
113 249 23
113 269 12
113 289 18
114 11 8
114 147 10
114 198 9
114 206 16
114 212 10
114 216 43
114 217 5
114 218 10
114 241 12
114 328 12
115 4 12
115 11 27
115 54 22
115 59 5
115 88 15
115 98 35
115 157 1
115 159 5
115 176 5
115 185 13
115 212 3
115 216 35
115 244 7
115 265 8
115 341 16
116 98 6
116 117 8
116 128 20
116 151 6
116 160 20
116 167 1
116 185 7
116 212 9
116 216 17
116 222 7
116 248 14
116 256 25
116 265 12
116 271 2
116 292 21
116 297 21
116 314 8
117 41 1
117 92 21
117 95 30
117 116 2
117 128 53
117 160 15
117 222 5
117 248 3
117 252 6
117 258 25
117 292 11
117 297 42
118 12 18
118 29 3
118 48 21
118 70 6
118 72 26
118 78 20
118 85 14
118 101 20
118 110 16
118 129 6
118 161 14
118 169 20
118 190 14
118 204 55
118 227 25
118 236 16
118 244 66
118 250 9
118 253 17
118 326 28
119 194 14
119 296 1
119 307 16
120 38 16
120 75 1
120 83 8
120 86 3
120 132 13
120 137 6
120 148 25
120 164 10
120 196 35
120 225 14
120 238 5
120 254 20
120 289 6
120 319 24
120 323 22
120 330 18
120 339 21
121 3 17
121 57 19
121 73 13
121 80 1
121 84 11
121 124 2
121 125 4
121 126 8
121 135 11
121 151 27
121 162 39
121 169 17
121 183 8
121 226 13
121 230 18
121 246 27
122 30 8
122 57 14
122 59 2
122 71 32
122 109 36
122 161 10
122 199 59
122 202 13
122 204 17
122 213 45
122 232 19
122 236 28
122 268 21
122 269 8
122 288 16
122 295 12
122 301 18
122 313 29
122 317 23
122 339 41
123 96 38
123 116 4
123 180 22
123 186 29
123 200 3
123 212 4
123 216 27
123 229 21
123 240 4
123 262 5
123 271 35
123 305 8
123 314 16
123 328 50
123 338 19
124 66 22
124 70 28
124 82 29
124 84 18
124 89 43
124 109 30
124 113 36
124 125 2
124 126 17
124 135 31
124 162 11
124 169 53
124 177 54
124 201 21
124 230 30
124 236 27
124 320 26
125 9 6
125 29 22
125 52 26
125 66 16
125 113 14
125 119 22
125 121 8
125 124 18
125 135 20
125 162 3
125 169 4
125 230 17
125 286 48
125 288 17
125 313 11
125 331 39
126 55 10
126 57 26
126 63 23
126 73 23
126 84 11
126 113 27
126 117 26
126 121 14
126 124 1
126 125 11
126 135 20
126 137 27
126 162 19
126 166 33
126 169 2
126 179 23
126 183 5
126 230 26
126 246 11
126 317 48
127 13 16
127 33 15
127 97 1
127 202 19
127 268 9
127 270 38
127 273 15
127 298 12
127 321 31
127 325 30
127 332 24
128 116 8
128 160 1
128 248 3
128 262 2
128 265 13
128 292 2
128 297 3
129 30 1
129 64 23
129 184 6
129 201 16
129 226 9
129 232 16
129 246 9
129 267 14
129 277 23
129 303 21
129 308 7
130 13 9
130 22 9
130 42 7
130 115 3
130 144 14
130 273 2
130 276 33
131 1 41
131 10 16
131 15 11
131 28 22
131 37 14
131 44 5
131 47 21
131 48 34
131 49 5
131 55 38
131 58 23
131 79 17
131 89 31
131 90 14
131 113 27
131 120 21
131 165 24
131 168 35
131 231 12
131 264 37
131 266 37
131 312 26
131 329 52
131 340 46
132 83 11
132 109 3
132 164 5
132 188 7
132 225 2
132 294 2
132 324 13
132 335 20
133 152 6
133 168 1
133 220 10
133 247 4
133 282 4
133 289 13
133 296 18
133 309 5
133 325 28
134 8 32
134 33 6
134 38 17
134 96 6
134 100 20
134 127 2
134 153 10
134 163 34
134 270 16
134 289 27
134 298 23
134 300 35
134 309 7
134 323 25
134 325 19
135 31 10
135 99 13
135 119 20
135 121 4
135 124 12
135 126 1
135 162 9
135 220 20
135 230 22
135 243 15
136 0 19
136 4 19
136 8 22
136 31 36
136 32 25
136 33 13
136 35 25
136 49 30
136 50 12
136 60 13
136 62 13
136 65 16
136 107 23
136 145 8
136 155 15
136 174 23
136 209 20
136 247 19
136 283 18
136 335 55
137 7 10
137 43 6
137 46 15
137 76 3
137 78 9
137 83 10
137 132 15
137 164 7
137 221 2
137 225 1
137 316 29
138 14 16
138 31 14
138 40 9
138 78 15
138 104 9
138 106 39
138 121 20
138 198 7
138 200 13
138 218 9
138 222 20
138 240 8
138 256 28
138 258 3
138 262 2
138 305 30
138 308 10
138 328 42
139 4 5
139 19 24
139 44 13
139 45 25
139 77 22
139 115 10
139 130 11
139 157 5
139 159 9
139 203 14
139 237 27
139 258 20
139 338 23
140 7 26
140 19 2
140 40 21
140 96 25
140 97 2
140 149 28
140 185 6
140 196 13
140 203 1
140 240 3
140 252 2
140 266 10
141 46 27
141 57 19
141 82 11
141 83 15
141 107 9
141 132 17
141 137 29
141 158 9
141 188 22
141 189 12
141 225 13
141 227 17
141 254 20
141 280 13
141 282 30
141 294 9
141 336 23
142 25 40
142 237 32
142 239 6
142 260 9
142 279 10
142 289 10
142 302 19
142 304 11
142 328 17
142 333 47
143 108 5
143 327 7
143 341 6
143 344 6
144 16 4
144 42 9
144 69 12
144 95 9
144 220 23
144 231 24
144 250 13
144 251 1
144 256 17
144 267 11
144 283 10
144 287 5
144 293 2
144 318 3
145 0 10
145 10 10
145 32 19
145 44 5
145 49 26
145 50 8
145 55 39
145 60 47
145 62 4
145 65 10
145 106 15
145 107 17
145 136 7
145 144 21
145 223 32
145 250 14
145 296 15
145 311 24
145 341 44
146 26 34
146 35 6
146 44 7
146 48 16
146 63 10
146 94 20
146 102 34
146 130 19
146 139 17
146 157 16
146 159 34
146 160 36
146 176 9
146 203 2
146 207 25
146 251 8
146 292 10
146 301 20
146 321 34
146 327 13
146 343 45
147 5 2
147 11 17
147 19 8
147 92 6
147 114 13
147 128 4
147 186 1
147 198 3
147 216 28
147 314 3
147 329 13
147 342 34
148 46 11
148 83 9
148 99 1
148 132 4
148 137 3
148 141 7
148 164 34
148 214 13
148 254 1
148 310 8
148 337 8
148 340 28
149 45 4
149 106 14
149 150 17
149 151 7
149 203 3
149 265 18
149 271 4
150 28 17
150 76 3
150 171 12
150 214 14
150 310 7
151 19 3
151 92 16
151 128 20
151 160 18
151 198 18
151 206 14
151 212 5
151 258 13
151 274 35
151 305 13
151 338 9
152 67 9
152 70 17
152 129 16
152 183 8
152 246 4
152 286 2
152 295 3
152 317 16
152 320 16
153 8 9
153 91 9
153 134 8
153 162 3
153 163 29
153 193 8
153 194 12
153 195 25
153 233 11
153 270 13
153 289 10
153 300 18
153 309 20
153 323 38
153 325 31
154 14 12
154 158 5
154 163 9
154 181 9
154 199 7
154 221 12
154 281 6
154 294 1
154 307 9
154 315 7
154 344 40
155 35 26
155 69 38
155 80 7
155 108 9
155 111 12
155 143 52
155 178 50
155 202 46
155 253 14
155 275 25
155 331 52
155 344 57
156 15 1
156 16 11
156 59 15
156 68 7
156 86 16
156 94 9
156 102 3
156 105 4
156 148 13
156 187 27
156 210 15
156 218 17
156 219 20
156 235 22
156 239 9
156 258 7
156 278 19
156 284 35
156 302 22
156 342 42
157 47 16
157 88 1
157 104 15
157 115 13
157 130 4
157 139 6
157 159 9
157 182 24
157 222 23
157 245 9
157 258 3
157 297 14
157 305 16
157 338 12
158 177 15
158 181 7
158 221 5
158 237 26
158 259 13
158 276 56
158 281 7
158 282 25
158 294 14
158 315 12
158 316 21
159 82 3
159 88 1
159 115 7
159 130 21
159 245 12
159 248 3
159 279 17
159 343 13
160 41 15
160 92 6
160 192 1
160 222 16
160 248 19
160 297 26
160 329 3
161 29 2
161 52 22
161 57 20
161 66 14
161 70 32
161 73 40
161 82 20
161 184 33
161 203 5
161 236 8
161 269 30
161 271 24
161 276 69
161 291 35
161 295 23
161 303 19
161 308 32
161 326 11
162 89 21
162 113 17
162 124 2
162 125 13
162 135 14
162 169 14
162 201 11
162 212 16
162 230 22
162 298 17
162 303 7
162 326 16
162 336 43
163 194 8
163 270 20
163 289 16
163 309 4
163 315 9
163 323 10
163 325 9
163 344 23
164 23 3
164 45 5
164 47 6
164 75 1
164 76 27
164 83 3
164 141 6
164 159 6
164 166 17
164 172 18
164 188 1
164 225 3
164 228 36
164 254 7
164 257 25
164 264 6
164 272 41
164 324 21
165 89 5
165 173 7
165 174 3
165 302 16
165 305 22
165 312 19
165 322 11
165 340 2
166 31 9
166 76 12
166 207 7
166 298 3
166 306 14
166 334 21
166 337 16
166 342 43
167 14 8
167 19 5
167 96 7
167 109 9
167 123 9
167 180 16
167 186 20
167 196 9
167 229 22
167 241 6
167 271 17
167 305 21
167 314 10
167 328 32
168 20 8
168 103 41
168 121 1
168 163 6
168 195 14
168 247 3
168 272 9
168 273 3
168 287 8
168 308 2
169 34 3
169 79 7
169 110 25
169 113 18
169 121 2
169 129 10
169 135 39
169 162 19
169 230 8
169 267 12
169 271 18
169 277 17
170 25 11
170 142 19
170 210 5
170 239 5
170 260 9
170 261 7
170 302 8
170 304 9
170 331 35
170 333 15
171 76 4
171 175 1
171 214 10
171 310 48
171 316 4
171 323 11
171 337 19
172 6 20
172 59 13
172 74 16
172 193 35
172 209 11
172 217 9
172 224 39
172 238 15
172 261 25
172 304 2
172 312 15
172 334 4
172 340 13
172 343 27
173 31 23
173 54 5
173 101 2
173 149 10
173 166 12
173 167 1
173 182 45
173 187 11
173 196 11
173 260 1
173 279 3
173 298 5
173 302 6
173 306 7
173 311 8
173 334 11
173 342 34
174 4 8
174 32 15
174 49 20
174 103 7
174 136 2
174 199 19
174 282 28
174 293 12
174 317 17
174 325 61
175 76 9
175 150 43
175 166 7
175 171 15
175 209 2
175 214 15
175 224 11
175 245 14
175 280 6
175 290 14
175 310 10
175 327 10
176 18 13
176 25 29
176 44 26
176 54 30
176 70 26
176 77 4
176 85 8
176 91 32
176 93 1
176 115 27
176 130 4
176 139 19
176 157 18
176 159 9
176 193 41
176 203 25
176 231 15
176 234 37
176 254 14
176 272 17
176 319 27
177 154 16
177 181 28
177 199 10
177 219 6
177 221 20
177 242 13
177 243 9
177 281 23
177 294 10
177 315 21
177 324 3
178 69 5
178 108 2
178 143 14
178 202 9
178 223 8
178 301 7
178 307 22
178 315 2
178 323 8
178 325 18
178 344 37
179 57 2
179 67 26
179 152 23
179 166 24
179 183 4
179 223 18
179 244 14
179 255 23
179 286 35
179 295 19
179 317 23
179 320 12
180 11 4
180 19 2
180 96 6
180 167 12
180 216 2
180 271 3
180 322 3
180 328 37
180 329 5
181 43 9
181 83 14
181 221 7
181 243 18
181 257 14
181 259 2
181 281 20
181 315 41
182 31 33
182 54 8
182 207 21
182 289 17
182 298 18
182 311 2
182 334 23
182 337 3
183 67 39
183 119 13
183 129 3
183 150 8
183 152 23
183 179 11
183 184 14
183 227 11
183 228 28
183 232 4
183 255 17
183 286 42
183 320 9
184 64 10
184 66 2
184 70 6
184 109 1
184 201 20
184 226 7
184 285 7
184 308 3
184 326 23
185 10 2
185 11 25
185 21 6
185 59 12
185 68 4
185 100 9
185 102 14
185 140 1
185 149 52
185 180 12
185 198 8
185 217 13
185 241 5
185 252 1
185 266 11
185 321 11
186 96 25
186 123 22
186 180 7
186 222 2
186 229 6
186 271 34
186 297 7
186 322 1
186 328 18
186 329 9
187 268 2
187 311 15
187 328 9
188 46 3
188 53 12
188 75 8
188 78 3
188 83 11
188 120 16
188 137 30
188 141 1
188 148 19
188 162 12
188 225 8
188 259 25
188 275 15
188 277 17
189 6 6
189 100 8
189 130 5
189 168 1
189 172 24
189 193 1
189 194 7
189 217 8
189 224 22
189 284 25
189 312 23
189 340 25
189 343 23
190 20 16
190 33 16
190 43 1
190 89 12
190 103 33
190 133 31
190 168 50
190 178 19
190 181 18
190 188 3
190 195 40
190 247 10
190 249 12
190 276 40
190 293 18
190 330 22
191 48 11
191 76 35
191 150 89
191 171 65
191 175 37
191 209 75
191 214 56
191 228 13
191 233 20
191 260 27
191 280 41
191 285 33
191 290 36
191 305 28
191 309 15
191 310 37
191 339 35
192 5 21
192 19 11
192 40 12
192 68 1
192 96 28
192 147 5
192 151 32
192 167 3
192 198 34
192 200 11
192 206 41
192 216 17
192 239 24
192 274 33
192 322 6
192 329 35
193 6 12
193 100 3
193 150 4
193 172 16
193 189 2
193 224 5
193 254 1
193 261 1
193 312 15
193 340 5
193 343 9
194 134 10
194 163 8
194 270 34
194 289 9
194 309 14
194 323 25
194 325 36
194 343 6
195 33 8
195 53 12
195 103 16
195 133 11
195 168 3
195 182 18
195 238 2
195 247 17
195 259 4
195 293 8
195 342 34
196 31 35
196 40 7
196 45 8
196 99 23
196 102 2
196 109 2
196 135 8
196 148 2
196 149 20
196 185 11
196 187 6
196 241 7
196 266 6
196 305 20
196 322 1
197 10 9
197 11 13
197 17 16
197 19 34
197 114 15
197 128 3
197 147 30
197 149 23
197 167 16
197 196 5
197 212 3
197 216 24
197 222 5
197 264 12
197 280 6
197 322 23
198 160 4
198 206 44
198 265 5
198 274 3
198 322 13
198 329 26
198 338 16
199 132 6
199 201 13
199 213 10
199 219 6
199 225 5
199 226 4
199 243 1
199 274 15
199 282 9
199 288 15
199 307 23
200 14 15
200 54 6
200 104 1
200 106 27
200 187 18
200 216 14
200 240 7
200 256 12
200 258 2
200 292 23
200 305 22
200 328 11
201 89 6
201 135 3
201 152 2
201 232 19
201 273 12
201 274 5
201 277 14
201 288 10
201 301 6
201 320 9
202 35 18
202 108 9
202 143 26
202 232 12
202 253 12
202 307 3
202 344 34
203 2 1
203 18 17
203 26 3
203 44 12
203 60 16
203 61 18
203 88 13
203 92 8
203 93 10
203 103 43
203 115 2
203 130 25
203 131 15
203 146 2
203 147 13
203 157 4
203 159 16
203 217 5
203 230 9
204 78 15
204 110 12
204 168 8
204 184 7
204 213 2
204 244 27
204 255 9
204 295 15
204 313 13
205 4 5
205 43 19
205 63 10
205 80 3
205 87 11
205 139 9
205 171 43
205 207 39
205 243 13
205 245 11
205 249 8
205 291 23
205 298 28
205 316 23
205 323 10
205 339 15
206 11 2
206 96 14
206 119 8
206 128 10
206 151 3
206 180 8
206 192 20
206 216 20
206 329 7
206 338 3
207 31 7
207 54 4
207 173 7
207 306 6
207 311 2
207 327 11
207 342 8
208 0 11
208 9 18
208 17 16
208 34 39
208 37 16
208 40 12
208 56 8
208 63 23
208 82 12
208 113 3
208 143 5
208 156 23
208 209 38
208 239 15
208 244 10
208 273 36
208 275 19
208 315 53
208 336 28
209 54 7
209 76 3
209 150 15
209 171 9
209 175 4
209 214 2
209 233 4
209 244 16
209 280 10
209 290 10
209 310 14
209 341 18
210 21 8
210 134 2
210 165 12
210 187 6
210 196 4
210 218 23
210 219 3
210 284 12
210 321 22
210 333 14
211 6 22
211 100 10
211 127 5
211 172 14
211 189 23
211 193 71
211 217 5
211 224 51
211 261 32
211 302 14
211 310 18
211 312 6
211 340 22
211 343 17
212 10 8
212 11 13
212 19 1
212 128 22
212 147 5
212 197 1
212 206 8
212 216 9
212 229 21
212 271 5
213 30 24
213 57 21
213 71 15
213 109 6
213 119 29
213 199 11
213 232 36
213 267 20
213 269 13
213 273 29
213 288 9
213 313 28
213 320 29
213 326 5
214 76 33
214 150 13
214 189 23
214 209 10
214 210 1
214 237 16
214 238 7
214 245 7
214 310 7
215 25 14
215 142 43
215 148 1
215 170 6
215 239 38
215 260 10
215 261 8
215 279 9
215 302 42
215 304 21
215 310 21
215 333 41
215 337 35
216 19 7
216 103 8
216 206 3
216 271 14
216 329 17
217 56 3
217 91 13
217 99 14
217 100 11
217 172 9
217 193 14
217 211 9
217 222 16
217 224 13
217 239 6
217 248 7
217 261 15
217 312 8
217 340 11
217 343 34
218 31 32
218 59 10
218 73 1
218 156 8
218 173 2
218 187 13
218 198 3
218 219 2
218 284 17
218 306 11
219 86 10
219 187 11
219 193 5
219 207 9
219 210 6
219 235 1
219 281 30
219 301 13
219 339 10
220 0 3
220 95 22
220 185 6
220 321 7
221 119 3
221 181 13
221 242 11
221 243 4
221 257 5
221 281 17
221 303 15
221 315 59
222 128 9
222 151 1
222 160 6
222 223 5
222 297 22
222 332 1
223 119 21
223 199 3
223 237 16
223 276 32
223 286 4
223 296 23
223 307 12
223 332 5
224 189 5
224 214 4
224 243 8
224 245 11
224 259 1
224 312 2
224 332 4
224 340 4
224 343 8
225 46 6
225 67 16
225 75 14
225 83 5
225 132 14
225 137 7
225 148 5
225 188 1
225 221 32
225 228 11
225 315 4
225 316 20
225 323 12
226 72 3
226 129 12
226 201 8
226 232 3
226 236 10
226 244 15
226 246 7
226 274 15
226 305 21
226 326 8
227 78 5
227 101 17
227 195 1
227 204 13
227 207 33
227 244 21
227 277 9
227 294 11
227 309 15
227 336 11
227 337 17
228 150 15
228 249 19
228 272 10
228 291 27
228 316 20
228 330 34
228 331 13
228 335 22
228 336 12
228 341 7
229 96 42
229 98 1
229 180 15
229 186 17
229 256 10
229 271 3
229 292 20
229 297 26
229 318 1
229 328 19
229 329 2
230 25 23
230 109 3
230 113 25
230 120 3
230 125 2
230 135 14
230 188 10
230 236 17
230 295 1
230 298 6
230 307 18
231 16 43
231 24 3
231 42 9
231 95 5
231 125 16
231 127 33
231 144 15
231 162 33
231 204 12
231 220 34
231 240 13
231 250 8
231 251 8
231 283 17
231 287 38
231 291 20
232 67 15
232 70 8
232 71 5
232 184 2
232 246 2
232 277 1
232 303 9
232 317 19
233 6 28
233 52 1
233 76 20
233 102 5
233 150 42
233 171 26
233 175 28
233 209 28
233 214 21
233 280 8
233 290 1
233 300 13
233 310 15
234 193 21
234 207 5
234 269 4
234 282 1
234 285 5
234 301 3
234 319 11
235 21 22
235 38 9
235 48 1
235 59 6
235 86 3
235 159 5
235 187 42
235 192 10
235 210 9
235 218 6
235 219 12
235 237 10
235 239 9
235 254 7
235 261 7
235 264 1
235 284 5
235 332 6
235 333 21
236 64 2
236 72 34
236 129 22
236 174 6
236 213 3
236 226 15
236 246 15
236 255 18
236 258 12
236 267 28
236 277 31
236 303 30
237 147 19
237 214 10
237 232 7
237 284 2
237 296 3
237 327 19
237 334 17
237 338 7
238 91 27
238 195 12
238 224 13
238 234 56
238 263 7
238 269 10
238 282 6
238 309 7
238 319 23
238 339 12
239 25 34
239 142 14
239 165 2
239 170 13
239 194 1
239 245 3
239 264 2
239 274 2
239 279 7
239 333 6
240 14 4
240 22 3
240 28 5
240 59 16
240 106 7
240 138 13
240 200 17
240 256 2
240 262 6
240 305 15
240 314 11
241 45 3
241 99 1
241 104 9
241 140 14
241 149 6
241 157 6
241 182 5
241 240 10
241 322 11
242 6 11
242 119 25
242 154 13
242 158 5
242 181 15
242 243 8
242 257 17
242 259 2
242 281 16
242 294 4
242 315 24
243 158 10
243 242 17
243 281 21
243 294 7
243 307 24
243 315 23
244 33 30
244 78 10
244 110 1
244 143 9
244 150 13
244 227 2
244 269 13
244 344 27
245 24 5
245 43 9
245 51 3
245 52 3
245 74 15
245 238 2
245 310 14
245 316 18
245 336 4
246 64 5
246 72 5
246 226 6
246 232 10
246 236 2
246 267 5
246 326 17
247 8 7
247 133 7
247 168 8
247 170 18
247 190 3
247 195 12
247 250 1
247 251 6
247 273 12
247 276 14
247 293 2
247 323 15
248 14 18
248 31 18
248 92 20
248 98 10
248 117 2
248 128 11
248 160 13
248 216 8
248 222 1
248 265 27
248 292 3
248 297 9
248 329 11
248 338 25
249 135 6
249 228 14
249 242 14
249 272 7
249 316 27
249 330 4
249 331 8
249 335 24
249 336 15
249 341 12
250 42 3
250 48 4
250 95 26
250 108 2
250 144 5
250 220 24
250 223 4
250 244 6
250 283 2
250 287 11
250 307 16
251 13 4
251 42 30
251 48 15
251 95 8
251 144 24
251 155 3
251 220 14
251 227 15
251 231 5
251 250 15
251 278 26
251 331 23
252 40 17
252 45 18
252 79 12
252 99 16
252 102 18
252 140 6
252 149 19
252 154 27
252 182 22
252 196 25
252 241 12
252 250 10
252 253 27
252 266 22
252 307 17
252 318 36
252 328 32
253 35 13
253 69 5
253 70 1
253 108 7
253 111 10
253 143 26
253 155 12
253 171 13
253 178 39
253 202 26
253 250 17
253 344 29
254 46 15
254 75 30
254 93 4
254 96 25
254 111 8
254 132 11
254 137 11
254 140 9
254 142 28
254 148 13
254 164 14
254 188 18
254 225 2
254 234 9
254 235 4
254 272 6
254 327 23
255 67 8
255 84 9
255 135 5
255 152 35
255 179 13
255 183 3
255 246 22
255 286 36
255 288 43
255 295 36
255 317 29
255 320 19
256 13 6
256 14 2
256 106 7
256 140 8
256 200 2
256 240 14
256 292 2
256 305 17
256 318 4
257 154 17
257 158 10
257 177 10
257 181 7
257 221 2
257 259 6
257 289 8
257 291 16
257 315 11
257 331 8
258 4 1
258 14 8
258 41 3
258 42 4
258 92 1
258 96 5
258 104 14
258 106 26
258 138 20
258 200 13
258 240 18
258 256 43
258 262 5
258 297 3
258 305 44
259 71 9
259 132 5
259 154 6
259 177 7
259 184 5
259 221 6
259 242 4
259 243 13
259 281 17
259 294 9
259 315 12
259 339 11
260 25 18
260 165 9
260 170 7
260 175 7
260 239 2
260 279 5
260 302 28
260 304 4
260 333 16
261 6 18
261 189 30
261 217 10
261 224 11
261 302 8
261 334 10
261 343 13
262 14 9
262 41 6
262 104 5
262 106 55
262 138 24
262 182 9
262 200 18
262 229 21
262 240 34
262 256 30
262 258 32
262 278 25
262 279 20
262 297 21
262 305 53
263 7 15
263 22 14
263 43 20
263 91 19
263 137 3
263 234 10
263 242 27
263 243 4
263 249 6
263 269 22
263 272 19
263 282 17
263 285 19
263 316 11
263 319 3
263 324 17
263 339 14
264 11 18
264 19 20
264 59 2
264 92 12
264 114 12
264 147 35
264 187 10
264 192 11
264 197 5
264 198 18
264 212 11
264 216 37
264 222 3
264 241 9
264 305 11
265 92 3
265 117 9
265 128 6
265 180 8
265 186 9
265 212 9
265 222 37
265 271 1
265 297 17
265 322 2
266 45 16
266 59 22
266 99 5
266 102 18
266 149 13
266 175 5
266 241 16
266 252 11
266 253 3
266 276 38
266 309 28
267 201 32
267 202 9
267 246 16
267 277 12
267 286 7
267 303 30
268 13 13
268 69 3
268 111 2
268 127 17
268 133 3
268 144 12
268 219 2
268 270 9
268 273 14
268 287 2
268 317 3
268 318 25
268 321 12
268 332 44
269 22 27
269 91 3
269 179 3
269 263 13
269 277 3
269 282 37
269 285 38
269 324 13
269 335 18
269 336 18
270 134 7
270 143 3
270 153 1
270 168 7
270 289 7
270 309 1
270 321 17
271 11 12
271 96 11
271 160 5
271 167 4
271 180 8
271 229 20
271 248 8
271 314 14
271 328 7
272 193 12
272 234 9
272 291 29
272 316 12
272 330 10
272 331 53
272 335 26
272 336 22
272 341 20
273 220 2
273 299 9
273 301 10
273 321 10
273 332 19
273 342 6
274 5 19
274 187 5
274 196 7
274 198 5
274 206 21
274 237 17
274 292 13
274 329 20
275 7 26
275 64 16
275 69 12
275 108 15
275 137 2
275 143 25
275 178 21
275 202 18
275 204 8
275 253 26
275 344 33
276 119 13
276 307 9
276 343 5
277 64 4
277 72 9
277 129 15
277 130 22
277 226 12
277 246 47
277 267 6
277 320 9
278 21 6
278 59 12
278 92 4
278 105 13
278 106 13
278 138 10
278 187 26
278 210 16
278 218 22
278 219 11
278 284 19
278 322 15
279 25 16
279 142 18
279 170 15
279 239 9
279 260 3
279 284 9
279 291 6
279 302 17
279 304 4
279 333 16
280 150 10
280 171 16
280 189 5
280 209 3
280 214 18
280 274 5
280 290 11
280 310 23
281 158 1
281 166 4
281 243 12
281 257 3
281 294 2
281 315 7
282 179 3
282 263 7
282 289 7
282 319 2
282 344 14
283 16 6
283 35 16
283 42 10
283 53 13
283 95 33
283 127 17
283 144 17
283 155 1
283 179 15
283 220 14
283 251 13
283 281 6
283 287 28
283 332 7
284 21 14
284 25 1
284 31 14
284 187 15
284 219 4
284 235 10
284 280 5
284 333 32
285 7 19
285 91 8
285 221 3
285 228 24
285 238 4
285 263 16
285 269 25
285 282 20
285 319 12
285 323 6
285 324 9
285 327 13
285 339 8
286 67 8
286 129 4
286 152 3
286 317 11
286 320 2
287 13 26
287 16 3
287 42 43
287 95 16
287 220 17
287 250 23
287 251 19
287 256 19
287 318 9
288 30 29
288 71 8
288 109 13
288 113 4
288 122 8
288 152 15
288 199 30
288 201 9
288 222 3
288 223 21
288 313 13
288 320 10
288 332 15
289 270 10
289 296 8
290 8 3
290 76 20
290 150 41
290 163 19
290 171 31
290 191 9
290 209 4
290 214 16
290 280 12
290 300 4
290 310 40
291 228 4
291 249 13
291 316 20
291 330 3
291 331 23
291 335 25
291 336 33
291 341 33
291 343 11
292 92 14
292 116 9
292 160 16
292 207 9
292 222 2
292 248 9
292 265 30
292 297 11
293 20 5
293 32 6
293 34 6
293 53 1
293 78 4
293 103 20
293 110 6
293 133 4
293 134 16
293 168 16
293 190 3
293 195 12
293 223 13
293 247 20
293 325 21
293 334 14
294 101 11
294 158 31
294 181 18
294 221 7
294 234 3
294 242 16
294 243 4
294 257 10
294 259 24
294 263 20
294 281 8
294 315 8
295 67 22
295 103 1
295 152 20
295 179 1
295 183 28
295 201 4
295 202 6
295 255 16
295 286 16
295 317 28
295 320 21
296 119 3
296 244 10
296 276 36
296 282 13
296 301 6
296 307 26
296 308 12
296 320 6
296 325 23
296 338 15
297 98 2
297 128 10
297 237 5
297 265 11
297 307 11
298 31 32
298 54 8
298 173 11
298 207 10
298 311 4
298 337 5
298 340 12
299 7 14
299 13 20
299 20 9
299 38 3
299 48 17
299 76 16
299 97 9
299 127 15
299 220 2
299 268 23
299 275 4
299 287 8
299 318 40
299 321 18
299 332 14
299 336 27
300 8 9
300 25 2
300 153 5
300 163 38
300 194 21
300 270 4
300 289 4
300 309 2
300 323 7
300 325 36
301 119 26
301 135 2
301 201 16
301 223 3
301 234 3
301 276 34
301 286 25
301 296 15
301 307 12
301 338 18
302 25 2
302 170 2
302 239 7
302 279 6
302 300 11
302 304 3
302 333 2
302 337 8
303 152 11
303 226 14
303 246 1
303 259 7
303 267 4
303 277 12
304 25 12
304 142 13
304 170 17
304 215 16
304 239 59
304 260 21
304 302 31
304 333 43
305 14 10
305 106 6
305 114 9
305 180 9
305 256 20
306 54 5
306 182 8
306 207 5
306 314 19
306 334 2
306 337 9
306 342 11
307 119 10
307 238 2
307 242 7
307 338 2
308 66 4
308 129 19
308 184 3
308 201 17
308 226 7
308 286 20
308 296 5
308 326 9
309 163 12
309 194 13
309 270 4
309 289 5
309 300 6
309 306 15
309 323 15
309 330 6
310 76 13
310 150 5
310 214 6
310 233 1
311 31 31
311 54 13
311 182 7
311 274 1
311 298 18
311 306 19
311 334 12
311 342 11
312 25 8
312 147 1
312 217 7
312 224 13
312 261 18
312 274 15
312 340 24
312 343 37
313 30 15
313 71 13
313 108 13
313 109 6
313 184 13
313 199 15
313 201 30
313 232 48
313 303 19
313 326 4
314 45 12
314 65 10
314 96 29
314 123 14
314 167 13
314 180 31
314 182 20
314 186 11
314 229 2
314 328 15
314 329 21
315 257 3
315 276 12
316 228 1
316 291 3
316 315 10
316 330 7
316 331 8
316 335 1
316 336 18
316 341 31
317 67 5
317 152 5
317 178 21
317 246 5
317 339 4
318 48 9
318 97 10
318 106 13
318 111 12
318 127 1
318 234 9
318 259 11
318 266 6
318 273 20
318 321 6
318 332 5
319 7 13
319 91 4
319 234 8
319 238 6
319 269 1
319 307 29
319 335 10
319 339 5
319 343 10
320 67 14
320 183 13
320 201 4
320 295 16
320 317 15
321 171 12
321 268 13
322 151 13
322 198 5
322 206 24
322 274 32
322 305 18
322 329 2
323 153 7
323 163 7
323 194 16
323 270 9
323 286 15
323 289 9
323 300 2
323 325 20
324 7 1
324 22 8
324 91 3
324 221 3
324 234 4
324 263 5
324 282 24
324 285 3
324 339 2
324 344 32
325 237 7
325 261 4
326 161 8
326 204 3
326 232 11
326 308 3
327 76 1
327 143 4
327 237 9
327 257 9
327 285 6
327 337 14
328 167 4
328 256 1
328 314 5
329 151 1
329 206 6
329 216 3
329 237 30
329 322 7
330 228 15
330 291 12
330 316 7
330 331 29
330 335 11
330 336 22
330 341 14
331 228 12
331 336 1
331 341 3
332 13 3
332 97 13
332 289 3
332 299 4
332 321 42
333 260 1
333 302 5
334 182 2
334 207 27
334 298 14
334 306 5
334 342 2
335 272 6
335 316 2
335 331 16
336 272 6
336 316 10
336 330 8
336 331 13
336 335 17
337 31 9
337 143 8
337 182 10
337 207 5
337 311 8
337 334 16
337 342 6
338 119 19
338 223 23
338 237 1
338 276 35
338 296 8
338 307 18
339 91 14
339 263 8
339 269 9
339 282 6
339 319 13
340 6 1
340 217 15
340 224 19
340 261 12
340 343 13
341 228 8
341 291 5
341 316 17
341 331 15
341 335 19
341 336 6
342 31 10
342 182 4
342 298 1
342 306 10
343 261 12
344 143 13
