0 2 9
0 7 17
0 13 4
0 16 16
0 76 13
0 84 27
0 88 9
0 96 40
0 110 7
0 113 11
0 131 8
0 206 28
0 234 12
0 245 14
0 265 10
0 295 10
0 321 14
0 327 35
1 0 10
1 4 9
1 6 4
1 8 20
1 9 3
1 50 10
1 79 4
1 86 2
1 93 13
1 101 10
1 108 5
1 145 7
1 200 15
1 289 38
1 293 26
1 296 15
1 303 15
1 315 23
1 316 5
2 22 13
2 93 16
2 112 3
2 116 24
2 128 2
2 149 5
2 210 6
2 242 5
2 252 15
2 288 15
2 295 3
2 322 23
3 1 10
3 11 12
3 24 30
3 46 16
3 125 26
3 136 5
3 173 19
3 231 27
3 241 14
3 253 23
3 254 10
3 265 12
3 316 18
3 328 20
3 338 22
3 340 24
4 2 1
4 60 9
4 61 15
4 80 22
4 150 22
4 274 25
4 287 13
4 296 13
4 330 27
4 337 12
4 339 13
5 24 5
5 70 2
5 91 10
5 182 5
5 184 15
5 193 21
5 242 17
5 253 12
5 257 16
5 300 4
5 342 14
6 1 17
6 8 17
6 9 24
6 30 15
6 31 25
6 61 17
6 64 9
6 71 6
6 79 12
6 87 8
6 108 16
6 134 20
6 140 10
6 155 20
6 214 17
6 234 17
6 316 8
6 336 37
7 0 7
7 54 3
7 82 3
7 84 13
7 92 28
7 113 10
7 206 4
7 230 6
7 327 5
8 1 10
8 9 9
8 15 13
8 71 11
8 89 8
8 101 14
8 108 9
8 152 2
8 180 28
8 191 8
8 219 20
8 234 23
8 238 7
8 270 14
8 285 17
8 333 33
8 334 42
9 1 10
9 30 8
9 71 11
9 108 15
9 119 12
9 147 3
9 155 13
9 215 13
9 232 21
9 253 13
9 282 22
9 304 3
9 308 26
9 338 7
10 1 2
10 4 12
10 38 9
10 39 10
10 60 22
10 61 45
10 70 10
10 80 42
10 105 15
10 135 28
10 137 10
10 179 13
10 180 20
10 207 3
10 236 20
10 243 10
10 308 27
10 326 33
10 329 36
11 136 10
11 173 16
11 204 3
11 241 3
11 254 13
11 265 7
11 277 8
11 278 15
11 283 13
11 316 6
11 319 10
11 323 24
11 328 13
11 340 25
12 3 16
12 11 6
12 24 18
12 100 29
12 125 8
12 143 9
12 164 35
12 173 1
12 241 7
12 249 7
12 254 4
12 265 16
12 267 8
12 323 2
12 328 10
12 340 15
13 7 21
13 21 21
13 29 27
13 30 24
13 76 16
13 84 30
13 113 14
13 123 3
13 159 45
13 178 20
13 181 20
13 201 20
13 245 7
13 282 16
13 295 26
13 313 21
13 319 17
13 326 27
13 327 50
14 37 16
14 65 8
14 91 7
14 132 6
14 150 14
14 157 12
14 165 6
14 231 28
14 246 14
14 255 5
14 259 2
14 306 12
14 331 10
14 342 6
15 29 10
15 65 8
15 66 5
15 74 5
15 144 23
15 193 4
15 210 7
15 215 11
15 259 12
15 272 7
15 310 16
15 324 11
16 27 20
16 31 21
16 37 16
16 92 31
16 98 23
16 121 2
16 132 21
16 139 12
16 146 10
16 170 7
16 306 20
16 307 25
17 16 3
17 47 24
17 79 6
17 98 27
17 144 8
17 146 23
17 165 7
17 169 19
17 173 7
17 205 4
17 212 9
17 222 12
17 255 2
17 283 15
17 284 16
17 290 2
17 304 5
18 5 28
18 21 4
18 70 17
18 78 21
18 85 10
18 138 3
18 160 7
18 180 24
18 182 8
18 184 11
18 198 6
18 217 8
18 228 23
18 239 19
18 245 1
18 271 14
18 311 24
19 2 14
19 8 13
19 22 40
19 25 8
19 63 9
19 93 7
19 112 14
19 119 3
19 122 12
19 172 14
19 203 23
19 212 37
19 276 13
19 290 10
19 292 20
19 324 17
20 14 23
20 36 27
20 37 23
20 52 1
20 57 10
20 70 2
20 82 19
20 107 2
20 111 3
20 127 23
20 135 8
20 140 7
20 166 32
20 196 37
20 231 32
20 246 35
20 263 10
20 273 38
20 298 28
20 342 34
21 53 15
21 83 25
21 86 13
21 98 12
21 161 13
21 176 8
21 179 12
21 180 16
21 182 11
21 184 17
21 194 17
21 240 7
21 271 6
21 277 14
21 289 17
21 296 34
21 303 28
21 315 12
21 339 7
22 7 4
22 63 3
22 68 5
22 80 6
22 97 5
22 203 28
22 242 19
22 253 19
22 281 11
22 333 10
22 340 23
22 342 7
23 2 7
23 16 7
23 18 23
23 27 8
23 31 7
23 38 7
23 56 5
23 58 1
23 62 30
23 79 10
23 92 26
23 121 19
23 123 6
23 134 31
23 139 3
23 142 25
23 144 13
23 152 7
23 157 41
23 216 5
23 223 1
23 251 27
23 323 40
24 11 5
24 65 4
24 126 11
24 136 13
24 241 3
24 265 14
24 266 11
24 280 2
24 323 1
24 340 10
25 7 11
25 109 6
25 151 17
25 156 8
25 164 27
25 177 12
25 190 8
25 212 21
25 213 10
25 247 39
25 249 35
25 256 11
25 267 12
25 301 6
26 1 12
26 4 20
26 6 12
26 8 30
26 9 16
26 27 18
26 30 22
26 50 4
26 71 22
26 77 26
26 89 8
26 95 20
26 108 12
26 155 36
26 193 13
26 214 45
26 256 21
26 263 18
26 326 40
26 333 28
27 9 29
27 16 8
27 23 6
27 31 14
27 44 16
27 47 20
27 48 16
27 56 14
27 58 36
27 77 13
27 92 23
27 121 5
27 134 14
27 139 6
27 214 12
27 221 23
27 251 15
27 255 25
27 303 41
28 7 3
28 86 6
28 159 9
28 184 13
28 196 8
28 239 2
28 261 6
28 279 10
28 312 8
28 320 13
28 327 30
29 11 21
29 15 8
29 66 20
29 131 5
29 272 8
29 297 18
29 300 16
29 316 13
29 319 2
30 1 10
30 8 22
30 11 9
30 26 14
30 71 12
30 84 4
30 112 4
30 117 11
30 146 14
30 197 14
30 264 13
30 297 7
31 30 12
31 56 11
31 87 13
31 92 7
31 134 2
31 142 4
31 190 28
31 285 20
31 297 18
31 336 11
31 338 33
32 0 11
32 5 10
32 44 23
32 94 7
32 112 20
32 115 51
32 118 11
32 147 19
32 158 25
32 163 16
32 168 8
32 175 40
32 179 14
32 189 6
32 206 8
32 207 30
32 237 33
32 269 32
32 323 20
33 99 23
33 129 10
33 133 2
33 190 12
33 213 8
33 229 18
33 288 4
33 314 29
33 341 25
33 344 20
34 32 7
34 37 11
34 57 5
34 59 5
34 66 9
34 73 5
34 134 9
34 135 1
34 143 4
34 196 4
34 216 1
34 260 15
34 281 18
34 324 17
34 332 20
34 342 47
35 34 13
35 37 14
35 40 1
35 49 19
35 56 11
35 59 4
35 64 28
35 77 34
35 112 11
35 114 42
35 132 24
35 135 5
35 152 2
35 163 16
35 216 15
35 262 30
35 268 25
35 278 57
35 285 29
35 298 21
35 310 19
35 322 42
36 25 6
36 52 13
36 80 11
36 89 6
36 111 5
36 127 11
36 166 7
36 186 7
36 244 1
36 265 7
36 273 25
36 296 27
36 298 2
37 34 3
37 35 12
37 49 6
37 57 9
37 106 10
37 114 13
37 124 8
37 152 16
37 166 14
37 184 9
37 224 21
37 231 16
37 299 41
37 340 33
37 342 43
38 4 35
38 10 32
38 39 24
38 59 11
38 60 33
38 61 27
38 80 68
38 84 16
38 102 4
38 105 9
38 107 8
38 119 28
38 137 13
38 145 23
38 154 26
38 278 55
38 295 16
38 341 46
39 4 17
39 6 13
39 10 1
39 29 13
39 51 26
39 61 27
39 80 41
39 107 17
39 121 8
39 137 4
39 138 8
39 255 5
39 273 25
39 278 36
39 281 13
39 300 42
40 1 9
40 2 22
40 6 6
40 8 23
40 9 15
40 26 38
40 30 43
40 38 10
40 42 22
40 43 7
40 50 15
40 58 1
40 65 48
40 71 49
40 79 28
40 89 15
40 108 33
40 114 38
40 115 24
40 126 22
40 151 24
40 156 10
40 247 50
40 268 25
40 284 32
41 15 13
41 29 19
41 47 8
41 62 11
41 66 8
41 73 10
41 94 10
41 131 3
41 133 9
41 148 26
41 225 26
41 226 26
41 233 17
41 256 12
41 257 12
41 272 14
41 275 17
41 335 18
41 341 38
42 15 18
42 83 17
42 85 14
42 194 3
42 200 26
42 202 6
42 220 16
42 232 24
42 238 40
42 242 11
42 282 31
42 287 11
42 293 11
42 299 50
42 318 20
42 330 23
42 339 16
43 2 15
43 17 7
43 19 21
43 22 17
43 42 20
43 45 13
43 63 14
43 68 12
43 90 10
43 93 3
43 107 13
43 112 14
43 128 6
43 136 5
43 161 10
43 163 16
43 174 8
43 194 27
43 203 15
43 209 22
43 280 30
43 293 35
44 75 7
44 88 8
44 115 17
44 118 2
44 158 11
44 175 20
44 179 15
44 207 14
44 237 15
44 295 11
44 321 20
45 2 19
45 19 15
45 22 13
45 43 11
45 50 30
45 63 5
45 68 17
45 90 8
45 93 1
45 102 14
45 116 7
45 119 20
45 123 2
45 124 7
45 128 17
45 162 14
45 188 54
45 203 7
45 214 32
45 218 33
45 244 18
45 271 21
45 306 22
46 81 19
46 104 8
46 138 16
46 200 22
46 202 2
46 213 19
46 221 1
46 223 1
46 228 14
46 239 23
46 240 15
46 259 10
46 263 2
46 307 18
46 314 5
46 331 20
47 15 10
47 29 11
47 66 11
47 73 9
47 74 9
47 75 13
47 94 7
47 131 9
47 142 36
47 144 8
47 169 18
47 177 5
47 190 4
47 204 6
47 210 4
47 226 32
47 233 16
47 259 5
47 272 6
47 302 21
47 327 14
47 341 30
48 15 15
48 16 3
48 27 16
48 31 33
48 47 8
48 68 15
48 92 18
48 121 16
48 142 43
48 155 13
48 195 10
48 222 30
48 251 10
48 318 11
49 22 1
49 25 10
49 35 3
49 36 7
49 54 4
49 57 20
49 84 15
49 114 14
49 117 16
49 121 3
49 135 23
49 188 29
49 222 14
49 225 12
49 249 22
49 254 20
50 1 7
50 6 9
50 8 10
50 9 21
50 22 2
50 30 3
50 71 4
50 78 11
50 83 12
50 108 24
50 114 2
50 166 4
50 239 2
50 296 22
50 333 24
50 334 30
51 4 28
51 10 31
51 13 39
51 34 4
51 38 3
51 55 25
51 60 41
51 61 36
51 80 35
51 90 10
51 105 13
51 112 29
51 137 26
51 156 7
51 197 18
51 200 34
51 215 37
51 252 38
51 267 31
51 286 15
51 344 29
52 20 12
52 36 6
52 111 12
52 126 8
52 127 14
52 166 29
52 194 31
52 199 22
52 215 23
52 273 14
52 339 13
53 3 24
53 44 7
53 50 12
53 83 12
53 126 8
53 145 26
53 161 8
53 194 13
53 223 3
53 250 15
53 251 22
53 277 16
53 289 23
53 293 16
53 295 20
53 296 33
53 303 37
53 315 2
53 319 29
54 28 13
54 72 21
54 83 20
54 106 16
54 118 8
54 187 1
54 234 30
54 244 4
54 248 34
54 280 5
54 311 33
54 321 12
54 323 13
55 188 8
55 269 8
56 14 6
56 31 9
56 48 9
56 73 2
56 92 47
56 121 12
56 134 5
56 137 3
56 139 3
56 142 40
56 169 15
56 205 27
56 233 29
56 235 2
56 283 30
56 290 9
56 297 34
56 310 5
57 34 23
57 35 1
57 37 6
57 78 12
57 114 12
57 117 12
57 195 1
57 248 17
57 254 3
57 272 20
57 337 14
58 16 22
58 23 18
58 31 12
58 48 26
58 56 33
58 71 25
58 92 15
58 107 6
58 121 14
58 124 3
58 134 49
58 137 19
58 139 21
58 142 23
58 169 38
58 216 12
58 222 15
58 232 50
58 250 33
58 290 16
58 298 49
58 317 37
58 333 26
59 23 22
59 26 7
59 34 16
59 35 17
59 37 29
59 42 20
59 49 10
59 57 65
59 64 20
59 71 8
59 88 33
59 91 33
59 114 24
59 124 6
59 135 35
59 152 37
59 155 35
59 193 31
59 216 2
59 219 24
59 242 29
59 326 44
59 328 29
60 4 3
60 8 15
60 39 12
60 61 13
60 80 9
60 104 5
60 130 29
60 189 14
60 200 20
60 206 15
60 236 35
60 237 12
60 309 4
60 324 27
61 4 18
61 51 7
61 52 5
61 60 7
61 80 41
61 82 3
61 105 2
61 137 12
61 253 27
61 339 32
62 67 6
62 74 4
62 95 21
62 109 3
62 143 19
62 148 5
62 172 1
62 224 28
62 227 6
62 235 15
62 247 13
62 258 9
62 276 2
62 322 14
63 2 34
63 41 4
63 61 6
63 62 20
63 67 10
63 79 5
63 90 9
63 91 27
63 93 6
63 102 12
63 116 12
63 131 11
63 141 33
63 236 14
63 256 8
63 305 24
64 24 25
64 34 20
64 37 10
64 48 11
64 49 13
64 57 36
64 106 25
64 114 24
64 135 12
64 152 14
64 204 8
64 205 5
64 213 1
64 323 43
64 324 21
64 331 2
64 340 62
65 132 4
65 258 4
65 331 19
65 344 5
66 15 1
66 41 2
66 68 5
66 69 25
66 74 3
66 92 8
66 100 11
66 103 21
66 150 16
66 183 10
66 204 11
66 210 44
66 251 20
66 252 31
66 272 17
67 41 7
67 69 5
67 83 8
67 96 60
67 103 10
67 122 7
67 125 3
67 131 4
67 133 5
67 136 3
67 188 5
67 209 24
67 226 8
67 229 9
67 249 17
67 256 26
67 305 18
67 317 37
68 2 3
68 19 7
68 63 23
68 69 16
68 103 14
68 112 7
68 128 7
68 227 6
68 262 9
68 302 24
68 317 15
68 322 38
69 96 28
69 103 7
69 148 5
69 177 16
69 209 9
69 224 13
69 226 1
69 262 11
69 301 18
69 305 18
69 335 20
70 0 4
70 5 13
70 13 1
70 18 18
70 72 33
70 78 10
70 84 2
70 96 12
70 158 12
70 160 2
70 169 26
70 182 10
70 184 18
70 217 5
70 294 25
70 342 8
70 343 15
71 6 2
71 16 3
71 30 1
71 157 8
71 205 25
71 219 6
71 236 28
71 238 19
71 264 12
71 333 4
72 96 17
72 106 2
72 187 24
72 234 2
72 248 2
72 280 8
72 291 26
72 343 12
73 12 6
73 15 16
73 29 10
73 47 4
73 66 15
73 74 3
73 94 11
73 100 8
73 131 21
73 143 21
73 151 10
73 164 19
73 190 6
73 210 70
73 267 2
73 272 20
73 305 24
74 15 16
74 20 9
74 29 7
74 31 13
74 41 4
74 47 11
74 66 10
74 82 4
74 90 16
74 100 14
74 114 18
74 161 11
74 167 13
74 204 10
74 210 18
74 272 11
74 275 7
74 324 9
74 325 31
75 15 1
75 29 22
75 41 15
75 60 20
75 66 14
75 73 24
75 74 12
75 90 12
75 94 16
75 100 8
75 115 20
75 123 13
75 131 42
75 142 11
75 180 32
75 192 19
75 194 24
75 210 20
75 250 34
75 273 19
75 307 30
76 7 44
76 13 5
76 18 12
76 28 16
76 56 4
76 61 15
76 84 20
76 113 5
76 158 20
76 245 44
76 261 23
76 295 1
76 299 39
76 308 19
76 312 42
76 327 3
76 343 21
77 155 4
77 170 8
77 195 6
77 214 12
77 215 20
77 308 5
77 338 18
78 5 6
78 18 4
78 42 5
78 80 6
78 104 1
78 139 2
78 182 6
78 184 2
78 195 1
78 202 4
78 217 19
78 242 30
78 334 32
79 8 19
79 9 15
79 19 3
79 26 16
79 30 11
79 50 13
79 71 21
79 89 7
79 98 31
79 170 3
79 251 29
79 268 13
79 290 4
79 296 23
80 60 18
80 185 16
80 238 8
80 287 12
80 289 5
80 315 5
80 334 28
80 339 7
81 31 5
81 55 2
81 104 21
81 138 8
81 158 19
81 228 8
81 232 46
81 239 6
81 242 11
81 274 25
81 300 21
81 336 9
81 337 42
82 46 9
82 78 8
82 81 8
82 104 24
82 126 16
82 138 11
82 161 16
82 197 6
82 202 43
82 221 5
82 238 15
82 239 6
82 259 3
82 326 6
83 126 19
83 145 12
83 221 1
83 232 27
83 246 9
83 282 22
83 289 5
83 296 7
83 315 6
83 321 17
84 71 3
84 78 24
84 294 21
84 320 7
84 325 3
84 327 17
85 28 4
85 138 9
85 189 1
85 200 18
85 220 5
85 232 41
85 238 8
85 243 9
85 284 22
85 287 7
85 289 6
85 299 13
85 330 14
86 28 19
86 72 3
86 147 6
86 159 27
86 173 19
86 191 9
86 207 7
86 243 4
86 249 25
86 261 25
86 270 18
86 279 17
86 309 13
87 29 15
87 33 29
87 66 22
87 111 9
87 119 23
87 133 20
87 156 17
87 161 28
87 167 3
87 171 22
87 211 1
87 233 13
87 251 12
87 252 9
87 258 13
87 263 19
87 305 6
87 314 27
87 341 48
88 3 3
88 11 3
88 125 14
88 129 24
88 131 16
88 162 3
88 163 31
88 193 9
88 244 3
88 266 14
88 281 21
88 304 9
88 316 7
88 340 11
89 6 10
89 9 30
89 26 10
89 30 42
89 40 7
89 45 17
89 50 38
89 53 7
89 56 7
89 71 21
89 79 18
89 108 15
89 113 2
89 144 4
89 148 31
89 201 14
89 225 12
89 269 28
89 317 22
89 328 7
90 22 16
90 62 8
90 68 27
90 116 2
90 183 21
90 203 8
90 258 10
90 275 25
90 294 25
90 317 36
91 65 11
91 98 3
91 132 4
91 150 14
91 165 17
91 252 8
91 255 9
91 306 27
91 322 5
91 331 11
92 31 9
92 57 2
92 80 9
92 95 1
92 121 3
92 132 8
92 142 44
92 151 12
92 304 9
92 310 14
92 314 9
92 331 4
93 3 21
93 22 17
93 46 16
93 48 11
93 63 18
93 68 45
93 90 14
93 102 12
93 119 6
93 189 7
93 283 35
93 318 19
93 337 35
93 339 20
94 15 13
94 29 1
94 30 14
94 64 3
94 66 8
94 73 13
94 74 13
94 75 7
94 100 1
94 106 23
94 128 23
94 131 28
94 163 12
94 210 8
94 272 18
94 273 10
94 325 11
94 328 6
95 62 7
95 69 2
95 96 17
95 143 31
95 192 16
95 212 15
95 224 17
95 226 4
95 227 19
95 235 4
95 257 9
95 272 3
95 276 9
95 335 5
96 305 3
96 343 7
97 28 19
97 84 6
97 130 26
97 159 34
97 208 6
97 294 14
97 312 29
97 313 19
97 320 46
97 325 1
97 333 17
97 343 15
98 222 11
98 257 11
98 268 2
98 284 11
99 24 4
99 55 2
99 288 2
99 302 3
99 305 8
99 344 4
100 6 12
100 15 10
100 25 7
100 29 33
100 41 4
100 47 33
100 49 16
100 50 12
100 92 4
100 94 15
100 131 12
100 204 10
100 219 4
100 266 7
100 277 21
100 291 29
100 314 25
101 106 9
101 150 8
101 186 16
101 228 6
101 250 5
101 252 19
101 269 7
101 286 4
101 304 4
101 306 12
101 310 13
101 319 2
102 2 30
102 6 2
102 19 14
102 22 8
102 43 3
102 45 3
102 63 12
102 68 2
102 90 21
102 112 18
102 116 19
102 119 30
102 174 11
102 183 26
102 251 41
102 278 14
102 280 23
102 285 29
102 302 40
103 236 12
103 252 15
103 269 3
103 278 20
103 285 13
103 300 20
103 325 9
103 331 4
103 332 4
103 338 15
104 8 9
104 81 29
104 85 2
104 191 13
104 202 1
104 220 23
104 231 4
104 239 3
104 240 2
104 259 6
104 334 46
104 339 21
105 4 47
105 10 8
105 37 10
105 38 8
105 39 6
105 60 18
105 61 3
105 80 42
105 116 10
105 137 6
105 149 9
105 202 27
105 205 32
105 254 7
105 260 17
105 271 8
105 329 25
105 333 2
106 54 9
106 72 21
106 88 9
106 187 3
106 227 5
106 248 5
106 280 5
106 293 6
106 311 11
107 9 21
107 63 10
107 94 10
107 97 14
107 178 48
107 184 10
107 208 14
107 279 8
107 294 24
107 312 18
107 313 52
107 320 21
107 343 82
108 6 9
108 8 22
108 30 8
108 31 9
108 45 8
108 50 26
108 68 5
108 71 10
108 104 1
108 161 19
108 184 19
108 232 22
108 313 7
108 315 9
108 334 32
109 25 2
109 28 2
109 33 9
109 164 25
109 190 19
109 210 34
109 213 3
109 224 2
109 247 39
109 249 48
109 256 16
109 267 24
109 302 14
109 314 15
109 341 19
109 344 43
110 28 20
110 86 31
110 118 10
110 138 16
110 147 53
110 159 27
110 166 16
110 185 22
110 217 9
110 253 16
110 254 29
110 270 46
110 271 14
110 274 25
110 279 12
110 282 20
111 18 6
111 20 3
111 36 17
111 37 20
111 52 1
111 105 7
111 116 17
111 127 9
111 156 17
111 162 16
111 166 29
111 196 15
111 202 4
111 205 20
111 271 9
111 273 13
112 19 2
112 22 8
112 45 17
112 63 13
112 68 18
112 69 41
112 93 31
112 96 25
112 116 6
112 119 11
112 120 9
112 203 13
112 227 18
112 292 9
112 297 24
112 316 6
112 330 33
112 333 13
113 13 7
113 33 10
113 84 19
113 123 2
113 176 33
113 185 24
113 198 25
113 201 5
113 206 5
113 245 14
113 266 42
113 278 21
113 295 3
113 327 28
113 341 20
113 342 26
114 34 2
114 37 5
114 57 16
114 64 20
114 65 16
114 119 4
114 125 11
114 142 8
114 143 7
114 188 29
114 229 9
114 335 15
115 145 5
115 175 10
115 211 5
115 237 20
116 19 2
116 22 2
116 25 8
116 43 31
116 68 11
116 71 9
116 96 11
116 142 7
116 209 11
116 212 5
116 224 31
116 272 19
116 274 6
116 301 15
116 338 22
117 12 21
117 54 23
117 72 33
117 106 67
117 123 19
117 154 38
117 187 40
117 189 15
117 197 13
117 234 12
117 248 30
117 267 8
117 280 32
117 291 18
117 323 6
117 330 17
118 32 1
118 44 7
118 83 1
118 115 56
118 158 25
118 175 15
118 198 3
118 227 2
118 237 29
118 261 6
118 312 10
118 321 19
118 325 13
119 2 15
119 22 16
119 43 7
119 63 21
119 68 2
119 90 40
119 116 10
119 128 1
119 129 15
119 145 13
119 192 2
119 203 1
119 247 14
119 304 20
119 338 24
120 2 25
120 19 23
120 22 19
120 24 36
120 26 4
120 29 35
120 43 10
120 45 7
120 46 6
120 56 16
120 63 8
120 68 10
120 76 6
120 81 19
120 90 13
120 93 2
120 99 45
120 109 36
120 116 37
120 119 8
120 121 11
120 128 7
120 141 24
120 203 26
120 210 25
120 225 19
121 14 25
121 16 7
121 24 21
121 61 8
121 73 9
121 139 2
121 142 1
121 155 29
121 170 11
121 218 13
121 272 11
121 277 15
121 317 45
122 5 11
122 33 15
122 62 6
122 63 5
122 67 11
122 69 19
122 96 30
122 148 6
122 177 1
122 188 32
122 209 44
122 226 19
122 235 16
122 237 2
122 288 52
122 297 23
122 305 18
122 310 4
122 317 17
123 0 11
123 7 14
123 76 13
123 84 50
123 113 18
123 115 30
123 145 6
123 178 7
123 201 16
123 206 14
123 211 17
123 246 23
123 261 8
123 295 2
123 320 23
123 327 4
124 34 18
124 35 15
124 49 7
124 57 29
124 59 3
124 64 5
124 99 27
124 114 16
124 127 23
124 135 20
124 160 11
124 162 6
124 187 46
124 207 17
124 215 54
124 244 28
124 264 36
124 285 33
124 333 34
125 88 18
125 129 6
125 162 10
125 193 7
125 244 47
125 266 21
125 281 17
125 284 7
125 305 1
125 316 3
126 21 14
126 145 2
126 194 3
126 200 6
126 277 14
126 280 5
126 296 25
126 303 25
126 315 3
127 29 1
127 36 8
127 111 11
127 154 9
127 187 10
127 233 11
127 286 1
128 2 22
128 19 3
128 22 8
128 30 6
128 43 4
128 45 11
128 60 1
128 63 3
128 65 31
128 90 8
128 102 4
128 112 16
128 116 15
128 120 3
128 193 20
128 200 28
128 203 5
128 228 14
128 253 48
128 307 25
128 328 9
128 342 35
129 3 3
129 67 4
129 73 3
129 89 13
129 125 20
129 162 26
129 163 7
129 173 4
129 193 24
129 241 8
129 244 10
129 266 45
129 272 22
129 275 1
129 281 39
129 316 18
129 330 18
130 154 11
130 168 4
130 230 10
130 271 11
130 299 21
130 309 3
130 321 34
130 343 8
131 3 5
131 11 10
131 15 11
131 47 11
131 66 9
131 73 14
131 83 19
131 100 10
131 114 7
131 171 11
131 210 10
131 244 18
131 246 46
131 272 7
131 318 10
132 14 6
132 65 6
132 91 16
132 236 30
132 255 3
132 260 3
132 297 1
132 306 2
133 29 5
133 33 2
133 62 2
133 98 18
133 103 7
133 164 9
133 252 12
133 256 17
133 314 8
133 341 8
134 16 2
134 31 11
134 48 5
134 65 5
134 92 28
134 112 7
134 121 4
134 141 11
134 142 16
134 143 8
134 188 3
134 195 6
134 245 7
134 277 4
134 284 12
134 314 9
135 31 16
135 34 4
135 37 23
135 49 11
135 57 10
135 82 4
135 108 6
135 114 13
135 180 30
135 186 15
135 203 7
135 216 7
135 226 6
135 242 24
135 262 5
135 333 25
136 3 25
136 11 13
136 12 22
136 46 2
136 111 17
136 115 18
136 173 22
136 193 28
136 194 15
136 215 8
136 231 16
136 234 2
136 241 8
136 254 26
136 265 4
136 290 19
136 293 9
136 323 5
136 325 8
136 328 13
136 340 9
137 4 12
137 39 11
137 60 19
137 61 9
137 80 17
137 105 13
137 202 14
137 204 12
137 220 34
137 232 53
137 243 18
137 272 10
137 275 36
137 295 10
137 315 16
137 330 16
138 9 7
138 16 13
138 82 9
138 104 20
138 110 4
138 174 2
138 253 21
138 259 14
138 274 30
138 282 15
138 294 11
139 16 4
139 31 32
139 48 1
139 56 1
139 92 24
139 108 5
139 121 2
139 134 27
139 142 17
139 152 12
139 166 8
139 167 14
139 171 20
139 201 13
139 236 37
139 244 26
139 261 6
139 269 33
139 300 27
139 306 21
139 341 7
140 20 21
140 36 39
140 52 22
140 82 10
140 86 7
140 111 28
140 127 76
140 144 17
140 160 19
140 166 23
140 196 16
140 208 15
140 245 9
140 255 28
140 263 22
140 273 53
140 298 13
140 342 50
141 55 7
141 99 24
141 188 1
141 209 19
141 224 9
141 227 8
141 256 9
141 288 12
141 292 9
141 301 41
141 317 36
141 322 28
141 335 37
141 344 17
142 16 2
142 27 4
142 31 4
142 69 10
142 96 20
142 121 2
142 262 15
142 301 3
143 224 15
143 227 22
143 235 8
143 275 5
143 276 5
143 344 15
144 17 18
144 38 6
144 62 5
144 66 13
144 98 40
144 146 58
144 157 14
144 169 37
144 205 21
144 222 4
144 251 29
144 264 25
144 268 28
144 284 27
144 304 39
144 314 3
145 21 1
145 33 2
145 161 1
145 194 8
145 211 7
145 277 2
145 289 21
145 296 28
146 17 6
146 98 41
146 161 13
146 205 17
146 214 6
146 251 8
146 268 10
146 276 4
146 281 12
146 284 9
146 304 10
147 16 7
147 28 4
147 110 4
147 159 13
147 231 8
147 236 27
147 279 8
147 312 5
147 320 19
147 343 13
148 55 23
148 99 23
148 114 4
148 209 11
148 212 19
148 257 28
148 288 6
148 305 3
148 317 15
149 55 28
149 96 17
149 99 55
149 101 25
149 122 1
149 148 33
149 150 10
149 177 11
149 183 30
149 209 11
149 210 18
149 212 24
149 225 8
149 249 9
149 252 25
149 257 19
149 300 27
149 305 21
150 14 8
150 65 7
150 91 9
150 103 9
150 132 5
150 157 13
150 165 4
150 252 3
150 255 1
150 331 6
151 25 7
151 29 10
151 109 3
151 164 33
151 188 11
151 190 28
151 195 3
151 213 6
151 225 5
151 247 13
151 249 22
151 256 17
151 267 25
151 275 13
151 301 6
151 322 10
151 324 10
152 34 20
152 35 12
152 49 5
152 57 16
152 59 5
152 64 2
152 105 10
152 114 24
152 124 18
152 127 11
152 174 12
152 216 1
152 234 10
152 253 13
152 291 4
152 295 16
152 336 30
152 341 17
153 100 17
153 101 9
153 118 3
153 161 11
153 174 4
153 179 14
153 186 48
153 194 13
153 228 11
153 250 20
153 260 24
153 263 7
153 283 6
153 286 17
153 293 31
153 318 33
153 319 31
153 325 11
153 332 17
154 54 5
154 117 19
154 191 1
154 242 30
154 246 4
154 269 8
154 302 32
154 309 16
154 342 16
155 77 3
155 193 17
155 195 6
155 197 9
155 214 28
155 215 8
155 260 33
155 285 5
155 308 5
155 326 9
155 338 27
156 33 8
156 52 6
156 91 8
156 133 9
156 229 8
156 233 22
156 252 43
156 258 14
156 259 5
156 278 10
156 314 22
156 341 67
157 14 2
157 55 16
157 65 21
157 91 20
157 101 28
157 128 2
157 132 6
157 146 4
157 150 7
157 257 7
157 306 3
157 331 3
158 44 3
158 115 19
158 175 44
158 237 18
158 287 5
158 292 14
158 337 1
159 85 6
159 130 12
159 185 8
159 261 10
159 313 1
159 324 15
159 343 20
160 5 10
160 13 17
160 18 19
160 34 16
160 58 10
160 70 2
160 78 23
160 84 11
160 97 23
160 138 11
160 147 5
160 164 25
160 182 19
160 184 17
160 185 32
160 199 4
160 217 17
160 296 18
160 299 49
160 325 37
161 11 7
161 21 4
161 53 6
161 126 17
161 145 7
161 194 3
161 238 5
161 250 3
161 273 7
161 277 14
161 303 9
161 315 4
162 22 11
162 25 4
162 88 2
162 126 5
162 129 2
162 163 11
162 180 35
162 193 20
162 244 7
162 266 24
162 280 13
162 281 27
162 311 36
162 316 10
162 340 2
163 36 21
163 64 2
163 76 5
163 125 25
163 129 3
163 132 2
163 162 26
163 193 30
163 244 4
163 266 33
163 268 11
163 281 12
163 285 15
164 247 10
164 269 4
164 322 7
164 344 9
165 16 1
165 65 20
165 91 26
165 98 22
165 108 8
165 132 16
165 150 10
165 157 21
165 255 13
165 290 5
165 331 3
166 5 2
166 24 13
166 36 15
166 105 9
166 127 31
166 196 17
166 273 15
166 298 33
166 299 23
166 306 4
166 320 24
167 25 8
167 33 17
167 87 6
167 127 5
167 129 20
167 133 24
167 156 18
167 171 7
167 211 22
167 233 26
167 235 4
167 252 18
167 256 18
167 258 16
167 267 13
167 305 21
167 306 23
167 314 34
167 341 41
167 344 24
168 130 5
168 147 17
168 230 33
168 248 9
168 271 3
168 279 7
168 309 26
168 321 23
168 343 20
169 55 3
169 71 5
169 98 20
169 146 7
169 205 8
169 222 23
169 235 1
169 251 22
169 268 1
169 304 7
170 15 1
170 77 16
170 133 14
170 155 18
170 195 13
170 197 15
170 214 14
170 215 9
170 219 15
170 222 30
170 260 9
170 289 10
171 17 8
171 33 15
171 42 4
171 65 15
171 87 1
171 109 20
171 133 16
171 141 20
171 156 13
171 211 5
171 224 26
171 225 4
171 252 14
171 258 26
171 314 12
171 317 32
171 341 24
172 27 5
172 29 21
172 44 10
172 62 6
172 74 5
172 95 45
172 142 21
172 143 15
172 145 12
172 192 7
172 212 9
172 221 10
172 224 36
172 227 32
172 235 3
172 261 10
172 275 24
172 276 5
172 317 9
172 327 28
173 11 5
173 12 5
173 24 4
173 83 9
173 93 10
173 133 20
173 136 7
173 194 15
173 205 2
173 241 16
173 249 9
173 254 7
173 263 9
173 265 21
173 283 20
173 323 4
173 328 4
173 337 19
173 340 34
174 15 9
174 46 53
174 48 17
174 67 17
174 79 18
174 81 18
174 82 12
174 94 4
174 104 34
174 138 18
174 202 22
174 221 60
174 223 16
174 239 18
174 240 2
174 259 34
174 260 10
174 263 37
174 319 31
174 326 25
175 7 6
175 115 5
175 118 16
175 147 6
175 230 23
175 237 18
175 321 9
176 130 24
176 168 5
176 185 4
176 230 22
176 261 1
176 270 18
176 271 12
176 300 10
176 309 25
176 321 31
177 55 24
177 67 6
177 95 6
177 96 11
177 99 10
177 192 4
177 209 17
177 226 36
177 267 4
177 275 6
177 288 8
177 305 33
177 317 23
177 335 9
178 86 8
178 97 21
178 115 14
178 158 4
178 208 13
178 237 33
178 294 8
178 312 38
178 313 41
178 320 23
178 343 74
179 32 21
179 44 7
179 52 16
179 97 5
179 111 16
179 115 35
179 118 27
179 158 17
179 168 16
179 175 43
179 181 17
179 207 30
179 215 23
179 231 39
179 237 31
179 308 25
179 326 24
180 24 17
180 253 33
180 274 34
180 307 8
180 326 7
180 329 35
180 334 22
180 336 35
180 337 43
181 72 18
181 86 10
181 130 26
181 168 16
181 176 26
181 198 16
181 228 8
181 230 23
181 243 2
181 271 29
181 309 14
181 313 8
181 321 32
181 327 29
182 5 11
182 18 19
182 78 12
182 127 17
182 160 2
182 176 14
182 184 21
182 191 39
182 245 11
182 248 11
182 270 15
182 271 19
182 300 30
182 309 48
182 313 10
183 55 29
183 74 6
183 99 29
183 103 2
183 143 2
183 145 6
183 148 15
183 149 9
183 177 1
183 212 13
183 224 9
183 257 53
183 276 8
183 278 11
183 322 11
184 5 11
184 18 1
184 28 7
184 36 9
184 78 1
184 115 22
184 166 44
184 279 3
184 309 24
184 320 42
184 327 21
184 340 14
185 97 5
185 130 3
185 158 9
185 175 9
185 208 9
185 242 15
185 302 1
185 311 31
185 312 33
185 320 7
186 246 12
186 262 3
186 281 4
186 293 16
186 318 17
186 332 21
186 340 12
187 54 11
187 106 15
187 154 3
187 164 5
187 269 40
187 280 2
187 286 5
187 291 22
187 311 3
188 96 13
188 183 7
188 209 35
188 305 13
188 335 13
189 3 6
189 52 5
189 54 18
189 72 8
189 80 16
189 94 22
189 106 19
189 117 22
189 126 3
189 187 17
189 234 16
189 239 6
189 248 45
189 253 36
189 277 8
189 280 10
189 291 10
189 319 12
190 25 13
190 55 9
190 109 6
190 141 4
190 145 7
190 164 21
190 188 12
190 213 3
190 235 4
190 247 11
190 256 4
190 267 12
191 103 2
191 154 8
191 176 6
191 187 4
191 242 18
191 246 21
191 261 15
191 302 23
191 334 30
191 340 11
191 342 14
192 141 7
192 190 2
192 209 18
192 227 12
192 247 9
192 262 27
192 267 22
192 275 15
192 292 34
192 301 17
192 322 59
192 335 39
192 341 16
192 344 20
193 88 18
193 125 1
193 162 24
193 187 14
193 254 18
193 266 6
193 281 22
193 326 17
193 328 2
194 53 3
194 73 6
194 83 5
194 145 15
194 261 13
194 277 10
194 286 16
194 289 24
194 293 18
194 296 10
194 299 7
194 315 3
195 77 7
195 170 9
195 197 4
195 214 21
195 215 25
195 219 10
195 241 3
195 260 21
195 269 43
195 292 12
195 329 9
196 36 13
196 52 8
196 68 6
196 111 16
196 126 7
196 127 31
196 140 1
196 166 11
196 218 32
196 234 4
196 260 8
196 273 20
196 283 5
196 298 2
196 308 24
196 332 30
196 342 44
197 31 6
197 55 9
197 77 27
197 146 20
197 155 11
197 170 8
197 195 31
197 214 10
197 215 34
197 219 21
197 260 24
197 267 19
197 268 11
197 330 22
198 107 2
198 115 15
198 130 38
198 147 15
198 158 13
198 168 30
198 176 13
198 181 34
198 191 13
198 230 19
198 271 25
198 279 5
198 309 60
198 321 43
199 7 8
199 28 13
199 86 8
199 110 12
199 115 18
199 127 5
199 147 12
199 159 40
199 185 14
199 198 6
199 269 2
199 270 12
199 279 18
199 294 24
199 311 12
199 312 24
199 329 13
200 14 14
200 42 12
200 126 15
200 220 15
200 232 32
200 238 17
200 282 3
200 296 13
200 299 11
200 307 7
200 339 14
201 0 2
201 7 9
201 28 4
201 57 7
201 76 15
201 84 3
201 113 1
201 123 25
201 138 5
201 168 8
201 176 9
201 206 26
201 245 9
201 286 25
201 287 10
201 295 7
201 310 13
201 327 57
201 329 8
202 4 7
202 81 15
202 104 8
202 138 9
202 221 9
202 239 20
202 246 12
202 274 15
202 300 32
202 338 16
202 339 12
203 2 30
203 9 22
203 19 12
203 22 21
203 63 7
203 68 5
203 74 8
203 87 15
203 92 14
203 93 19
203 95 11
203 100 5
203 102 18
203 116 41
203 249 9
203 269 26
203 302 30
204 15 22
204 23 5
204 29 7
204 41 6
204 73 6
204 74 18
204 75 5
204 90 11
204 94 13
204 131 19
204 134 13
204 202 7
204 210 38
204 241 19
204 254 12
204 258 3
204 272 17
204 323 14
205 98 29
205 127 1
205 157 7
205 222 8
205 251 9
205 264 33
205 268 6
205 284 6
205 290 19
205 338 16
206 7 22
206 13 2
206 76 12
206 84 12
206 113 15
206 115 10
206 130 11
206 168 26
206 175 11
206 237 38
206 279 2
206 334 32
207 12 15
207 32 10
207 44 8
207 115 29
207 118 26
207 121 2
207 158 60
207 175 51
207 178 14
207 181 28
207 199 21
207 201 14
207 237 32
207 269 32
207 321 35
207 327 19
207 329 39
208 83 6
208 97 22
208 107 3
208 168 15
208 176 6
208 178 13
208 230 14
208 232 10
208 294 24
208 312 6
208 313 14
208 320 13
208 327 31
208 332 22
208 343 1
209 96 3
209 249 11
209 288 1
210 29 5
210 31 6
210 41 5
210 99 10
210 103 1
210 172 6
210 190 15
210 220 11
210 272 2
210 344 15
211 33 51
211 85 11
211 87 2
211 133 19
211 150 22
211 167 14
211 191 3
211 233 2
211 236 31
211 252 36
211 272 32
211 277 26
211 282 19
211 284 8
211 304 20
211 314 29
211 341 15
212 55 16
212 69 11
212 99 23
212 118 5
212 142 22
212 148 7
212 149 6
212 183 7
212 225 2
212 227 4
212 257 31
212 301 5
212 335 14
213 25 14
213 66 9
213 109 12
213 134 26
213 151 11
213 164 31
213 190 36
213 192 1
213 199 6
213 229 16
213 247 57
213 249 61
213 252 18
213 256 33
213 267 48
213 323 6
214 77 11
214 170 6
214 197 6
214 215 18
214 284 13
214 308 10
215 268 6
215 339 4
216 11 14
216 24 32
216 27 16
216 32 7
216 35 15
216 37 51
216 49 21
216 57 41
216 59 14
216 64 39
216 114 20
216 124 27
216 126 22
216 149 9
216 152 10
216 162 13
216 180 35
216 187 35
216 226 20
216 311 42
217 5 84
217 7 5
217 18 33
217 52 16
217 61 10
217 70 19
217 75 4
217 78 17
217 84 3
217 110 20
217 142 18
217 154 28
217 160 25
217 182 20
217 184 31
217 187 25
217 206 10
217 230 45
217 246 37
217 309 24
218 55 6
218 78 13
218 101 7
218 103 13
218 167 5
218 229 11
218 231 7
218 236 15
218 241 2
218 269 14
218 278 30
218 285 2
218 288 10
218 300 18
218 308 6
218 324 8
218 325 17
218 338 21
219 77 34
219 155 32
219 170 4
219 195 18
219 214 4
219 215 27
219 220 8
219 223 1
219 228 7
219 242 19
219 260 10
220 85 14
220 104 3
220 238 1
220 241 3
220 246 27
220 248 1
220 282 9
220 299 31
220 339 18
221 17 11
221 19 5
221 46 7
221 77 10
221 81 7
221 104 11
221 138 18
221 156 8
221 174 1
221 231 12
221 239 7
221 259 27
221 263 25
221 272 11
221 308 2
221 331 12
221 335 19
222 14 3
222 17 12
222 146 16
222 169 15
222 205 12
222 251 14
222 268 9
222 284 5
222 306 12
222 318 5
223 46 5
223 77 26
223 155 44
223 170 42
223 195 79
223 197 5
223 214 40
223 215 86
223 219 9
223 250 13
223 260 26
223 289 23
223 319 49
223 341 46
224 96 7
224 226 10
224 227 7
224 272 9
224 276 16
224 317 8
224 335 7
225 55 48
225 66 14
225 99 29
225 143 3
225 148 53
225 149 7
225 183 11
225 212 34
225 227 8
225 235 6
225 247 6
225 257 29
225 275 14
225 283 4
225 305 31
225 344 14
226 67 15
226 96 50
226 122 17
226 188 20
226 209 7
226 257 16
226 305 16
226 322 8
226 335 34
227 96 4
227 169 8
227 224 5
227 269 16
228 157 19
228 186 18
228 250 7
228 253 23
228 274 5
228 283 14
228 286 10
228 293 42
228 307 13
228 318 1
228 319 5
228 332 11
229 65 22
229 67 17
229 69 18
229 96 5
229 122 12
229 148 2
229 177 17
229 188 24
229 192 5
229 209 29
229 220 16
229 226 15
229 249 2
229 288 12
229 302 10
229 305 21
229 317 20
230 130 7
230 159 7
230 176 18
230 185 4
230 271 12
230 309 4
230 321 21
230 327 6
231 236 34
231 251 22
231 278 5
231 300 25
231 325 1
231 342 17
232 42 9
232 220 21
232 238 2
232 246 10
232 282 3
232 296 12
232 299 10
232 339 4
233 2 14
233 33 9
233 133 12
233 192 2
233 211 3
233 252 22
233 258 1
233 273 7
233 341 28
234 72 9
234 79 8
234 88 2
234 104 2
234 106 21
234 117 5
234 187 46
234 191 6
234 248 25
234 280 12
234 334 30
235 12 8
235 62 10
235 68 2
235 95 7
235 143 18
235 148 15
235 172 8
235 224 48
235 227 36
235 233 9
235 276 15
235 338 15
236 132 5
236 269 16
237 24 20
237 90 1
237 159 26
237 320 13
238 200 5
238 232 10
238 282 7
238 293 16
238 296 3
238 339 12
239 78 6
239 81 14
239 82 2
239 104 16
239 138 9
239 195 1
239 253 9
239 270 8
239 286 19
239 304 6
240 7 3
240 18 21
240 46 4
240 50 4
240 110 16
240 119 2
240 174 3
240 202 2
240 221 17
240 239 7
240 259 14
240 263 4
240 270 16
240 282 9
240 303 13
240 313 11
240 337 31
241 24 25
241 125 9
241 136 4
241 219 5
241 242 10
241 254 8
241 265 8
241 266 15
241 314 2
241 323 9
241 328 9
241 330 1
241 340 30
241 342 12
242 154 12
242 185 6
242 220 2
242 246 10
242 302 8
242 342 11
243 42 9
243 85 1
243 173 1
243 200 9
243 220 23
243 232 78
243 238 39
243 242 59
243 246 5
243 249 5
243 270 7
243 282 4
243 287 13
243 299 8
243 315 33
243 330 38
243 339 18
244 24 5
244 88 15
244 125 6
244 129 4
244 163 12
244 182 8
244 193 6
244 266 11
244 279 2
244 281 10
245 0 3
245 7 29
245 13 24
245 28 7
245 30 2
245 84 24
245 113 22
245 123 18
245 180 5
245 185 6
245 201 2
245 206 11
245 323 5
245 327 59
246 14 11
246 154 7
246 208 5
246 237 1
246 242 7
246 302 7
247 65 13
247 99 8
247 151 18
247 164 11
247 190 9
247 249 30
247 256 20
247 257 3
247 267 12
247 276 20
247 292 6
248 106 9
248 117 4
248 164 12
248 187 35
248 280 10
248 283 1
248 311 2
249 164 18
249 190 12
249 344 23
250 71 1
250 153 4
250 186 9
250 254 8
250 283 12
250 286 3
250 293 29
250 297 4
250 318 15
250 319 20
250 325 5
250 328 7
250 332 3
250 336 10
251 17 22
251 98 12
251 222 10
251 268 10
251 284 3
251 341 12
252 33 4
252 133 7
252 150 1
252 233 25
252 341 17
253 274 6
253 277 2
253 307 1
253 326 6
253 329 3
253 333 11
253 334 15
253 336 6
253 337 7
254 11 1
254 24 7
254 175 10
254 227 17
254 241 16
254 266 3
254 313 10
254 323 6
254 340 10
255 14 18
255 65 16
255 77 16
255 91 33
255 98 19
255 132 15
255 150 19
255 157 18
255 264 18
255 290 5
255 306 11
255 331 3
256 25 3
256 109 11
256 151 4
256 164 29
256 190 11
256 247 13
256 249 49
256 267 1
256 278 2
256 317 12
257 55 13
257 96 4
257 99 36
257 212 6
257 227 3
257 242 2
257 269 19
257 288 9
257 344 20
258 33 15
258 41 4
258 103 4
258 133 5
258 143 8
258 148 3
258 167 11
258 171 5
258 233 10
258 252 11
258 297 16
258 314 18
258 341 33
259 81 17
259 132 14
259 165 25
259 202 16
259 222 20
259 239 19
259 251 9
259 263 7
259 310 8
260 69 2
260 170 8
260 214 20
260 215 26
260 223 11
260 293 15
260 319 8
260 332 3
261 86 7
261 168 13
261 175 11
261 176 11
261 194 6
261 230 12
261 269 37
261 311 19
261 343 14
262 141 22
262 192 6
262 209 24
262 233 7
262 256 17
262 275 9
262 276 14
262 292 13
262 301 18
262 322 52
262 335 47
262 344 49
263 29 7
263 46 7
263 53 10
263 81 16
263 82 4
263 104 11
263 138 1
263 214 5
263 239 19
263 240 10
263 259 4
263 289 12
263 336 34
264 17 26
264 81 11
264 92 4
264 98 26
264 127 4
264 146 22
264 169 13
264 205 26
264 214 6
264 222 14
264 251 12
264 304 25
264 329 7
265 163 3
265 180 11
265 241 2
265 254 40
265 273 9
265 280 7
265 293 23
265 323 9
265 332 21
265 338 15
265 340 21
265 342 28
266 125 4
266 186 4
266 281 7
266 291 1
266 298 4
266 316 4
266 340 7
267 151 5
267 164 29
267 190 4
267 247 19
267 249 15
267 256 2
267 305 2
267 322 17
267 330 7
267 335 3
268 169 8
268 191 15
268 205 16
268 222 2
268 264 3
268 269 35
268 284 8
268 285 2
269 91 21
269 209 4
269 224 2
269 236 11
269 302 15
269 329 3
270 28 6
270 86 2
270 126 3
270 147 21
270 154 5
270 159 30
270 199 5
270 233 3
270 282 2
270 296 2
270 299 22
270 300 19
271 97 8
271 130 8
271 168 1
271 205 17
271 274 20
271 321 16
272 33 12
272 75 2
272 100 5
272 133 19
272 210 20
273 36 6
273 127 26
273 196 15
273 298 1
273 332 23
273 340 13
273 342 16
274 180 2
274 253 1
274 307 14
274 326 31
274 329 9
274 334 17
274 336 7
274 337 11
274 338 3
275 33 7
275 141 16
275 142 14
275 258 6
275 262 6
275 272 6
275 292 22
275 301 2
275 322 56
275 335 28
275 344 34
276 44 8
276 99 7
276 109 18
276 143 5
276 148 10
276 169 5
276 209 15
276 212 1
276 224 26
276 227 8
276 229 10
276 315 15
277 145 20
277 161 18
277 165 2
277 287 2
277 289 13
277 303 10
278 231 1
278 236 6
278 252 9
278 297 7
278 300 2
278 324 4
278 325 8
278 338 2
279 28 4
279 86 3
279 110 1
279 113 14
279 147 19
279 159 14
279 176 9
279 185 28
279 199 4
279 230 9
279 261 12
279 270 9
279 343 20
280 54 6
280 72 13
280 88 9
280 106 3
280 161 8
280 180 19
280 232 4
280 234 4
280 248 18
280 265 9
280 291 7
281 127 12
281 164 14
281 210 14
281 241 2
281 266 9
281 342 15
282 42 3
282 85 4
282 130 5
282 200 9
282 232 4
282 238 14
282 243 20
282 286 13
282 287 10
282 299 26
282 330 6
282 339 2
283 101 16
283 186 37
283 218 6
283 228 22
283 235 12
283 265 8
283 293 6
283 318 6
283 319 8
283 332 15
283 344 19
284 144 3
284 146 6
284 169 15
284 222 1
284 243 2
284 268 11
284 304 2
285 77 30
285 103 16
285 132 6
285 188 4
285 231 19
285 236 43
285 278 21
285 300 19
285 308 23
285 310 23
285 324 12
285 325 2
285 338 30
285 339 6
286 101 10
286 130 1
286 186 28
286 228 18
286 283 16
286 293 32
286 319 5
286 328 7
286 332 30
287 42 10
287 85 8
287 138 18
287 200 10
287 220 9
287 238 27
287 299 11
287 307 26
287 330 33
287 331 7
287 339 48
288 67 13
288 69 17
288 96 13
288 177 9
288 188 29
288 209 11
288 224 17
288 226 6
288 278 2
288 302 19
288 305 10
288 317 17
289 72 12
289 145 1
289 161 8
289 170 8
289 296 28
289 328 13
290 14 18
290 65 36
290 91 28
290 132 16
290 150 37
290 157 8
290 165 7
290 219 7
290 255 27
290 306 12
290 327 22
290 331 52
291 54 22
291 106 20
291 154 25
291 186 16
291 187 5
291 189 1
291 234 10
291 248 25
291 280 2
291 311 32
292 186 4
292 191 17
292 212 12
292 224 13
292 301 24
292 322 19
292 344 23
293 263 5
294 72 5
294 85 5
294 97 7
294 159 2
294 206 1
294 230 2
294 312 7
294 320 2
294 343 7
295 0 7
295 7 26
295 62 4
295 66 8
295 76 11
295 84 44
295 123 6
295 168 13
295 175 23
295 206 35
295 245 17
295 313 29
295 327 27
295 343 43
296 83 18
296 232 21
296 277 4
297 101 14
297 103 8
297 218 17
297 231 15
297 236 11
297 278 17
297 300 10
297 310 6
297 324 3
297 325 1
297 338 14
298 20 8
298 52 8
298 111 12
298 127 53
298 196 8
298 231 21
298 273 18
298 291 23
298 307 7
298 328 2
299 200 4
299 232 23
299 238 1
299 286 16
299 293 7
300 55 13
300 278 13
300 325 13
301 99 7
301 141 5
301 192 8
301 224 13
301 227 3
301 247 17
301 275 2
301 322 6
301 335 1
301 341 14
301 344 24
302 148 20
302 154 15
302 209 13
302 242 1
302 246 24
302 257 1
302 269 43
302 342 17
303 83 5
303 145 9
303 158 6
303 161 5
303 194 17
303 263 8
303 289 23
303 296 2
303 304 13
303 336 23
303 337 40
303 339 2
304 17 6
304 146 7
304 169 6
304 205 3
304 222 11
304 251 14
304 264 14
304 268 17
304 284 5
305 96 15
305 177 3
305 183 5
305 209 10
305 317 22
306 14 16
306 65 30
306 91 7
306 132 2
306 150 2
306 157 3
306 165 10
306 214 14
307 253 6
307 277 3
307 326 3
307 334 13
307 336 13
307 337 15
308 103 19
308 231 16
308 236 26
308 246 8
308 278 6
308 285 6
308 297 1
308 300 12
308 310 1
308 324 8
308 338 15
308 339 9
309 130 1
309 154 13
309 181 2
309 271 2
309 321 22
310 103 15
310 231 24
310 236 29
310 278 16
310 287 8
310 300 48
310 308 7
310 329 11
310 338 17
311 340 5
312 86 8
312 97 10
312 147 10
312 294 8
312 313 8
312 320 21
312 343 16
313 158 20
313 168 5
313 208 6
313 261 11
313 294 8
313 312 4
313 320 9
313 343 22
314 14 2
314 33 6
314 133 11
314 146 11
314 150 9
314 196 9
314 233 8
314 252 15
314 258 5
315 44 13
315 83 3
315 161 17
315 194 16
315 277 7
315 289 22
315 296 48
315 326 14
315 330 3
315 334 42
316 2 6
316 88 20
316 125 19
316 129 5
316 133 12
316 162 1
316 163 15
316 193 32
316 244 10
316 266 4
316 281 35
316 307 24
316 323 11
317 55 2
317 69 7
317 96 10
317 188 16
317 209 27
317 210 15
317 229 28
317 288 6
317 305 18
318 101 24
318 165 6
318 170 9
318 215 13
318 228 8
318 250 6
318 283 11
318 286 19
318 293 23
318 298 2
318 308 8
318 319 6
318 332 18
319 79 4
319 101 15
319 125 3
319 186 12
319 228 3
319 250 6
319 286 9
319 293 37
319 332 13
320 97 13
320 175 3
320 185 8
320 294 11
320 343 4
321 7 1
321 130 9
321 185 13
322 301 6
322 341 4
322 344 20
323 131 14
323 162 11
323 234 15
323 241 22
323 254 3
323 265 23
323 273 11
323 306 5
323 328 9
323 340 51
324 103 20
324 218 5
324 236 21
324 278 6
324 300 7
324 310 20
324 311 10
324 325 2
324 341 14
325 44 24
325 103 12
325 150 12
325 236 5
325 297 1
325 310 7
325 322 13
325 324 11
325 338 6
326 180 3
326 239 1
326 329 14
326 334 16
326 336 3
327 7 21
327 76 1
327 115 5
327 309 12
328 12 1
328 173 2
328 223 5
328 252 4
328 254 19
328 265 6
329 180 6
329 253 1
329 287 3
329 307 10
329 326 6
329 334 36
329 336 8
329 337 11
330 200 13
330 220 5
330 232 10
330 238 2
330 284 16
330 299 17
330 321 24
330 339 8
331 14 38
331 65 9
331 132 10
331 157 6
331 165 5
331 255 10
331 264 8
331 306 15
332 101 11
332 228 5
332 283 8
332 293 4
332 318 15
332 340 2
332 342 11
333 180 5
333 253 22
333 274 26
333 307 19
333 326 18
333 329 26
333 334 37
333 336 26
333 337 27
334 253 5
334 336 5
334 337 1
335 249 16
335 275 4
335 292 28
335 301 7
335 322 23
335 344 14
336 253 3
336 326 20
336 329 10
336 337 11
337 253 8
337 274 20
337 307 1
337 326 14
337 329 24
337 334 2
338 231 10
338 236 18
338 300 5
338 308 6
338 310 2
338 324 2
339 85 1
339 220 6
339 254 2
339 299 2
339 330 1
340 24 3
340 241 4
340 254 8
340 328 3
341 314 5
342 106 6
342 246 9
343 208 3
343 312 9
343 320 8
343 321 5
344 192 4
