0 3 3
0 4 18
0 22 10
0 38 4
0 41 3
0 57 3
0 72 13
0 74 1
0 76 4
0 111 4
0 140 22
0 168 40
0 175 3
0 218 10
0 260 28
0 262 20
0 315 13
1 66 4
1 70 2
1 85 4
1 122 7
1 141 1
1 162 8
1 170 13
1 181 6
1 188 10
1 213 36
1 240 13
1 243 45
1 244 3
1 247 37
1 267 3
1 292 3
1 294 14
1 313 40
2 77 2
2 136 13
2 138 9
2 172 19
2 180 13
2 206 7
2 231 3
2 241 16
2 252 22
2 265 7
2 288 12
2 311 16
2 333 35
3 4 8
3 22 2
3 38 13
3 72 13
3 74 11
3 99 2
3 111 23
3 125 11
3 133 3
3 155 18
3 168 26
3 174 5
3 263 5
3 287 29
3 305 35
3 327 27
3 336 38
3 345 49
4 0 12
4 13 4
4 41 5
4 148 6
4 205 19
4 218 3
4 289 11
4 320 14
4 346 50
5 184 12
5 229 7
5 276 1
5 309 11
5 311 33
6 10 15
6 36 23
6 38 9
6 56 10
6 71 37
6 76 61
6 121 10
6 150 22
6 176 19
6 260 17
6 279 23
6 284 16
6 325 31
7 5 13
7 47 20
7 49 15
7 69 8
7 101 19
7 128 18
7 175 27
7 184 30
7 186 63
7 203 35
7 205 53
7 209 18
7 229 31
7 253 3
7 256 21
7 299 16
7 311 37
8 35 7
8 127 1
8 149 6
8 157 9
8 164 12
8 212 6
8 229 23
8 232 4
8 266 17
8 269 19
8 280 10
8 291 17
8 311 23
8 334 3
8 341 35
9 21 5
9 27 24
9 39 20
9 94 8
9 95 16
9 96 13
9 98 8
9 118 31
9 134 5
9 143 20
9 150 6
9 171 17
9 181 22
9 188 47
9 201 13
9 216 16
9 234 6
9 301 23
9 337 27
10 18 12
10 109 19
10 110 2
10 112 26
10 189 17
10 190 35
10 202 32
10 233 44
10 235 25
10 246 30
10 251 18
10 254 4
10 256 15
10 274 3
10 290 27
10 303 10
11 55 8
11 61 5
11 75 9
11 89 6
11 92 4
11 98 9
11 158 12
11 165 1
11 211 12
11 237 16
11 250 6
11 253 14
11 260 21
11 266 12
11 269 13
11 277 4
11 307 8
11 315 10
11 339 14
12 102 12
12 116 6
12 119 6
12 127 21
12 223 6
12 227 12
12 241 21
12 273 5
12 346 43
13 6 4
13 85 12
13 93 19
13 102 11
13 121 4
13 221 17
13 230 10
13 234 10
13 269 9
13 276 10
13 285 34
13 286 30
13 309 4
13 314 22
13 315 5
13 320 28
13 324 13
13 328 9
14 6 2
14 15 9
14 57 10
14 69 23
14 80 6
14 90 15
14 97 10
14 103 24
14 113 9
14 117 13
14 123 10
14 185 7
14 199 7
14 213 28
14 246 47
14 274 10
14 285 15
15 65 21
15 82 4
15 90 42
15 112 36
15 120 20
15 141 18
15 159 5
15 183 7
15 185 24
15 193 41
15 202 17
15 212 7
15 217 15
15 235 7
15 238 6
15 298 28
15 304 20
15 331 16
16 19 33
16 63 11
16 70 11
16 85 18
16 86 6
16 100 7
16 137 8
16 141 8
16 156 12
16 167 4
16 170 8
16 214 8
16 250 15
16 343 34
17 8 35
17 91 14
17 115 15
17 123 10
17 131 22
17 142 10
17 149 7
17 157 44
17 158 29
17 164 34
17 172 20
17 206 17
17 207 16
17 212 20
17 236 11
17 249 17
17 280 42
17 334 36
17 344 29
17 345 48
18 25 13
18 107 9
18 189 3
18 206 16
18 226 6
18 240 4
18 268 17
18 272 6
18 274 5
18 290 6
18 312 16
18 329 11
19 4 4
19 5 31
19 91 17
19 105 10
19 156 6
19 162 7
19 241 34
19 312 32
19 313 8
19 317 5
19 318 10
20 23 16
20 38 7
20 43 3
20 44 18
20 50 13
20 54 21
20 83 9
20 86 23
20 95 41
20 112 60
20 121 22
20 129 5
20 132 5
20 146 28
20 147 38
20 148 19
20 151 20
20 163 21
20 178 23
20 190 13
20 230 22
20 251 19
20 277 17
21 61 3
21 87 9
21 102 36
21 106 16
21 161 4
21 215 40
21 221 10
21 228 12
21 259 22
21 295 3
21 299 3
21 307 3
21 313 11
22 4 8
22 38 10
22 41 9
22 72 16
22 74 13
22 80 8
22 218 11
22 232 11
22 252 6
22 257 16
22 287 9
22 295 9
23 22 8
23 43 2
23 86 21
23 93 32
23 112 10
23 139 7
23 151 10
23 161 6
23 179 18
23 204 9
23 250 25
23 286 16
23 308 18
23 322 34
23 344 14
24 6 7
24 10 25
24 37 16
24 56 1
24 113 2
24 133 25
24 146 8
24 189 33
24 190 50
24 202 51
24 204 36
24 208 22
24 219 38
24 233 82
24 254 24
24 277 14
24 278 18
24 279 34
24 290 42
24 326 38
25 18 3
25 29 13
25 107 6
25 144 27
25 226 4
25 246 34
25 257 23
25 272 9
25 278 8
25 293 21
25 312 19
25 332 5
25 343 12
26 5 2
26 198 6
26 208 7
26 275 38
26 314 8
26 323 13
26 324 22
26 328 12
26 335 5
26 344 10
26 345 57
27 48 1
27 94 9
27 96 11
27 102 1
27 143 19
27 170 10
27 181 15
27 188 24
27 248 5
27 254 10
27 294 3
28 42 27
28 71 6
28 82 18
28 136 11
28 138 22
28 179 2
28 249 5
28 283 5
28 287 5
28 291 25
28 308 27
28 310 2
28 318 22
28 342 2
28 346 40
29 52 13
29 144 4
29 160 10
29 244 23
29 271 10
29 291 5
29 343 15
30 4 2
30 23 13
30 24 11
30 31 2
30 44 6
30 53 10
30 59 5
30 66 25
30 80 30
30 92 17
30 131 27
30 132 19
30 134 20
30 173 21
30 181 20
30 198 1
30 209 13
30 276 8
31 22 13
31 30 16
31 33 17
31 44 7
31 54 24
31 59 46
31 119 48
31 131 29
31 132 13
31 134 65
31 153 9
31 167 9
31 169 39
31 173 8
31 197 31
31 225 43
31 231 36
31 252 34
31 261 26
31 263 54
31 321 36
32 39 12
32 53 28
32 62 7
32 65 19
32 68 19
32 86 26
32 145 14
32 162 11
32 171 17
32 183 7
32 234 4
32 240 23
32 270 11
32 335 18
33 30 8
33 34 9
33 44 21
33 59 11
33 131 14
33 134 10
33 142 4
33 173 48
33 180 8
33 198 9
33 219 24
33 236 7
33 247 44
33 266 12
33 291 31
33 316 30
33 321 30
33 342 29
34 6 13
34 10 21
34 37 6
34 51 28
34 56 11
34 71 47
34 73 20
34 76 20
34 133 26
34 163 11
34 192 23
34 208 20
34 242 10
34 244 15
34 279 11
34 280 9
34 282 29
34 327 58
35 119 9
35 160 13
35 289 14
35 297 14
36 6 17
36 7 29
36 14 36
36 34 15
36 37 41
36 57 6
36 61 28
36 67 14
36 71 26
36 73 31
36 76 79
36 113 37
36 132 8
36 133 13
36 143 32
36 178 7
36 203 19
36 279 31
36 286 14
36 310 13
37 6 23
37 34 9
37 56 17
37 71 24
37 73 55
37 76 29
37 125 6
37 133 11
37 147 3
37 219 20
37 222 9
37 232 3
37 244 8
37 260 24
37 279 11
37 284 19
37 298 19
37 332 33
38 4 32
38 41 5
38 42 28
38 45 13
38 47 11
38 72 10
38 111 6
38 125 4
38 151 3
38 168 30
38 186 38
38 202 28
38 210 52
38 218 22
38 301 52
38 302 29
38 309 32
39 1 3
39 53 16
39 62 6
39 68 22
39 145 4
39 162 5
39 169 22
39 221 12
39 234 14
39 240 35
39 243 26
39 256 2
39 270 12
39 313 16
39 321 16
40 12 39
40 19 8
40 68 5
40 84 9
40 127 9
40 168 8
40 205 3
40 241 11
40 273 12
40 317 7
40 320 27
40 343 16
41 3 5
41 22 5
41 29 17
41 63 5
41 74 15
41 99 3
41 107 6
41 111 1
41 155 7
41 168 13
41 194 16
41 218 18
41 272 14
41 286 13
41 319 25
41 341 25
42 47 3
42 108 16
42 139 3
42 191 16
42 206 18
42 211 21
42 217 7
42 255 4
42 308 1
42 321 6
42 345 34
43 11 31
43 20 27
43 23 13
43 25 15
43 50 11
43 54 45
43 98 17
43 108 22
43 112 27
43 121 34
43 146 15
43 148 30
43 151 7
43 161 4
43 165 13
43 167 8
43 177 8
43 227 15
43 252 16
44 30 17
44 31 4
44 33 3
44 59 29
44 61 15
44 69 3
44 80 14
44 131 19
44 143 36
44 148 9
44 152 9
44 167 13
44 173 18
44 175 24
44 256 29
44 261 13
44 273 26
44 298 28
44 301 25
45 0 4
45 2 40
45 3 12
45 4 35
45 25 15
45 41 14
45 72 24
45 74 9
45 99 17
45 111 12
45 125 3
45 156 13
45 168 18
45 186 46
45 233 3
45 250 27
45 254 7
45 257 22
45 319 26
45 328 18
45 341 36
46 64 2
46 66 13
46 215 29
46 243 12
46 256 11
46 281 23
46 301 5
46 337 5
47 53 6
47 128 4
47 164 8
47 184 4
47 203 16
47 205 2
47 229 15
47 256 10
47 301 14
47 302 3
47 311 21
48 26 7
48 109 12
48 194 11
48 247 25
48 282 3
48 287 11
48 305 19
48 306 2
48 316 2
48 321 47
48 335 5
48 343 45
49 2 37
49 45 3
49 64 39
49 77 62
49 108 14
49 111 4
49 138 51
49 172 26
49 180 27
49 191 3
49 222 27
49 231 27
49 249 20
49 256 29
49 265 13
49 288 19
49 322 44
49 333 50
50 12 17
50 16 4
50 20 8
50 23 26
50 53 22
50 54 8
50 59 17
50 65 19
50 69 9
50 79 2
50 86 15
50 112 17
50 121 23
50 146 5
50 148 18
50 161 19
50 165 18
50 166 38
50 224 16
50 314 21
51 35 18
51 219 5
51 244 20
51 289 7
51 317 13
51 318 6
51 332 8
52 296 3
52 310 4
53 48 7
53 66 6
53 188 6
53 191 10
53 194 1
53 247 6
53 282 7
53 287 11
53 305 22
53 306 10
53 307 12
53 313 17
53 316 5
53 321 17
53 343 27
53 345 12
54 23 28
54 50 11
54 86 25
54 121 12
54 146 9
54 148 47
54 151 24
54 159 6
54 161 12
54 168 46
54 198 17
54 211 6
54 231 24
54 249 18
54 257 23
54 293 15
54 319 34
55 7 3
55 21 32
55 87 4
55 104 1
55 139 4
55 147 4
55 197 19
55 215 10
55 221 11
55 228 7
55 259 2
55 299 1
55 312 9
56 6 2
56 34 2
56 36 5
56 37 6
56 50 20
56 71 35
56 72 17
56 73 26
56 76 58
56 81 25
56 205 36
56 220 12
56 264 8
56 279 30
56 300 28
56 330 23
56 334 20
57 14 6
57 113 1
57 134 8
57 141 8
57 171 19
57 189 7
57 201 9
57 245 13
57 274 18
57 291 25
57 316 16
57 318 10
57 330 5
57 346 31
58 94 4
58 95 8
58 96 10
58 122 25
58 214 3
58 243 11
58 271 1
58 313 5
59 9 3
59 58 11
59 118 8
59 153 6
59 170 27
59 173 7
59 267 10
59 337 7
60 16 8
60 19 53
60 63 10
60 105 4
60 124 10
60 126 28
60 137 10
60 140 15
60 147 26
60 150 25
60 169 32
60 176 16
60 194 49
60 220 20
60 227 13
60 250 35
60 267 21
60 298 42
60 305 28
60 316 24
60 339 16
61 11 20
61 86 2
61 89 2
61 90 23
61 102 27
61 139 43
61 177 19
61 232 9
61 250 17
61 267 24
61 285 6
61 306 10
61 307 3
61 335 42
62 32 5
62 39 7
62 46 3
62 68 27
62 145 4
62 171 12
62 174 25
62 228 9
62 234 10
62 240 25
62 241 14
62 252 15
62 270 9
62 315 7
63 19 1
63 53 13
63 68 15
63 70 1
63 86 4
63 140 1
63 220 8
63 244 39
63 271 9
63 282 11
63 294 27
63 302 31
63 307 5
63 345 18
64 2 19
64 77 7
64 138 24
64 148 5
64 172 12
64 180 8
64 231 12
64 288 13
64 333 20
64 342 5
65 11 21
65 12 34
65 93 40
65 95 4
65 158 9
65 165 5
65 171 5
65 178 3
65 194 10
65 195 3
65 240 15
65 267 15
65 307 6
66 106 2
66 169 14
66 174 10
66 181 12
66 248 12
66 271 2
66 281 43
66 292 20
66 301 11
67 11 35
67 61 10
67 65 10
67 74 21
67 83 20
67 84 13
67 92 32
67 97 29
67 98 24
67 154 14
67 157 10
67 158 17
67 165 8
67 172 4
67 184 27
67 191 8
67 229 27
67 232 8
67 233 21
67 250 17
67 267 9
67 284 17
67 311 22
68 32 2
68 95 4
68 156 4
68 197 5
68 240 10
68 302 13
68 306 7
69 57 18
69 91 3
69 103 24
69 113 11
69 123 23
69 135 11
69 173 2
69 183 13
69 226 13
69 236 16
69 254 12
69 264 23
69 274 49
69 301 6
69 336 18
70 1 21
70 62 8
70 66 16
70 85 17
70 95 23
70 145 7
70 170 18
70 213 14
70 229 14
70 234 3
70 243 74
70 248 5
70 270 6
70 294 26
70 299 43
70 313 51
71 36 7
71 133 3
71 188 2
71 192 11
71 196 7
71 249 3
71 283 5
71 308 2
71 326 9
71 341 3
72 0 1
72 4 7
72 38 30
72 41 10
72 79 7
72 89 4
72 99 2
72 111 13
72 115 9
72 125 6
72 165 14
72 168 31
72 218 5
72 262 27
72 276 14
72 339 9
72 344 16
73 6 9
73 54 18
73 71 39
73 75 12
73 76 16
73 81 16
73 168 14
73 185 2
73 263 28
73 308 16
73 321 23
74 3 18
74 4 18
74 28 12
74 29 8
74 38 12
74 45 2
74 77 18
74 99 2
74 113 1
74 118 6
74 155 13
74 187 12
74 218 18
74 239 8
74 283 22
74 342 12
75 135 17
75 183 4
75 250 10
75 258 5
75 260 13
75 291 15
75 310 23
75 312 12
76 34 5
76 51 28
76 71 18
76 279 2
76 282 11
76 283 10
76 287 14
76 325 9
76 329 6
76 346 35
77 2 3
77 138 19
77 168 3
77 203 3
77 251 1
77 286 7
77 288 8
77 322 4
77 333 9
78 14 3
78 18 26
78 22 4
78 57 10
78 69 16
78 73 2
78 80 16
78 91 5
78 113 14
78 117 18
78 123 14
78 141 9
78 164 27
78 185 13
78 259 30
78 274 4
78 283 42
78 293 19
79 26 11
79 55 6
79 176 7
79 208 17
79 237 18
79 275 11
79 276 10
79 323 13
79 328 3
79 335 14
79 344 15
79 345 3
80 57 1
80 69 3
80 91 1
80 113 4
80 117 11
80 141 11
80 274 17
80 293 18
80 312 44
80 321 14
81 29 34
81 75 42
81 109 29
81 110 26
81 135 2
81 172 13
81 201 21
81 258 3
81 291 24
81 304 2
81 309 7
81 310 26
82 28 21
82 29 28
82 42 11
82 108 15
82 131 16
82 136 22
82 144 22
82 179 21
82 201 1
82 211 1
82 253 20
82 258 4
82 308 23
83 0 19
83 7 10
83 11 7
83 61 11
83 65 7
83 89 4
83 92 32
83 97 12
83 102 13
83 150 4
83 152 13
83 158 3
83 163 23
83 165 27
83 177 36
83 180 32
83 232 27
83 250 16
83 257 51
83 267 27
83 281 29
83 307 6
83 323 36
83 345 37
84 12 32
84 35 20
84 40 9
84 88 21
84 114 32
84 116 9
84 127 30
84 194 13
84 199 2
84 209 22
84 227 1
84 241 55
84 269 31
84 289 11
84 317 23
84 318 21
84 334 8
85 1 32
85 55 11
85 70 8
85 96 2
85 106 7
85 145 8
85 170 47
85 213 6
85 214 7
85 240 1
85 242 13
85 243 41
85 281 14
85 294 12
85 313 40
86 26 11
86 43 15
86 50 2
86 87 6
86 89 7
86 112 11
86 121 3
86 148 25
86 161 3
86 237 12
86 295 3
86 314 14
86 320 24
87 26 22
87 102 21
87 139 7
87 215 13
87 221 7
87 237 5
87 251 12
87 306 18
87 316 9
87 335 12
88 12 25
88 40 4
88 47 9
88 114 11
88 116 34
88 166 8
88 215 6
88 227 4
88 229 12
88 241 17
88 258 10
88 275 33
88 282 12
88 338 15
89 65 2
89 92 15
89 97 5
89 98 7
89 134 6
89 152 2
89 174 2
89 178 5
89 216 7
89 228 4
89 232 15
89 250 13
89 267 8
89 280 4
89 281 42
89 307 13
90 52 42
90 93 7
90 118 11
90 120 11
90 144 16
90 154 1
90 159 15
90 185 12
90 193 15
90 217 13
90 238 3
90 245 14
90 312 8
90 325 29
91 3 15
91 14 9
91 18 11
91 57 10
91 76 15
91 78 18
91 95 11
91 96 19
91 113 16
91 123 4
91 144 13
91 182 20
91 213 8
91 287 27
91 300 15
91 321 16
92 24 1
92 35 32
92 52 13
92 54 11
92 58 13
92 61 15
92 65 19
92 89 5
92 97 12
92 98 11
92 111 19
92 119 14
92 130 1
92 158 6
92 165 11
92 173 9
92 178 12
92 212 8
92 230 15
92 232 3
92 250 5
92 267 19
92 307 7
93 269 15
93 275 8
93 285 6
93 320 16
94 58 17
94 95 9
94 118 12
94 140 18
94 143 12
94 181 7
94 214 15
94 242 13
94 270 11
94 320 21
95 58 2
95 94 3
95 96 23
95 122 3
95 143 8
95 181 7
95 224 8
95 242 7
95 243 2
95 337 12
95 344 34
95 345 6
96 58 5
96 94 9
96 95 14
96 118 17
96 242 9
96 294 13
96 345 8
97 0 5
97 4 10
97 11 21
97 61 4
97 65 12
97 89 11
97 121 16
97 158 6
97 166 22
97 199 9
97 231 25
97 249 7
97 250 45
97 265 13
97 267 16
97 270 8
97 317 17
98 32 14
98 55 2
98 58 17
98 59 25
98 61 12
98 62 11
98 83 8
98 92 1
98 97 2
98 147 7
98 158 12
98 213 13
98 232 23
98 240 28
98 248 29
98 250 36
98 267 33
98 307 7
99 0 16
99 3 30
99 4 14
99 9 2
99 22 17
99 30 9
99 41 13
99 45 19
99 69 8
99 74 12
99 83 3
99 111 22
99 125 3
99 168 42
99 184 14
99 203 16
99 218 28
99 247 51
99 256 30
99 296 20
99 324 16
99 336 37
100 10 10
100 38 14
100 46 27
100 60 9
100 63 19
100 122 27
100 124 27
100 130 8
100 134 13
100 140 5
100 156 11
100 171 22
100 176 26
100 212 9
100 220 8
100 232 17
100 289 12
100 318 27
100 337 17
100 339 28
101 42 37
101 61 25
101 65 5
101 119 27
101 139 38
101 166 16
101 195 21
101 202 29
101 210 23
101 216 1
101 224 13
101 262 17
101 266 19
101 273 9
101 285 23
101 297 22
101 306 8
101 317 18
101 343 36
102 48 11
102 55 7
102 139 23
102 161 2
102 228 12
103 29 41
103 57 23
103 69 11
103 78 18
103 80 2
103 91 3
103 109 17
103 111 26
103 113 7
103 117 4
103 128 22
103 131 22
103 141 18
103 144 21
103 159 4
103 217 13
103 246 10
103 274 28
103 330 11
103 338 52
104 9 12
104 58 25
104 62 17
104 94 31
104 95 36
104 96 23
104 122 17
104 195 4
104 214 5
104 216 12
104 230 10
104 301 19
105 27 19
105 63 22
105 79 5
105 100 17
105 124 4
105 140 6
105 156 4
105 162 19
105 168 10
105 176 3
105 181 34
105 220 10
105 225 32
105 271 1
105 307 15
106 1 2
106 46 16
106 66 11
106 174 2
106 181 11
106 197 7
106 213 4
106 225 11
106 248 7
106 281 2
106 292 5
106 302 8
106 337 16
107 18 10
107 25 15
107 80 7
107 81 7
107 185 7
107 196 7
107 217 14
107 226 47
107 264 3
107 272 2
107 278 9
107 293 10
107 312 4
107 335 18
108 7 3
108 102 4
108 136 9
108 177 17
108 179 8
108 191 3
108 194 10
108 206 8
108 211 10
108 220 18
108 249 20
108 255 2
108 287 30
108 308 11
108 316 17
108 322 29
109 27 4
109 75 11
109 102 9
109 135 3
109 187 6
109 258 18
109 284 8
109 296 18
109 310 18
109 342 30
110 75 40
110 109 24
110 135 31
110 149 9
110 157 12
110 160 6
110 201 4
110 258 10
110 264 12
110 296 7
110 303 10
110 310 33
110 338 8
110 342 9
111 3 21
111 4 19
111 22 1
111 38 16
111 74 7
111 82 24
111 87 14
111 95 11
111 168 41
111 218 17
111 296 15
111 327 25
112 33 16
112 56 10
112 86 1
112 146 8
112 148 10
112 257 18
112 275 15
112 307 19
112 314 9
112 324 11
112 341 21
113 57 3
113 78 12
113 80 25
113 144 28
113 160 23
113 185 9
113 195 11
113 202 12
113 258 9
113 268 19
113 274 10
113 325 11
113 338 35
114 12 34
114 40 21
114 116 26
114 127 7
114 130 2
114 219 17
114 227 9
114 241 53
114 261 15
114 318 5
114 326 12
115 8 40
115 17 3
115 19 13
115 33 12
115 83 2
115 90 3
115 149 28
115 157 6
115 164 4
115 200 14
115 206 26
115 227 15
115 236 25
115 255 8
115 276 16
115 280 27
115 315 12
115 316 19
115 331 26
115 334 49
116 12 14
116 22 12
116 40 5
116 84 12
116 88 7
116 194 16
116 232 7
116 241 17
116 266 11
116 297 9
116 337 15
117 14 10
117 43 19
117 57 10
117 69 7
117 76 28
117 80 24
117 82 21
117 91 32
117 113 31
117 125 1
117 141 22
117 146 12
117 238 1
117 246 43
117 253 25
117 255 8
117 257 20
117 274 7
117 293 22
117 315 9
118 27 21
118 29 9
118 66 8
118 143 48
118 181 14
118 188 1
118 234 34
118 243 9
118 275 6
118 294 29
118 301 40
119 53 1
119 166 20
119 203 3
119 210 2
119 219 18
119 224 7
119 266 5
119 273 14
119 285 5
119 317 6
119 346 27
120 15 13
120 17 13
120 41 19
120 52 16
120 81 18
120 90 12
120 135 23
120 138 6
120 159 5
120 185 16
120 193 9
120 217 26
120 222 18
120 238 4
120 258 10
120 262 8
120 272 16
121 4 1
121 23 22
121 27 10
121 59 12
121 66 8
121 86 3
121 96 21
121 105 3
121 112 11
121 146 14
121 151 11
121 161 1
121 288 14
122 94 6
122 95 19
122 96 21
122 104 13
122 105 1
122 242 14
122 243 9
122 248 13
122 294 2
123 14 16
123 23 11
123 57 4
123 78 13
123 80 16
123 103 6
123 113 13
123 117 8
123 183 11
123 272 9
123 274 23
123 278 20
123 280 3
123 283 32
123 290 17
123 304 13
124 0 2
124 2 34
124 16 5
124 19 5
124 34 8
124 42 16
124 60 9
124 63 6
124 88 10
124 89 15
124 103 11
124 105 17
124 140 18
124 156 18
124 208 19
124 282 54
124 311 23
124 341 42
124 343 32
125 0 22
125 3 17
125 4 31
125 22 50
125 38 17
125 41 44
125 45 14
125 49 21
125 74 21
125 90 17
125 99 31
125 108 13
125 111 26
125 130 33
125 142 18
125 148 25
125 168 60
125 191 18
125 218 39
125 242 21
125 322 49
125 340 39
126 19 24
126 63 22
126 72 1
126 73 23
126 78 8
126 100 16
126 105 9
126 124 26
126 129 2
126 130 8
126 137 33
126 143 17
126 156 19
126 169 22
126 176 28
126 221 6
126 267 6
126 276 13
126 335 9
126 345 36
127 12 23
127 15 9
127 32 5
127 40 2
127 88 11
127 114 3
127 116 5
127 173 6
127 203 11
127 210 26
127 241 10
127 295 26
127 312 7
127 317 12
128 5 7
128 47 11
128 79 2
128 184 13
128 199 1
128 203 2
128 205 21
128 210 7
128 229 6
128 246 2
128 311 10
128 327 18
128 336 4
129 13 42
129 16 15
129 19 21
129 38 3
129 60 3
129 63 33
129 99 23
129 100 28
129 105 18
129 124 16
129 130 19
129 137 22
129 140 19
129 149 3
129 152 9
129 156 20
129 166 41
129 176 14
129 180 23
129 220 44
129 236 5
129 244 52
129 270 28
129 288 24
129 309 26
130 19 11
130 41 4
130 60 10
130 63 28
130 80 8
130 100 8
130 105 10
130 126 1
130 137 3
130 142 10
130 156 6
130 168 27
130 181 21
130 191 20
130 200 9
130 220 36
130 313 33
130 340 11
131 33 4
131 44 2
131 51 13
131 59 18
131 80 12
131 84 2
131 86 16
131 128 4
131 134 2
131 173 15
131 179 4
131 192 11
131 266 14
131 296 9
132 1 22
132 30 13
132 31 9
132 33 9
132 44 26
132 59 14
132 79 18
132 131 54
132 134 10
132 141 11
132 142 16
132 153 3
132 167 11
132 173 20
132 191 40
132 244 46
132 293 34
132 307 11
132 318 43
132 323 10
132 329 27
133 6 17
133 34 17
133 36 6
133 56 9
133 71 27
133 73 6
133 74 10
133 76 33
133 81 4
133 82 7
133 101 11
133 155 4
133 253 1
133 279 30
133 333 34
133 342 30
134 30 7
134 44 16
134 59 27
134 87 7
134 119 10
134 131 9
134 139 26
134 142 13
134 146 12
134 173 31
134 215 29
134 260 33
134 279 27
135 81 17
135 109 16
135 208 23
135 245 15
135 268 6
135 310 8
135 317 27
136 42 11
136 62 13
136 71 3
136 75 3
136 179 6
136 206 6
136 215 26
136 233 15
136 274 7
136 308 34
136 320 19
136 334 1
136 336 15
137 3 9
137 19 21
137 46 52
137 60 3
137 63 23
137 100 16
137 104 20
137 105 31
137 124 2
137 129 2
137 140 11
137 145 24
137 156 25
137 176 19
137 181 36
137 197 34
137 210 36
137 220 11
137 227 4
137 238 13
137 292 31
137 293 31
137 336 21
138 2 9
138 77 10
138 172 54
138 231 1
138 260 17
138 262 11
138 265 5
138 267 12
138 333 32
139 21 8
139 55 6
139 79 8
139 102 5
139 215 6
139 251 4
139 285 12
139 306 1
139 314 14
140 16 9
140 19 23
140 42 12
140 46 27
140 58 13
140 111 10
140 126 10
140 129 9
140 130 4
140 147 10
140 156 8
140 158 4
140 176 13
140 220 36
140 271 10
141 14 10
141 39 22
141 57 10
141 67 5
141 69 5
141 80 8
141 91 13
141 113 11
141 123 15
141 135 13
141 196 13
141 226 2
141 317 10
141 325 8
142 3 7
142 30 29
142 31 17
142 44 1
142 51 46
142 59 12
142 95 33
142 114 11
142 123 25
142 131 37
142 132 22
142 153 9
142 173 28
142 241 21
142 309 36
142 340 40
142 344 45
143 106 6
143 169 5
143 181 24
143 188 23
143 301 4
143 337 10
143 343 14
144 192 3
144 222 3
144 283 33
144 322 19
144 325 1
144 327 25
144 336 38
144 341 15
144 343 10
144 346 28
145 32 3
145 39 12
145 62 17
145 65 3
145 68 9
145 162 12
145 171 7
145 178 10
145 195 7
145 234 21
145 240 32
145 270 4
145 299 8
145 313 18
145 336 13
145 345 28
146 23 6
146 82 21
146 86 16
146 93 41
146 112 7
146 161 15
146 218 9
146 234 15
146 247 36
146 287 23
146 320 17
146 344 33
147 21 12
147 58 38
147 62 7
147 87 10
147 102 14
147 139 16
147 161 6
147 215 21
147 228 2
147 237 9
147 251 3
148 10 18
148 11 3
148 23 2
148 50 4
148 86 14
148 121 3
148 146 12
148 151 5
148 158 7
148 161 2
148 195 27
148 206 19
148 294 32
148 298 8
148 333 15
149 5 26
149 8 20
149 17 3
149 48 19
149 97 1
149 157 50
149 164 2
149 212 5
149 224 22
149 236 8
149 249 12
149 272 28
149 280 8
149 281 33
149 305 39
149 334 36
150 9 3
150 27 39
150 58 7
150 106 11
150 118 15
150 143 19
150 162 15
150 172 15
150 174 29
150 181 22
150 188 51
150 248 14
150 250 18
150 281 40
150 337 16
151 20 11
151 21 7
151 35 18
151 46 33
151 47 22
151 50 1
151 70 7
151 86 49
151 112 28
151 121 5
151 146 13
151 173 20
151 247 15
151 269 17
151 301 9
151 302 17
151 305 29
151 343 32
152 5 18
152 28 7
152 39 14
152 42 13
152 72 5
152 82 2
152 101 26
152 108 31
152 136 8
152 179 24
152 186 6
152 206 41
152 211 20
152 214 10
152 236 5
152 249 31
152 253 15
152 255 29
152 298 15
152 308 26
152 309 11
152 311 28
153 3 13
153 8 8
153 12 30
153 30 27
153 33 28
153 35 37
153 37 14
153 44 8
153 50 7
153 59 25
153 60 5
153 131 15
153 134 20
153 167 1
153 173 50
153 210 39
153 224 32
153 243 28
153 266 15
153 279 15
154 15 14
154 16 6
154 21 1
154 80 8
154 84 13
154 90 23
154 120 10
154 124 1
154 127 7
154 159 12
154 185 33
154 193 28
154 201 20
154 202 15
154 217 26
154 238 20
154 258 15
154 277 5
154 295 18
155 187 6
155 208 4
155 239 6
155 253 12
155 260 50
155 263 23
155 296 5
155 300 32
155 319 27
155 340 38
155 342 26
156 19 19
156 32 8
156 60 5
156 62 12
156 63 7
156 104 6
156 176 2
156 220 3
156 232 3
156 248 26
156 249 9
156 299 2
156 314 7
156 316 24
157 52 30
157 114 2
157 115 2
157 164 5
157 184 16
157 185 3
157 212 9
157 236 6
157 280 3
157 296 12
157 334 8
158 32 5
158 48 10
158 58 20
158 61 6
158 89 11
158 143 19
158 178 1
158 214 19
158 228 14
158 232 12
158 242 26
158 250 30
158 267 8
158 307 37
158 321 12
159 15 12
159 25 14
159 34 12
159 82 2
159 90 16
159 107 28
159 120 4
159 123 1
159 128 19
159 145 15
159 154 9
159 193 35
159 202 8
159 217 29
159 236 14
159 238 9
159 246 38
159 304 21
159 318 22
160 5 7
160 29 21
160 244 12
160 268 3
160 282 9
160 291 17
160 318 7
161 20 5
161 23 28
161 48 18
161 50 3
161 54 9
161 72 8
161 112 34
161 114 16
161 121 14
161 135 40
161 142 6
161 146 37
161 148 20
161 151 11
161 162 9
161 172 16
161 260 19
161 285 35
161 341 28
162 5 19
162 32 2
162 58 9
162 62 24
162 68 31
162 102 1
162 145 21
162 158 3
162 228 11
162 234 34
162 240 32
162 241 16
162 250 3
163 39 15
163 43 12
163 177 45
163 252 26
163 257 24
163 273 6
163 284 25
163 288 3
163 295 16
163 298 26
163 309 24
163 329 26
163 336 2
163 339 27
164 8 15
164 17 19
164 26 14
164 32 1
164 35 14
164 115 13
164 119 20
164 149 2
164 157 1
164 212 11
164 236 5
164 323 11
164 334 8
165 55 6
165 61 5
165 89 5
165 97 10
165 98 1
165 101 9
165 105 2
165 158 18
165 166 1
165 178 5
165 210 14
165 211 7
165 214 3
165 232 5
165 240 1
165 250 4
165 267 13
165 307 37
165 317 5
166 87 13
166 127 12
166 195 1
166 259 18
166 266 9
166 297 14
166 346 26
167 30 5
167 33 6
167 36 3
167 40 12
167 44 11
167 59 9
167 73 11
167 120 4
167 131 19
167 132 3
167 134 36
167 138 3
167 142 17
167 144 32
167 153 23
167 173 10
167 222 28
167 262 18
167 296 45
167 297 11
168 22 11
168 45 6
168 52 51
168 109 11
168 218 13
168 231 20
168 300 7
168 336 18
169 46 26
169 66 8
169 106 4
169 174 9
169 188 7
169 197 14
169 213 7
169 225 20
169 232 9
169 243 1
169 248 9
169 281 21
169 302 12
169 313 3
169 337 11
170 96 14
170 122 13
170 242 8
170 243 30
170 294 8
171 39 1
171 68 36
171 85 10
171 145 1
171 155 16
171 162 7
171 201 3
171 213 16
171 234 25
171 240 44
171 270 8
171 337 17
172 35 14
172 64 10
172 77 19
172 260 15
172 265 24
172 288 10
172 325 18
172 340 5
173 6 4
173 30 14
173 44 7
173 59 16
173 71 24
173 75 6
173 122 21
173 134 15
173 222 30
173 281 27
173 305 19
173 341 13
174 12 9
174 46 27
174 66 18
174 101 8
174 106 12
174 138 5
174 169 8
174 197 20
174 208 3
174 225 2
174 248 9
174 250 16
174 267 22
174 281 77
174 297 11
174 302 3
174 306 12
174 337 26
175 35 69
175 42 1
175 51 33
175 154 5
175 219 13
175 223 15
175 244 47
175 256 7
175 261 22
175 262 7
175 289 48
175 304 6
175 332 1
176 13 11
176 16 6
176 19 9
176 27 12
176 63 4
176 66 17
176 100 4
176 124 1
176 156 12
176 163 11
176 218 24
176 220 15
176 227 3
176 250 11
176 271 8
177 163 9
177 186 26
177 231 1
177 252 9
177 257 23
177 284 9
177 287 22
177 329 28
177 339 24
178 11 21
178 58 7
178 61 7
178 67 10
178 83 8
178 97 1
178 98 8
178 137 4
178 140 15
178 147 5
178 165 1
178 195 15
178 216 14
178 221 11
178 227 5
178 232 2
178 250 19
178 292 8
178 297 18
178 307 6
178 308 14
178 336 17
179 0 3
179 28 3
179 42 18
179 51 24
179 136 11
179 188 10
179 192 3
179 194 10
179 206 3
179 215 21
179 285 14
179 290 15
179 291 27
179 296 17
179 308 32
179 318 28
180 5 20
180 19 9
180 35 20
180 64 9
180 77 8
180 138 34
180 157 1
180 172 17
180 265 2
180 276 11
180 288 15
180 333 43
181 27 18
181 96 16
181 150 4
181 170 2
181 188 27
181 234 14
181 243 27
181 321 4
181 337 9
182 245 5
182 268 13
182 272 1
182 274 3
182 300 3
182 304 18
182 326 5
182 330 6
182 331 7
182 332 9
182 338 1
183 51 35
183 75 26
183 81 44
183 109 39
183 110 11
183 135 30
183 187 24
183 201 6
183 236 6
183 258 22
183 295 29
183 310 57
183 326 25
183 342 17
184 5 13
184 199 5
184 203 3
184 205 4
184 223 12
184 229 4
184 318 14
185 90 15
185 159 18
185 193 13
185 196 9
185 278 5
185 293 5
185 312 9
186 5 3
186 163 10
186 198 4
186 205 16
186 252 4
186 257 4
186 311 24
186 329 18
186 339 15
187 2 20
187 75 32
187 77 24
187 81 16
187 109 27
187 110 26
187 135 13
187 183 8
187 201 9
187 203 4
187 251 18
187 255 10
187 258 12
187 286 8
187 310 49
187 333 16
187 340 37
188 46 19
188 118 9
188 143 6
188 225 10
188 243 23
188 289 5
188 305 10
189 10 9
189 48 3
189 179 6
189 202 11
189 233 8
189 240 17
189 254 4
189 290 22
189 326 14
189 329 4
190 67 12
190 160 8
190 189 23
190 196 8
190 202 36
190 233 23
190 254 36
190 268 15
190 278 4
190 284 20
190 290 17
190 292 24
190 304 30
190 310 21
190 336 12
191 174 9
191 194 3
191 200 8
191 208 6
191 223 1
191 247 19
191 282 7
191 287 4
191 298 7
191 316 10
191 321 8
191 322 5
191 343 32
192 74 2
192 144 34
192 219 4
192 222 6
192 283 28
192 322 21
192 325 33
192 327 41
192 333 29
192 336 13
192 341 38
192 346 67
193 14 7
193 136 3
193 149 14
193 183 10
193 192 7
193 200 13
193 217 35
193 219 20
193 238 13
193 272 44
193 304 22
193 331 9
194 51 12
194 52 6
194 177 23
194 191 14
194 247 18
194 282 12
194 316 14
194 321 11
194 343 1
195 119 18
195 166 8
195 171 10
195 207 14
195 212 6
195 241 20
195 266 18
195 273 15
195 297 3
195 317 5
196 18 31
196 25 32
196 78 2
196 107 5
196 226 2
196 233 3
196 264 38
196 272 18
196 278 5
196 293 6
196 312 16
196 331 11
197 46 20
197 66 2
197 98 7
197 106 2
197 122 15
197 170 3
197 174 7
197 248 14
197 281 9
197 292 7
198 5 10
198 13 3
198 19 12
198 79 9
198 93 13
198 205 20
198 208 14
198 275 14
198 316 12
198 323 13
198 328 8
198 335 3
198 344 19
198 345 11
199 4 20
199 5 3
199 7 5
199 102 7
199 175 11
199 176 5
199 180 5
199 184 9
199 186 9
199 203 8
199 205 8
199 209 8
199 212 12
199 229 21
199 256 21
199 265 7
199 311 11
200 48 8
200 160 24
200 191 4
200 192 4
200 194 15
200 247 27
200 282 8
200 287 31
200 305 11
200 306 4
200 316 35
200 321 9
200 323 7
200 343 28
201 64 6
201 75 34
201 81 12
201 82 4
201 109 33
201 110 13
201 135 3
201 138 22
201 183 11
201 187 18
201 255 8
201 258 19
201 310 27
201 334 20
201 340 25
202 8 2
202 189 3
202 233 13
202 254 2
202 298 10
202 304 18
202 330 21
202 338 3
203 5 29
203 52 39
203 184 9
203 199 16
203 205 12
203 229 23
203 244 1
203 286 12
203 311 27
203 319 11
203 340 3
204 10 8
204 17 8
204 110 9
204 189 43
204 190 34
204 196 18
204 202 57
204 214 1
204 228 12
204 233 24
204 242 16
204 254 10
204 268 19
204 278 28
204 280 15
204 290 51
204 307 23
204 325 53
205 5 18
205 47 6
205 114 6
205 128 14
205 229 4
205 241 11
205 244 6
205 257 3
205 311 15
205 328 2
206 28 15
206 71 1
206 82 7
206 136 1
206 179 12
206 189 12
206 195 6
206 211 7
206 253 4
206 308 19
206 325 20
206 329 20
206 334 19
207 12 30
207 59 25
207 79 19
207 101 33
207 104 4
207 119 7
207 144 30
207 166 18
207 195 4
207 210 8
207 216 7
207 222 15
207 224 22
207 261 15
207 266 12
207 273 15
207 297 30
207 317 15
207 321 28
208 139 12
208 237 9
208 275 9
208 323 4
208 324 19
208 344 16
208 345 10
209 5 38
209 26 3
209 47 28
209 53 24
209 128 24
209 184 6
209 199 12
209 200 6
209 203 24
209 205 26
209 229 11
209 237 8
209 256 9
209 276 2
209 286 11
209 305 33
209 339 14
210 119 6
210 134 3
210 166 18
210 195 19
210 229 8
210 266 6
210 289 13
210 291 10
210 317 30
211 28 11
211 42 7
211 53 11
211 136 3
211 179 3
211 198 2
211 206 9
211 249 19
211 251 9
211 308 16
211 314 3
211 324 10
212 8 10
212 88 12
212 115 7
212 149 17
212 157 17
212 164 16
212 166 26
212 205 12
212 223 5
212 236 3
212 242 10
212 322 13
212 327 26
213 27 3
213 70 5
213 85 3
213 170 16
213 197 3
213 234 10
213 242 9
213 243 17
213 248 15
213 281 10
213 294 7
213 299 11
213 308 7
213 313 12
214 27 7
214 58 19
214 94 5
214 95 11
214 96 10
214 104 12
214 121 16
214 122 18
214 123 5
214 242 9
214 250 9
214 270 34
214 299 1
214 308 30
215 87 11
215 102 11
215 139 9
215 175 3
215 251 2
216 12 17
216 40 7
216 119 14
216 131 14
216 166 37
216 194 1
216 195 14
216 207 4
216 210 15
216 265 4
216 266 15
216 297 8
216 318 29
216 337 29
217 90 5
217 114 2
217 120 16
217 141 3
217 185 7
217 196 13
217 226 3
217 242 10
217 254 8
217 264 1
217 326 18
218 2 12
218 3 21
218 45 1
218 48 16
218 62 12
218 168 7
218 247 11
218 252 17
218 270 6
218 324 5
218 344 16
219 35 38
219 47 10
219 51 23
219 175 3
219 200 12
219 245 11
219 262 19
220 8 19
220 16 14
220 19 10
220 21 4
220 22 11
220 40 18
220 108 9
220 116 18
220 126 3
220 177 9
220 343 19
221 85 4
221 102 2
221 139 18
221 147 23
221 215 10
221 228 4
221 237 8
221 259 26
221 339 6
222 138 3
222 144 6
222 192 13
222 283 41
222 322 52
222 325 34
222 327 35
222 336 28
222 341 43
222 346 73
223 35 9
223 51 33
223 127 16
223 184 17
223 191 4
223 195 9
223 219 5
223 229 12
223 242 12
223 244 8
223 261 21
223 262 10
223 289 15
224 26 7
224 40 10
224 166 4
224 169 21
224 195 11
224 210 19
224 216 6
224 220 5
224 262 4
224 266 20
224 273 26
224 278 5
224 317 45
224 343 17
225 46 15
225 66 7
225 96 13
225 106 8
225 118 11
225 121 2
225 122 7
225 150 1
225 170 12
225 174 7
225 197 28
225 243 22
225 248 16
225 281 15
225 292 23
225 337 45
226 18 19
226 114 11
226 196 17
226 222 7
226 264 7
226 272 7
226 304 12
226 312 14
226 326 43
226 338 13
226 342 6
227 12 30
227 40 13
227 84 10
227 88 7
227 114 8
227 116 52
227 127 63
227 145 5
227 207 7
227 241 23
227 273 6
227 280 6
227 322 13
227 336 16
228 21 4
228 58 2
228 87 11
228 102 4
228 104 7
228 139 16
228 215 12
228 251 28
228 259 12
228 277 11
228 308 8
229 5 10
229 29 20
229 184 15
229 199 9
229 289 1
229 291 13
229 311 41
229 317 12
229 318 8
230 93 4
230 94 1
230 96 22
230 181 9
230 218 12
230 269 5
230 276 13
230 285 7
230 286 24
230 309 12
230 314 27
230 320 18
230 324 3
231 2 14
231 77 28
231 138 5
231 143 3
231 177 10
231 180 9
231 215 4
231 265 7
231 288 17
231 321 3
231 333 5
232 11 28
232 65 19
232 165 3
232 215 24
232 248 39
232 250 8
232 259 1
232 267 22
232 270 12
232 275 9
232 299 13
232 307 1
233 48 17
233 75 15
233 190 6
233 202 11
233 304 10
233 330 10
234 39 5
234 68 11
234 94 5
234 111 17
234 162 13
234 240 2
234 270 4
234 275 38
234 294 25
235 182 12
235 189 1
235 245 3
235 246 19
235 258 3
235 268 34
235 303 5
235 326 6
235 330 20
235 331 32
235 332 35
235 338 26
236 8 34
236 17 7
236 115 5
236 149 18
236 157 13
236 204 7
236 241 11
236 280 37
236 331 17
236 332 25
236 334 17
237 26 10
237 93 13
237 198 1
237 275 3
237 306 9
237 323 1
237 339 9
237 344 11
237 345 10
238 78 9
238 80 6
238 90 7
238 120 7
238 144 36
238 154 21
238 164 7
238 185 25
238 189 16
238 193 28
238 217 34
238 222 12
238 254 22
238 272 14
238 304 15
238 334 16
239 133 1
239 155 1
239 189 5
239 206 16
239 253 21
239 260 50
239 263 21
239 288 9
239 293 8
239 296 35
239 300 44
239 319 48
239 340 23
239 342 20
239 346 22
240 68 13
240 145 3
240 234 10
240 270 3
240 329 4
241 12 12
241 40 18
241 127 11
241 277 5
242 27 7
242 58 23
242 94 19
242 95 9
242 96 11
242 104 9
242 195 4
242 225 2
243 68 8
243 294 1
244 35 18
244 53 6
244 219 19
244 289 4
244 332 3
245 182 16
245 202 19
245 303 5
245 326 9
245 330 9
245 331 3
246 182 8
246 208 8
246 245 7
246 263 17
246 264 3
246 330 7
246 331 2
246 338 14
247 252 2
247 271 3
247 282 2
247 305 2
248 46 14
248 66 1
248 70 2
248 106 6
248 225 11
248 281 7
248 302 4
248 337 3
249 42 18
249 55 20
249 64 14
249 77 20
249 136 6
249 179 5
249 188 19
249 206 7
249 269 4
249 283 6
249 308 23
249 333 7
250 46 11
250 58 2
250 65 4
250 104 3
250 240 6
250 267 7
250 307 3
251 21 18
251 46 13
251 55 5
251 64 2
251 87 16
251 102 35
251 139 18
251 215 18
251 221 2
251 256 2
251 259 20
251 335 1
252 177 1
252 186 14
252 241 5
252 257 3
252 284 4
252 295 2
252 298 11
252 320 12
252 329 2
252 334 6
253 75 9
253 155 6
253 233 9
253 260 35
253 263 10
253 278 2
253 296 25
253 300 29
253 319 21
253 334 20
253 340 20
253 342 17
254 10 12
254 94 20
254 143 14
254 176 16
254 189 13
254 202 3
254 233 11
254 235 10
254 257 18
254 290 14
254 329 5
255 28 19
255 42 56
255 47 36
255 82 24
255 107 4
255 108 8
255 136 4
255 179 11
255 183 11
255 206 3
255 211 19
255 249 34
255 251 2
255 263 12
255 308 23
255 335 18
255 346 48
256 7 11
256 47 13
256 64 11
256 128 15
256 184 10
256 203 12
256 205 25
256 228 10
256 229 8
256 284 3
256 311 32
256 327 11
257 163 10
257 177 1
257 252 3
257 298 14
257 315 2
257 329 5
257 339 19
258 75 9
258 81 13
258 109 4
258 114 10
258 135 11
258 264 7
258 310 12
258 338 6
259 55 13
259 87 17
259 102 13
259 116 1
259 139 35
259 147 16
259 189 3
259 215 21
259 221 5
259 228 8
259 257 25
259 310 9
259 314 12
259 323 10
260 35 4
260 302 1
260 342 4
261 35 74
261 47 32
261 51 71
261 160 7
261 175 3
261 219 45
261 221 17
261 223 12
261 244 67
261 259 22
261 262 8
261 267 14
261 289 16
261 332 20
262 35 40
262 51 27
262 84 2
262 175 5
262 210 2
262 219 1
262 222 2
262 223 7
262 244 25
262 261 3
263 29 12
263 253 3
263 260 49
263 300 22
263 309 16
263 319 15
263 335 14
263 340 9
263 342 8
264 18 15
264 25 35
264 157 8
264 182 11
264 196 2
264 226 3
264 268 22
264 272 8
264 296 11
264 312 14
264 331 1
265 2 24
265 5 12
265 64 21
265 65 3
265 77 8
265 138 17
265 180 32
265 231 25
265 260 40
265 300 1
265 333 57
266 75 12
266 88 4
266 119 14
266 144 17
266 171 2
266 210 2
266 290 3
266 297 6
266 317 19
266 338 2
267 52 18
267 116 10
267 178 1
267 224 5
267 279 4
267 294 14
267 324 1
268 226 4
268 245 4
268 246 23
268 263 5
268 284 5
268 326 14
268 330 11
268 338 17
269 13 4
269 93 21
269 112 5
269 276 6
269 277 13
269 285 16
269 286 2
269 314 6
269 320 17
269 339 16
269 341 11
270 39 3
270 62 11
270 68 10
270 145 13
270 162 43
270 195 1
270 215 11
270 234 12
270 240 20
270 250 7
271 29 11
271 52 20
271 118 2
271 160 13
271 170 2
271 181 19
271 247 9
271 281 3
271 291 13
271 318 5
272 18 9
272 107 3
272 189 18
272 226 16
272 264 7
272 278 13
272 312 10
273 119 7
273 127 19
273 166 1
273 210 19
273 216 12
273 229 8
273 266 9
273 297 13
273 309 13
273 317 29
273 319 13
273 342 12
274 14 3
274 57 11
274 75 5
274 80 3
274 88 12
274 91 5
274 103 10
274 120 21
274 136 9
274 141 9
274 266 16
274 338 11
275 102 5
275 208 19
275 230 9
275 237 1
275 323 18
275 335 30
275 344 9
275 345 51
276 93 32
276 269 9
276 285 1
276 286 9
276 314 5
276 316 2
276 320 14
276 324 6
276 328 10
277 13 44
277 61 6
277 93 47
277 111 13
277 139 16
277 230 6
277 269 62
277 276 19
277 279 3
277 285 18
277 286 26
277 309 20
277 314 32
277 320 45
277 324 61
278 18 19
278 25 9
278 89 3
278 107 17
278 196 24
278 204 10
278 226 13
278 254 8
278 264 23
278 272 21
278 293 20
278 312 7
279 42 10
279 71 34
279 73 2
279 76 18
279 112 1
279 209 7
279 234 43
279 237 10
279 262 5
279 275 25
280 8 15
280 17 5
280 114 17
280 149 5
280 157 5
280 164 11
280 200 3
280 212 14
280 217 10
280 229 18
280 289 10
280 308 11
281 68 5
281 169 7
281 283 14
281 301 2
281 305 1
281 345 8
282 48 3
282 191 2
282 194 10
282 200 13
282 208 25
282 209 11
282 237 4
282 247 23
282 269 6
282 271 5
282 287 47
282 305 6
282 314 11
282 316 24
282 321 1
282 343 2
283 28 1
283 188 2
283 322 11
283 325 27
283 327 19
283 336 8
283 341 3
283 346 26
284 79 2
284 109 11
284 160 25
284 186 49
284 252 29
284 257 49
284 298 6
284 306 19
284 329 6
284 339 24
285 89 1
285 93 7
285 198 12
285 230 10
285 252 42
285 269 24
285 286 20
285 306 5
285 314 9
285 320 13
285 323 15
286 26 7
286 93 18
286 160 7
286 230 4
286 276 9
286 309 4
286 320 34
286 339 14
287 194 8
287 247 12
287 316 1
287 343 1
287 344 14
288 2 28
288 49 4
288 77 6
288 138 10
288 172 6
288 177 3
288 180 5
288 194 2
288 222 3
288 231 19
288 265 21
288 287 16
288 328 10
288 333 12
289 51 18
289 96 4
289 166 1
289 188 5
289 219 15
289 244 5
289 262 27
289 297 13
289 339 23
290 25 7
290 107 10
290 202 7
290 233 5
290 245 10
290 312 22
290 322 8
291 29 10
291 51 8
291 52 14
291 160 2
291 184 11
291 202 4
291 260 5
291 271 17
291 318 7
292 46 14
292 136 10
292 169 11
292 197 41
292 200 2
292 215 8
292 225 14
292 281 31
292 302 13
292 337 25
293 18 12
293 25 4
293 107 22
293 185 8
293 196 2
293 226 39
293 233 3
293 264 7
293 272 9
293 278 4
293 312 40
294 1 14
294 55 3
294 85 3
294 106 5
294 163 6
294 213 2
294 240 6
294 243 4
294 299 5
294 313 15
295 0 7
295 148 5
295 177 18
295 186 65
295 257 36
295 284 27
295 286 10
295 298 39
295 320 27
295 327 19
295 329 17
295 339 24
296 52 13
296 155 15
296 260 38
296 263 3
296 300 4
296 319 1
296 342 7
297 52 31
297 88 13
297 119 11
297 166 8
297 195 11
297 210 2
297 216 15
297 224 10
297 227 5
297 309 15
297 317 16
298 177 21
298 186 21
298 194 6
298 257 13
298 269 28
298 284 24
298 287 25
298 304 10
298 339 17
299 1 10
299 68 8
299 85 15
299 95 13
299 170 22
299 243 45
299 294 7
299 313 15
299 316 27
299 328 36
300 184 2
300 203 3
300 229 2
300 260 29
300 296 3
300 311 1
300 319 1
300 342 9
301 9 1
301 27 36
301 58 2
301 143 8
301 147 3
301 150 42
301 181 42
301 188 40
301 248 2
301 271 17
301 337 3
302 46 24
302 66 18
302 94 9
302 106 14
302 169 35
302 197 6
302 215 4
302 225 1
302 248 2
302 270 27
302 281 25
302 292 12
302 301 11
302 308 27
302 337 20
303 97 1
303 107 14
303 160 33
303 182 24
303 235 24
303 245 8
303 246 39
303 253 4
303 268 29
303 326 24
303 330 28
303 331 46
303 332 49
303 338 32
304 51 5
304 109 42
304 160 28
304 226 2
304 282 8
304 341 5
305 42 2
305 48 2
305 194 16
305 282 9
305 287 9
305 306 3
305 316 32
305 321 14
305 343 10
306 48 2
306 106 6
306 143 7
306 194 9
306 247 4
306 259 4
306 287 9
306 305 7
306 316 10
306 321 6
306 343 4
307 85 10
307 97 3
307 122 12
307 136 22
307 251 5
307 267 5
308 28 10
308 29 8
308 52 24
309 13 5
309 93 16
309 269 9
309 276 4
309 285 7
309 311 13
309 314 4
309 320 11
309 324 4
310 52 7
310 75 17
310 109 13
310 135 5
310 182 5
310 245 8
310 264 9
311 184 12
311 199 1
311 209 7
311 339 2
311 345 10
312 18 1
312 107 10
312 272 9
312 331 6
313 170 11
313 213 20
313 221 4
313 243 13
313 294 1
314 93 30
314 285 19
314 286 40
314 309 2
314 320 23
315 26 8
315 79 14
315 93 28
315 208 18
315 237 7
315 257 21
315 275 29
315 323 19
315 328 11
315 335 4
315 344 38
315 345 13
316 143 5
316 247 12
316 321 10
316 335 7
316 343 23
317 166 11
317 184 11
317 216 2
317 266 13
318 29 53
318 160 8
318 273 5
318 291 8
318 322 13
319 76 5
319 138 5
319 187 8
319 253 2
319 260 31
319 296 3
319 340 7
319 342 4
320 269 7
320 285 4
320 309 4
320 314 8
320 344 24
321 194 8
321 221 3
321 247 21
321 313 19
321 316 7
321 343 3
322 77 6
322 325 4
322 327 7
322 336 11
322 341 12
322 346 25
323 4 7
323 79 9
323 101 1
323 198 6
323 306 7
323 315 5
323 328 13
323 335 10
323 340 14
323 344 11
324 230 10
324 244 10
324 276 9
324 285 1
324 286 26
324 314 21
324 320 20
324 344 8
325 135 9
325 144 15
325 283 5
325 322 7
325 327 3
325 336 13
325 341 22
325 346 50
326 18 1
326 182 12
326 246 24
326 268 14
326 330 13
326 331 1
326 332 12
327 168 2
327 322 7
327 334 12
327 336 7
327 341 1
327 346 60
328 79 1
328 146 23
328 208 14
328 237 10
328 275 23
328 315 20
328 323 19
328 344 25
328 345 8
329 186 14
329 188 9
329 252 4
329 257 2
329 284 5
329 295 17
329 298 40
329 306 2
329 339 21
330 182 18
330 246 5
330 268 9
330 312 8
330 326 21
330 338 14
331 182 14
331 245 26
331 246 8
331 268 16
331 326 8
331 330 27
331 332 9
331 338 15
332 182 1
332 245 22
332 246 2
332 268 22
332 297 3
332 326 24
332 330 17
332 331 2
332 338 30
333 172 25
333 231 1
334 8 8
334 149 7
334 157 19
334 164 2
334 210 3
334 212 1
334 280 18
335 26 1
335 198 3
335 208 19
335 237 22
335 276 1
335 315 11
335 328 25
335 345 27
336 192 4
336 283 20
336 325 3
336 327 10
336 341 5
336 346 59
337 46 2
337 66 3
337 197 7
337 248 4
337 281 6
338 182 1
338 245 36
338 326 1
338 330 1
338 331 23
339 252 7
339 295 8
340 239 4
340 260 18
340 263 4
340 296 16
340 300 5
340 319 31
340 342 14
341 283 9
341 327 11
341 336 5
341 346 37
342 260 6
342 296 4
342 300 7
342 319 3
342 340 14
343 305 5
344 93 3
344 198 3
344 323 7
344 335 8
344 345 11
345 79 15
345 208 13
345 237 15
345 323 6
345 335 1
