0 82 7
0 83 1
0 95 2
0 98 11
0 235 10
0 264 18
0 289 8
0 336 3
1 39 1
1 100 12
1 117 6
1 134 11
1 142 10
1 147 4
1 195 12
1 202 14
1 229 8
1 241 31
1 249 19
1 265 8
1 277 9
1 290 12
1 291 12
1 314 7
1 347 28
2 72 19
2 129 8
2 131 6
2 181 9
2 184 15
2 189 25
2 192 18
2 212 17
2 253 12
2 281 11
2 311 30
2 339 17
2 340 18
3 4 23
3 12 28
3 18 6
3 40 2
3 55 2
3 60 28
3 65 9
3 71 16
3 76 21
3 80 4
3 82 5
3 92 35
3 114 26
3 115 33
3 133 59
3 144 9
3 160 4
3 178 20
3 195 27
3 217 41
3 233 26
3 295 50
3 301 11
3 332 34
4 10 12
4 12 18
4 38 2
4 55 2
4 71 12
4 76 14
4 82 6
4 92 19
4 104 22
4 133 21
4 159 22
4 178 19
4 210 13
4 217 4
4 311 35
4 314 36
4 334 28
4 348 42
5 6 19
5 15 6
5 25 12
5 42 14
5 43 30
5 44 4
5 66 11
5 67 12
5 124 7
5 174 46
5 177 13
5 180 2
5 201 7
5 222 34
5 227 11
5 258 41
5 284 33
5 320 46
5 341 29
6 15 2
6 25 7
6 44 10
6 75 5
6 124 21
6 201 19
6 203 31
6 237 10
6 287 24
6 296 22
6 319 8
6 336 32
6 338 5
7 34 5
7 53 5
7 54 6
7 74 17
7 76 10
7 93 13
7 103 1
7 124 2
7 132 5
7 133 12
7 139 13
7 142 26
7 177 19
7 190 2
7 233 25
7 254 67
7 341 30
8 19 3
8 51 3
8 107 9
8 110 1
8 138 10
8 141 12
8 169 40
8 176 2
8 221 19
8 222 19
8 232 13
8 243 34
8 248 25
8 259 11
8 287 34
8 319 3
8 320 15
8 338 16
9 0 11
9 28 1
9 83 4
9 95 9
9 109 9
9 113 1
9 124 26
9 170 22
9 179 29
9 199 18
9 217 2
9 219 12
9 223 7
9 264 52
9 274 16
9 330 20
10 37 26
10 105 11
10 157 13
10 162 17
10 216 20
10 218 26
10 239 19
10 265 10
10 273 4
10 287 7
10 297 6
11 35 34
11 56 10
11 58 17
11 64 42
11 70 16
11 71 9
11 74 4
11 83 11
11 108 8
11 173 23
11 196 12
11 198 12
11 208 30
11 280 32
11 305 48
11 310 9
12 3 2
12 5 8
12 55 13
12 71 7
12 92 21
12 134 19
12 144 39
12 164 30
12 170 8
12 178 13
12 195 5
12 210 17
12 223 11
12 324 4
12 326 27
12 350 28
13 39 4
13 40 2
13 122 5
13 135 14
13 136 12
13 152 10
13 190 7
13 194 11
13 208 2
13 231 9
13 256 5
13 268 5
13 304 16
13 313 9
13 329 21
13 345 18
14 16 5
14 29 12
14 48 11
14 50 15
14 57 1
14 62 24
14 66 8
14 112 3
14 122 36
14 125 12
14 128 15
14 141 21
14 156 19
14 157 40
14 205 29
14 240 49
14 244 13
14 250 28
14 339 30
14 345 28
15 18 13
15 21 4
15 26 12
15 48 17
15 89 30
15 91 8
15 124 14
15 128 14
15 164 36
15 182 7
15 206 4
15 237 2
15 267 31
15 277 29
15 316 20
15 331 16
15 337 21
16 14 8
16 20 1
16 29 37
16 31 1
16 36 10
16 62 17
16 125 48
16 128 37
16 129 18
16 130 17
16 137 5
16 144 12
16 191 1
16 205 29
16 237 2
16 240 43
16 249 46
16 270 17
16 340 27
17 4 28
17 12 14
17 38 33
17 50 15
17 87 49
17 96 14
17 99 33
17 104 53
17 123 14
17 127 4
17 157 32
17 188 13
17 197 15
17 214 3
17 261 26
17 299 10
17 332 17
17 336 37
17 342 46
18 15 1
18 21 22
18 26 39
18 40 10
18 48 43
18 51 12
18 57 15
18 73 6
18 80 17
18 88 4
18 91 20
18 135 38
18 161 9
18 181 1
18 182 18
18 191 2
18 201 10
18 202 23
18 206 21
18 224 19
18 237 21
18 267 34
18 313 33
18 329 36
19 8 17
19 136 22
19 167 9
19 169 11
19 176 7
19 221 19
19 226 22
19 232 9
19 248 21
19 250 8
19 258 7
19 287 25
19 302 11
19 304 11
19 312 14
19 319 3
19 320 23
19 338 20
20 6 12
20 21 1
20 25 22
20 33 6
20 34 30
20 43 4
20 44 11
20 45 33
20 61 9
20 75 33
20 124 42
20 141 20
20 148 8
20 180 3
20 201 15
20 205 2
20 223 17
20 227 18
20 233 14
20 234 42
20 278 26
20 333 30
20 341 42
21 13 44
21 15 15
21 26 10
21 52 2
21 57 5
21 85 18
21 91 7
21 132 8
21 140 5
21 182 20
21 191 26
21 206 10
21 231 2
21 237 4
21 240 12
21 278 24
21 287 24
21 320 28
22 24 9
22 37 14
22 60 6
22 151 20
22 164 31
22 166 8
22 168 4
22 257 4
22 346 19
23 17 7
23 22 29
23 24 14
23 25 18
23 60 13
23 61 8
23 62 6
23 85 10
23 106 14
23 126 8
23 127 5
23 130 10
23 138 11
23 140 8
23 149 22
23 165 22
23 168 6
23 191 2
23 311 13
23 337 44
23 340 27
24 60 7
24 61 9
24 70 2
24 106 6
24 140 11
24 151 12
24 165 2
24 171 3
24 269 14
24 273 6
24 307 3
25 43 3
25 44 41
25 45 15
25 75 12
25 124 38
25 153 2
25 201 8
25 224 9
25 227 21
25 243 9
25 302 31
25 322 20
25 345 18
26 13 3
26 25 9
26 30 3
26 52 5
26 73 5
26 91 9
26 182 11
26 237 11
26 250 17
26 268 30
26 304 7
26 309 17
26 315 31
26 337 18
27 149 27
27 183 8
27 203 10
27 251 21
27 252 8
27 283 5
27 304 18
27 331 11
27 336 7
27 337 13
27 341 9
27 346 19
27 347 33
28 49 4
28 70 2
28 90 10
28 102 7
28 115 10
28 195 6
28 207 11
28 235 42
28 252 11
28 266 14
28 275 26
28 301 9
28 330 33
28 338 30
29 16 4
29 62 22
29 66 4
29 125 18
29 128 24
29 166 14
29 205 9
29 215 11
29 216 12
29 240 4
29 263 2
29 284 18
29 306 6
29 342 31
29 346 13
30 6 19
30 10 26
30 31 10
30 32 3
30 41 7
30 42 13
30 45 1
30 50 11
30 82 2
30 86 12
30 119 25
30 157 24
30 218 17
30 220 7
30 226 2
30 286 14
30 287 24
31 30 10
31 32 7
31 40 11
31 72 16
31 94 3
31 111 1
31 116 5
31 118 8
31 119 3
31 144 18
31 148 21
31 157 28
31 162 31
31 250 24
31 296 13
31 324 27
31 325 46
32 30 7
32 40 18
32 42 21
32 49 8
32 50 10
32 52 5
32 59 7
32 105 17
32 116 52
32 118 10
32 119 12
32 171 31
32 246 43
32 251 46
32 256 36
32 295 33
32 336 25
32 344 62
33 7 27
33 18 11
33 53 15
33 54 2
33 74 31
33 76 26
33 77 30
33 91 9
33 93 14
33 113 17
33 139 18
33 188 22
33 190 26
33 209 10
33 225 20
33 245 17
33 254 52
33 256 4
34 6 8
34 8 13
34 9 15
34 25 37
34 43 30
34 44 32
34 45 5
34 75 17
34 100 7
34 112 7
34 121 38
34 179 29
34 180 9
34 197 14
34 201 7
34 202 18
34 227 18
34 234 8
34 328 30
34 329 32
35 11 11
35 56 11
35 58 3
35 64 3
35 115 12
35 173 4
35 235 4
35 271 3
35 288 9
35 301 20
35 327 6
35 332 1
36 107 7
36 166 4
36 184 5
36 230 2
36 257 7
36 307 4
36 308 14
37 10 2
37 105 10
37 154 4
37 156 12
37 222 1
37 228 32
37 239 10
37 286 3
38 23 16
38 96 9
38 99 7
38 102 20
38 104 10
38 123 12
38 188 2
38 192 5
38 197 11
38 233 7
38 241 38
38 318 36
38 325 23
38 348 43
39 13 3
39 136 12
39 161 3
39 236 10
39 246 18
39 263 10
39 313 4
39 315 28
39 331 16
40 30 32
40 31 4
40 32 8
40 41 14
40 42 13
40 50 30
40 59 9
40 71 3
40 94 7
40 116 23
40 118 13
40 119 13
40 134 42
40 259 22
40 317 54
40 331 34
40 332 24
40 339 27
41 30 16
41 31 22
41 32 10
41 34 4
41 40 14
41 53 11
41 58 15
41 59 15
41 74 14
41 94 8
41 101 9
41 116 45
41 119 31
41 148 30
41 182 19
41 280 33
41 324 4
41 330 53
41 335 42
42 21 10
42 31 6
42 32 6
42 49 13
42 59 3
42 61 15
42 94 13
42 116 6
42 118 10
42 119 28
42 166 19
42 207 26
42 215 21
42 277 10
42 288 16
42 322 22
42 330 15
43 6 3
43 26 10
43 44 31
43 45 3
43 119 3
43 124 5
43 141 9
43 180 14
43 201 12
43 236 5
43 245 13
43 255 15
43 277 2
43 304 34
43 309 29
44 6 8
44 43 4
44 125 5
44 163 13
44 174 6
44 180 14
44 203 13
44 204 2
44 250 23
44 251 14
44 305 15
44 309 22
45 5 5
45 6 2
45 28 12
45 44 19
45 48 4
45 75 1
45 80 9
45 90 6
45 93 9
45 116 11
45 124 8
45 170 13
45 174 36
45 180 3
45 201 21
45 224 9
45 234 5
45 297 13
45 318 14
45 332 10
46 22 9
46 107 3
46 138 4
46 146 1
46 150 15
46 184 28
46 193 36
46 253 4
46 304 15
46 309 2
47 115 32
47 190 2
47 207 11
47 235 3
47 272 10
47 285 18
47 294 10
47 305 17
47 310 19
47 334 7
47 347 5
47 350 61
48 19 19
48 21 4
48 52 7
48 57 7
48 73 3
48 81 4
48 91 15
48 116 21
48 156 15
48 161 11
48 163 20
48 182 7
48 191 9
48 206 10
48 234 7
48 237 10
48 249 3
48 332 10
48 345 21
49 170 2
49 187 5
49 199 7
49 229 2
49 261 30
49 288 9
49 289 4
49 292 16
49 318 50
49 321 11
49 331 48
50 25 8
50 30 9
50 31 15
50 41 9
50 42 4
50 59 19
50 94 9
50 116 11
50 118 6
50 119 13
50 145 12
50 158 15
50 163 24
50 206 11
50 229 5
50 321 15
50 331 26
51 15 19
51 18 8
51 21 6
51 26 13
51 34 5
51 41 14
51 48 14
51 52 13
51 57 4
51 61 10
51 81 31
51 91 33
51 112 9
51 182 4
51 191 12
51 237 11
51 246 33
51 259 8
51 324 23
51 328 15
52 18 2
52 26 3
52 31 7
52 98 33
52 173 15
52 182 7
52 185 11
52 237 4
52 238 5
52 314 12
52 316 31
52 349 34
53 7 18
53 24 15
53 54 15
53 74 15
53 75 12
53 76 9
53 93 10
53 109 20
53 123 1
53 139 5
53 179 2
53 190 13
53 201 9
53 208 13
53 215 22
53 254 38
53 279 14
53 299 10
53 333 20
54 33 7
54 59 10
54 74 13
54 76 40
54 84 53
54 93 7
54 99 2
54 121 26
54 124 27
54 125 26
54 133 5
54 190 16
54 205 21
54 254 54
54 260 15
54 309 55
54 336 34
54 337 32
55 3 7
55 4 7
55 30 7
55 56 23
55 84 15
55 92 41
55 144 7
55 153 24
55 178 27
55 188 7
55 195 24
55 198 18
55 210 28
55 285 15
55 301 21
55 323 21
56 10 16
56 11 7
56 35 10
56 58 3
56 64 17
56 83 10
56 170 2
56 173 12
56 196 10
56 210 5
56 223 9
56 285 17
56 301 2
56 321 14
57 2 12
57 15 33
57 26 7
57 35 17
57 48 12
57 51 5
57 71 21
57 76 23
57 91 44
57 97 18
57 106 17
57 119 9
57 166 19
57 191 24
57 223 21
57 237 7
57 301 17
57 341 33
57 346 32
58 10 21
58 35 21
58 56 8
58 101 17
58 108 9
58 109 14
58 143 14
58 173 12
58 196 12
58 264 17
58 274 16
58 275 17
58 350 29
59 30 8
59 31 18
59 50 6
59 93 3
59 119 1
59 202 5
59 221 28
59 237 21
59 251 29
59 253 13
59 281 4
59 293 36
59 328 1
60 22 12
60 61 23
60 103 12
60 126 9
60 131 9
60 192 17
60 227 4
60 304 13
60 329 17
60 335 5
60 339 11
60 340 20
61 0 23
61 8 8
61 22 12
61 103 9
61 106 29
61 107 21
61 126 2
61 127 15
61 134 22
61 140 3
61 165 13
61 183 11
61 194 9
61 211 15
61 231 4
61 238 2
62 29 23
62 81 17
62 98 3
62 125 15
62 128 5
62 129 1
62 146 15
62 203 8
62 240 10
63 77 12
63 111 4
63 142 9
63 174 24
63 211 1
63 213 3
63 215 10
63 216 4
63 269 17
63 296 27
63 317 18
63 330 26
63 335 5
63 336 26
63 344 19
64 35 7
64 56 15
64 58 4
64 70 18
64 81 12
64 108 3
64 173 3
64 271 11
64 288 4
64 297 3
64 323 7
64 328 31
64 350 15
65 0 15
65 9 5
65 17 6
65 33 4
65 38 8
65 64 1
65 82 28
65 83 49
65 113 3
65 144 7
65 159 20
65 170 15
65 219 19
65 223 23
65 235 36
65 264 51
65 335 29
65 350 37
66 14 21
66 16 18
66 29 11
66 60 31
66 62 26
66 63 19
66 75 3
66 95 8
66 125 17
66 128 23
66 138 24
66 205 15
66 216 26
66 240 27
66 254 8
66 286 8
66 306 21
66 335 29
66 336 26
67 177 8
67 179 5
67 236 7
67 249 16
67 255 8
67 276 4
67 306 10
67 317 20
68 13 17
68 39 3
68 60 13
68 67 7
68 78 48
68 104 7
68 134 14
68 136 12
68 160 17
68 161 14
68 169 14
68 194 15
68 204 16
68 208 10
68 256 17
68 260 9
68 262 1
68 263 22
68 284 29
68 313 11
68 317 5
68 333 14
69 22 22
69 23 7
69 60 1
69 61 20
69 85 2
69 86 2
69 103 8
69 106 4
69 110 17
69 126 6
69 127 16
69 129 20
69 140 2
69 142 17
69 165 2
69 180 8
69 194 10
69 222 24
69 232 23
69 290 27
69 297 9
69 304 22
69 322 14
70 1 22
70 9 8
70 35 47
70 56 14
70 58 18
70 64 12
70 105 4
70 173 22
70 196 17
70 198 15
70 260 13
70 262 13
70 270 28
70 307 15
70 319 25
70 342 17
71 4 27
71 12 11
71 16 2
71 29 10
71 55 2
71 79 26
71 80 9
71 92 56
71 116 13
71 144 12
71 178 21
71 186 4
71 217 1
71 275 27
71 288 32
71 301 17
71 326 9
72 2 5
72 36 7
72 181 3
72 184 25
72 189 32
72 192 19
72 231 7
72 295 15
72 311 38
72 313 6
72 327 16
72 339 15
72 340 48
72 349 22
73 7 7
73 12 11
73 15 13
73 21 16
73 22 15
73 31 17
73 42 8
73 48 1
73 51 12
73 52 6
73 57 7
73 87 16
73 91 10
73 150 6
73 182 20
73 184 28
73 191 2
73 202 22
73 206 17
73 214 5
73 237 10
73 257 19
73 258 21
73 349 22
74 7 19
74 33 12
74 51 3
74 54 19
74 67 7
74 76 3
74 93 45
74 104 18
74 139 10
74 175 10
74 179 3
74 180 6
74 190 3
74 254 17
74 263 22
74 279 3
74 306 32
74 317 28
75 5 16
75 29 17
75 43 11
75 44 20
75 63 17
75 124 8
75 201 15
75 216 17
75 227 10
75 234 1
75 263 3
75 291 24
75 305 10
75 309 24
75 335 13
75 336 33
76 7 10
76 29 12
76 53 8
76 54 4
76 74 6
76 79 9
76 115 20
76 254 17
76 280 31
76 284 30
76 288 14
76 292 22
76 317 15
77 128 6
77 134 2
77 138 24
77 158 25
77 159 15
77 160 14
77 183 17
77 192 8
77 211 21
77 230 27
77 231 9
77 238 15
77 246 7
77 311 15
77 323 20
77 344 27
78 13 1
78 37 6
78 39 3
78 138 3
78 152 6
78 161 5
78 204 5
78 208 16
78 212 11
78 218 18
78 231 3
78 233 6
78 263 17
78 284 12
78 313 8
79 128 1
79 218 32
79 233 3
79 252 12
79 305 5
79 309 46
79 312 21
79 336 11
79 342 25
79 346 9
79 348 30
80 3 4
80 4 15
80 12 32
80 55 21
80 71 42
80 116 16
80 133 31
80 144 9
80 160 5
80 169 11
80 170 21
80 172 13
80 178 44
80 195 5
80 201 8
80 217 14
80 294 36
80 302 41
80 305 24
80 310 23
80 324 31
81 164 8
81 182 3
81 211 13
81 258 8
81 298 12
81 302 4
81 316 7
81 322 2
81 345 11
82 0 26
82 9 4
82 44 16
82 49 3
82 83 31
82 95 6
82 102 19
82 113 3
82 149 19
82 173 21
82 219 8
82 223 13
82 264 24
82 274 19
82 282 32
82 320 30
82 350 22
83 9 6
83 44 19
83 84 11
83 95 11
83 170 8
83 172 7
83 178 13
83 219 20
83 255 21
83 264 36
83 310 6
83 321 16
83 350 33
84 109 6
84 157 16
84 176 9
84 187 17
84 199 1
84 216 37
84 261 18
84 271 18
84 304 7
84 310 3
84 318 8
85 8 13
85 22 35
85 23 36
85 24 14
85 60 16
85 61 35
85 69 11
85 72 18
85 88 3
85 103 14
85 106 15
85 126 19
85 182 30
85 194 21
85 200 21
85 231 13
85 237 19
85 239 38
85 322 15
85 332 6
86 35 7
86 97 5
86 154 28
86 211 32
86 240 15
86 241 19
86 249 8
86 286 49
86 300 15
86 319 3
86 324 3
87 33 4
87 38 17
87 77 34
87 96 30
87 99 19
87 104 51
87 123 33
87 127 30
87 128 16
87 165 21
87 171 23
87 178 15
87 188 23
87 197 30
87 214 10
87 238 4
87 280 31
87 281 21
87 308 16
88 15 5
88 18 9
88 21 37
88 26 19
88 27 29
88 48 31
88 51 15
88 52 36
88 57 6
88 66 3
88 73 19
88 91 23
88 182 24
88 191 8
88 206 25
88 211 20
88 228 20
88 230 25
88 237 10
88 252 10
88 267 13
88 273 14
88 303 22
89 0 8
89 132 8
89 149 25
89 156 3
89 158 11
89 167 43
89 224 13
89 276 20
89 303 7
89 315 14
89 329 4
90 1 3
90 114 6
90 117 26
90 147 16
90 202 8
90 209 32
90 229 8
90 241 9
90 265 17
90 305 39
90 312 4
90 314 11
90 324 11
90 338 11
90 349 13
91 15 5
91 18 10
91 48 1
91 51 6
91 52 19
91 78 15
91 81 8
91 89 27
91 126 15
91 158 28
91 178 14
91 182 6
91 257 11
91 278 7
91 315 21
92 59 15
92 80 18
92 109 1
92 144 5
92 187 6
92 196 17
92 217 3
92 269 20
92 309 37
93 7 2
93 33 6
93 36 49
93 39 10
93 76 6
93 106 13
93 139 25
93 183 37
93 190 10
93 194 18
93 254 27
93 280 15
93 298 33
93 315 33
94 19 25
94 20 6
94 30 37
94 31 11
94 32 9
94 38 6
94 40 13
94 41 2
94 42 34
94 59 20
94 69 6
94 88 10
94 93 7
94 116 27
94 119 5
94 142 9
94 154 26
94 214 11
94 285 18
94 290 24
94 300 3
94 305 37
95 0 7
95 9 2
95 47 13
95 65 6
95 83 17
95 145 21
95 204 8
95 219 8
95 223 6
95 264 19
95 272 25
95 289 17
95 320 18
96 14 17
96 17 6
96 38 10
96 91 15
96 99 25
96 104 29
96 162 3
96 169 23
96 188 13
96 197 6
96 201 3
96 214 22
96 224 24
96 234 4
96 314 26
96 344 28
97 19 8
97 100 1
97 121 8
97 249 14
97 250 16
97 276 1
97 286 16
97 289 26
97 347 12
98 36 15
98 150 13
98 158 15
98 166 22
98 186 8
98 230 5
98 257 11
98 308 22
98 340 10
99 59 6
99 92 7
99 104 33
99 123 24
99 143 3
99 162 9
99 212 18
99 241 1
99 269 31
99 285 15
100 86 30
100 121 13
100 147 8
100 153 11
100 154 52
100 179 10
100 221 14
100 225 4
100 241 23
100 249 18
100 276 4
100 286 30
100 324 17
101 72 5
101 98 17
101 109 5
101 129 16
101 131 2
101 143 1
101 150 20
101 171 19
101 208 4
101 220 22
101 251 19
101 295 23
101 307 14
101 339 39
101 349 26
102 79 7
102 172 2
102 173 13
102 196 14
102 235 5
102 266 1
102 272 29
102 275 10
102 294 8
102 301 8
102 332 8
103 12 18
103 22 25
103 23 10
103 24 17
103 26 10
103 60 7
103 61 12
103 69 5
103 106 3
103 108 5
103 126 3
103 140 7
103 150 20
103 151 14
103 165 12
103 200 34
103 225 12
103 226 1
103 265 26
103 319 21
103 337 10
104 116 1
104 123 5
104 154 9
104 188 4
104 195 12
104 214 2
104 276 9
104 313 11
104 317 20
104 348 38
105 2 8
105 10 5
105 37 8
105 49 8
105 90 3
105 115 20
105 162 28
105 187 8
105 223 10
105 228 10
105 273 3
105 286 2
105 297 3
105 318 23
106 2 11
106 22 6
106 24 12
106 60 12
106 69 7
106 126 2
106 151 7
106 212 7
106 216 19
106 311 6
106 339 18
106 344 19
106 345 24
107 46 4
107 168 4
107 186 9
107 193 6
107 231 4
107 282 13
107 327 4
108 5 10
108 11 26
108 35 29
108 56 39
108 58 5
108 64 3
108 67 9
108 70 66
108 92 16
108 93 4
108 114 12
108 134 35
108 173 18
108 185 24
108 196 32
108 198 38
108 219 32
108 324 15
109 84 5
109 114 6
109 157 3
109 187 3
109 208 11
109 261 10
109 266 8
109 271 6
109 274 1
109 275 4
109 321 4
109 334 4
110 8 12
110 10 9
110 37 29
110 52 13
110 105 8
110 162 24
110 196 3
110 221 18
110 228 15
110 239 14
110 241 9
110 261 11
110 273 6
110 297 6
110 318 20
111 150 1
111 212 3
111 252 2
111 269 3
111 280 4
111 282 5
111 283 7
111 293 1
111 306 9
112 14 1
112 16 55
112 29 83
112 62 116
112 66 21
112 68 31
112 107 14
112 125 65
112 128 46
112 136 29
112 138 28
112 159 22
112 177 39
112 189 39
112 228 30
112 236 16
112 240 42
112 261 28
112 349 45
113 0 28
113 9 12
113 14 9
113 38 7
113 64 7
113 65 20
113 82 12
113 83 22
113 114 9
113 132 16
113 170 32
113 219 9
113 223 27
113 264 29
113 267 21
113 271 12
113 312 36
114 28 7
114 47 4
114 67 18
114 84 23
114 109 46
114 113 6
114 157 29
114 187 24
114 199 26
114 216 29
114 256 22
114 261 23
114 271 46
114 305 31
114 338 15
114 347 23
115 207 28
115 270 19
115 271 2
115 272 13
115 274 23
115 284 11
115 294 10
115 334 3
115 350 41
116 30 6
116 31 7
116 32 5
116 42 1
116 59 9
116 90 16
116 94 9
116 131 6
116 221 17
116 224 13
116 286 35
116 309 22
116 318 2
117 1 16
117 86 4
117 147 6
117 162 22
117 167 35
117 202 2
117 229 19
117 241 32
117 265 4
117 273 11
117 279 9
117 290 11
117 291 3
117 312 25
117 314 15
117 323 3
117 329 9
118 30 16
118 32 7
118 38 17
118 41 2
118 42 18
118 50 35
118 52 3
118 59 29
118 94 1
118 95 15
118 116 16
118 117 10
118 148 35
118 185 38
118 191 16
118 238 12
118 245 40
118 262 17
118 293 18
118 307 11
118 323 39
119 31 1
119 39 13
119 46 32
119 50 4
119 59 11
119 106 9
119 116 27
119 118 2
119 165 7
119 167 26
119 171 12
119 247 12
119 280 10
120 2 10
120 27 3
120 46 26
120 107 12
120 146 7
120 168 5
120 181 13
120 189 5
120 193 25
120 225 12
120 281 21
120 283 10
120 327 5
120 340 41
121 106 4
121 111 18
121 150 22
121 151 14
121 156 11
121 179 7
121 185 7
121 247 4
121 280 16
121 282 35
121 295 12
121 308 9
121 341 20
122 124 6
122 148 28
122 153 14
122 182 1
122 193 9
122 243 14
122 250 17
122 268 18
122 278 10
122 279 19
122 316 18
122 328 26
122 338 9
123 46 16
123 62 6
123 87 1
123 96 17
123 99 1
123 104 17
123 111 11
123 147 2
123 182 1
123 188 25
123 193 11
123 212 16
123 270 22
123 308 32
124 1 43
124 5 2
124 6 18
124 34 5
124 39 27
124 44 12
124 70 7
124 75 28
124 136 12
124 167 38
124 180 6
124 201 1
124 331 7
125 10 4
125 24 2
125 66 7
125 128 7
125 176 10
125 201 2
125 203 3
125 290 14
125 316 9
125 347 26
126 22 11
126 24 12
126 61 14
126 69 3
126 106 4
126 140 13
126 146 22
126 165 25
126 193 2
126 225 13
126 238 7
126 247 3
126 289 22
126 297 12
126 339 9
126 344 28
126 349 24
127 22 15
127 24 4
127 36 11
127 60 7
127 85 11
127 92 5
127 103 32
127 106 9
127 126 28
127 130 6
127 140 5
127 160 20
127 165 11
127 171 17
127 181 10
127 184 27
127 253 12
127 326 1
127 327 19
128 25 2
128 62 6
128 66 7
128 111 36
128 125 1
128 127 8
128 152 21
128 171 5
129 101 10
129 131 7
129 137 7
129 171 22
129 189 5
129 192 10
129 220 13
129 282 15
129 293 16
129 308 3
129 349 21
130 36 29
130 98 22
130 111 15
130 120 3
130 166 1
130 186 3
130 191 6
130 210 6
130 230 36
130 231 3
130 257 10
130 259 14
130 283 1
130 307 9
130 308 82
130 339 26
131 101 8
131 129 17
131 167 12
131 171 16
131 184 17
131 192 4
131 220 13
131 282 12
131 293 11
131 307 5
131 339 11
131 349 12
132 156 10
132 200 20
132 224 2
132 238 2
132 277 12
132 303 14
132 315 76
133 0 24
133 4 9
133 12 3
133 25 14
133 33 3
133 55 9
133 71 3
133 92 5
133 95 5
133 135 17
133 137 8
133 144 26
133 145 23
133 172 8
133 178 33
133 195 6
133 204 24
133 219 5
133 320 26
134 27 9
134 195 5
134 251 8
134 304 16
134 311 20
134 331 6
134 337 20
134 346 17
134 347 7
135 81 19
135 89 17
135 153 14
135 158 9
135 164 29
135 242 5
135 298 6
135 313 5
135 325 17
135 327 27
135 345 16
136 78 26
136 79 2
136 152 5
136 161 4
136 163 11
136 242 1
136 250 8
136 263 11
136 284 8
136 313 13
136 316 9
136 347 15
137 22 8
137 101 33
137 129 12
137 131 7
137 143 18
137 171 50
137 181 6
137 185 18
137 220 46
137 231 8
137 237 15
137 254 21
137 259 10
137 263 15
137 300 12
137 326 8
137 346 32
137 349 48
138 159 4
138 183 17
138 189 3
138 211 11
138 212 11
138 246 22
138 293 5
138 295 22
139 1 23
139 6 29
139 7 24
139 9 4
139 11 2
139 24 12
139 32 3
139 33 11
139 40 7
139 53 6
139 74 9
139 76 17
139 93 17
139 190 12
139 215 30
139 229 36
139 246 33
139 254 26
139 261 59
140 11 9
140 15 6
140 22 38
140 23 6
140 24 1
140 50 6
140 60 12
140 85 5
140 97 16
140 106 4
140 113 16
140 117 12
140 126 5
140 127 4
140 135 10
140 165 12
140 202 12
140 227 2
140 229 26
140 237 13
140 314 8
141 1 7
141 13 22
141 39 3
141 67 10
141 68 17
141 78 27
141 136 2
141 148 7
141 152 2
141 161 17
141 194 30
141 208 7
141 233 3
141 263 24
141 271 23
141 284 22
141 313 4
141 319 18
141 333 17
141 338 8
142 63 7
142 174 17
142 269 8
142 290 7
142 292 26
142 298 2
142 299 6
142 306 17
142 317 47
142 330 20
142 335 4
142 343 2
142 344 23
143 24 5
143 56 25
143 62 5
143 101 10
143 129 11
143 131 9
143 147 5
143 171 5
143 186 13
143 203 17
143 220 10
143 263 14
143 295 22
143 303 6
143 349 61
144 4 11
144 55 4
144 71 4
144 78 11
144 92 23
144 133 17
144 178 7
144 189 6
144 195 30
144 199 10
144 207 4
144 217 2
144 270 12
144 309 15
144 334 19
145 39 1
145 67 36
145 179 39
145 193 25
145 204 4
145 236 14
145 245 6
145 255 10
145 269 6
145 292 43
145 306 10
145 320 10
145 333 28
146 46 20
146 107 38
146 120 12
146 135 1
146 193 19
146 225 2
146 242 8
146 253 21
146 259 10
146 269 13
146 281 13
146 283 19
146 289 5
146 291 14
146 327 13
147 1 3
147 97 4
147 117 14
147 122 1
147 128 4
147 153 13
147 159 4
147 193 5
147 241 12
147 250 17
147 265 8
147 283 17
147 290 1
147 314 12
148 243 5
148 250 35
148 278 9
148 279 6
148 316 16
148 328 1
148 333 2
148 341 7
148 347 4
149 132 6
149 156 4
149 158 17
149 163 1
149 167 28
149 184 6
149 200 12
149 258 9
149 282 16
149 302 11
149 303 13
149 304 20
149 315 22
149 329 10
149 349 15
150 72 2
150 111 14
150 146 16
150 151 55
150 185 3
150 212 12
150 282 8
150 293 10
150 295 23
150 308 3
150 313 2
150 324 6
150 337 3
151 111 35
151 185 1
151 230 3
151 282 2
151 293 14
151 295 15
151 349 10
152 13 2
152 39 6
152 50 13
152 51 4
152 62 3
152 68 24
152 194 9
152 203 12
152 231 5
152 255 12
152 263 1
152 284 13
152 298 22
152 299 7
152 302 15
152 312 12
153 81 21
153 132 8
153 135 14
153 158 36
153 164 8
153 193 8
153 298 1
153 303 5
153 325 3
153 329 7
153 345 13
154 10 6
154 86 17
154 97 6
154 176 7
154 211 11
154 218 13
154 229 13
154 249 16
154 261 5
154 264 3
154 267 4
154 273 11
154 276 10
154 286 4
154 300 10
154 324 31
155 10 42
155 11 13
155 37 26
155 69 5
155 104 18
155 105 46
155 110 41
155 142 13
155 162 52
155 183 17
155 201 5
155 228 48
155 234 9
155 236 17
155 239 34
155 244 11
155 267 11
155 273 23
155 297 26
155 299 23
155 338 14
156 132 8
156 149 2
156 167 8
156 258 3
156 298 6
156 315 11
156 345 7
157 109 2
157 114 5
157 187 13
157 199 14
157 222 17
157 261 9
157 287 4
157 297 4
158 81 10
158 298 17
158 315 14
158 325 10
159 13 1
159 102 13
159 138 18
159 158 24
159 160 1
159 164 34
159 183 33
159 194 7
159 211 14
159 231 9
159 246 5
159 267 12
159 346 10
160 62 11
160 135 7
160 138 14
160 151 10
160 159 11
160 211 18
160 238 4
160 239 8
160 246 27
160 267 14
160 338 14
161 13 7
161 81 1
161 89 9
161 152 7
161 156 8
161 252 2
161 260 7
161 263 12
161 284 13
161 304 13
161 329 11
161 335 29
162 10 6
162 37 8
162 86 8
162 105 21
162 279 13
162 297 6
162 314 13
162 318 6
162 348 35
163 122 7
163 148 31
163 164 1
163 189 14
163 203 9
163 243 13
163 250 31
163 268 33
163 278 29
163 279 14
163 316 38
163 325 32
163 328 24
164 158 14
164 224 11
164 275 10
164 303 3
164 315 15
164 345 15
165 22 2
165 23 4
165 60 10
165 72 8
165 106 27
165 120 6
165 126 8
165 127 8
165 128 6
165 171 19
165 189 13
165 247 26
165 253 4
165 323 19
166 36 14
166 79 4
166 111 7
166 120 11
166 151 7
166 186 3
166 230 7
166 281 14
166 282 12
166 308 3
166 311 2
167 132 3
167 156 23
167 254 3
167 303 3
168 46 23
168 101 1
168 107 26
168 120 19
168 124 18
168 138 7
168 146 16
168 193 19
168 225 3
168 239 9
168 246 5
168 253 22
168 281 33
168 283 41
168 327 11
169 19 7
169 170 5
169 176 41
169 221 8
169 222 7
169 232 13
169 268 8
169 276 5
169 287 13
169 289 37
169 302 13
169 320 7
169 328 13
170 0 19
170 82 7
170 83 8
170 95 3
170 198 2
170 219 9
170 225 8
170 264 12
170 301 2
170 302 2
171 46 6
171 101 8
171 143 3
171 193 19
171 212 15
171 220 9
171 349 11
172 12 7
172 28 20
172 64 11
172 82 21
172 102 15
172 199 16
172 210 20
172 235 1
172 255 3
172 266 10
172 275 28
172 288 19
172 301 16
172 321 6
172 332 14
173 56 37
173 58 8
173 64 6
173 70 2
173 125 1
173 149 13
173 187 18
173 196 8
173 264 12
173 282 9
174 263 1
174 269 35
174 296 5
174 317 8
174 320 4
174 321 10
174 335 9
174 343 4
175 63 43
175 77 10
175 142 14
175 174 13
175 208 34
175 211 13
175 213 25
175 215 10
175 246 5
175 258 3
175 266 7
175 269 29
175 292 41
175 296 29
175 306 7
175 317 27
175 325 20
175 330 40
175 335 20
175 343 2
175 344 16
176 8 5
176 19 6
176 37 5
176 84 3
176 169 7
176 215 2
176 221 12
176 222 8
176 268 15
176 269 5
176 287 24
176 320 8
176 338 4
177 67 26
177 145 19
177 179 29
177 213 31
177 236 1
177 245 16
177 255 28
177 260 9
177 277 4
177 306 24
177 324 9
177 335 26
178 12 8
178 92 11
178 96 6
178 102 14
178 115 4
178 187 4
178 237 16
178 266 16
178 346 22
179 67 8
179 236 7
179 245 14
179 255 3
179 306 15
179 317 10
179 325 13
179 333 4
180 6 8
180 25 5
180 26 13
180 35 9
180 39 2
180 44 6
180 45 3
180 75 11
180 231 30
180 234 4
180 242 6
180 243 11
180 248 2
180 323 9
181 2 40
181 72 16
181 129 8
181 184 33
181 189 32
181 192 69
181 220 9
181 239 11
181 253 11
181 311 50
181 339 39
181 340 65
182 89 13
182 93 5
182 149 25
182 153 18
182 164 21
182 200 18
182 206 7
182 251 16
183 62 10
183 77 4
183 89 30
183 138 5
183 159 22
183 160 14
183 194 6
183 211 24
183 231 26
183 246 27
183 303 12
183 321 11
183 322 3
184 185 5
184 192 29
184 280 4
184 311 2
184 340 15
184 349 10
185 111 27
185 129 8
185 131 3
185 150 4
185 151 10
185 166 2
185 181 23
185 192 5
185 220 10
185 280 3
185 282 24
185 293 14
185 295 27
186 2 13
186 36 12
186 98 12
186 101 5
186 119 10
186 130 10
186 147 7
186 151 22
186 166 4
186 230 21
186 257 22
186 259 4
186 307 5
186 308 10
187 109 9
187 115 11
187 157 6
187 170 8
187 199 22
187 216 8
187 261 5
187 284 26
187 294 8
187 334 6
188 17 12
188 41 4
188 85 4
188 96 22
188 99 8
188 104 19
188 135 9
188 136 35
188 190 27
188 197 12
188 214 17
188 243 21
188 257 6
188 258 35
188 276 18
189 2 13
189 107 10
189 184 29
189 192 19
189 220 12
189 259 12
189 282 12
189 283 10
189 295 14
189 311 11
189 339 25
189 340 27
190 23 17
190 43 3
190 53 6
190 54 3
190 74 17
190 76 12
190 78 31
190 93 22
190 108 10
190 139 7
190 142 8
190 254 30
190 255 29
190 289 2
190 292 33
190 332 27
191 21 12
191 26 16
191 52 8
191 91 11
191 182 37
191 197 4
191 206 3
191 237 8
191 244 14
191 273 14
191 299 11
191 313 4
191 323 27
191 327 25
191 344 23
192 2 4
192 72 4
192 106 3
192 311 14
192 339 29
193 107 4
193 131 3
193 267 11
193 283 5
193 291 11
193 327 8
194 24 5
194 39 22
194 78 6
194 136 16
194 161 32
194 208 10
194 246 12
194 263 4
194 284 8
194 298 17
194 313 5
194 315 18
194 319 10
194 346 20
195 24 4
195 55 8
195 58 6
195 71 9
195 77 9
195 80 4
195 92 22
195 120 8
195 178 10
195 191 7
195 222 20
195 251 32
195 336 14
196 11 6
196 35 14
196 56 11
196 58 11
196 64 15
196 84 5
196 173 9
196 210 6
196 235 3
196 265 17
196 317 12
196 326 12
197 17 20
197 60 1
197 96 9
197 99 15
197 104 28
197 107 9
197 123 11
197 129 2
197 131 4
197 165 8
197 180 7
197 181 21
197 188 18
197 214 5
197 327 45
197 340 24
198 35 18
198 56 5
198 58 13
198 64 18
198 70 11
198 100 9
198 173 15
198 181 11
198 196 34
198 207 1
198 296 29
198 307 8
199 84 14
199 102 13
199 109 9
199 216 39
199 235 1
199 252 3
199 266 5
199 275 24
200 89 1
200 122 8
200 132 17
200 156 26
200 167 17
200 211 12
200 258 2
200 268 10
200 277 10
200 303 23
200 315 26
200 329 1
200 345 8
201 5 25
201 6 16
201 43 3
201 44 19
201 45 7
201 76 12
201 121 8
201 132 14
201 148 28
201 180 5
201 227 2
201 242 17
202 90 19
202 100 12
202 121 5
202 147 17
202 179 5
202 209 21
202 229 9
202 241 25
202 265 47
202 290 17
202 291 5
202 300 9
203 134 11
203 244 3
203 282 5
203 304 10
203 316 3
203 323 5
203 331 6
203 337 9
203 341 3
203 347 5
204 0 2
204 79 6
204 162 6
204 177 3
204 218 2
204 309 18
204 320 4
204 342 10
204 348 37
205 29 23
205 54 5
205 62 37
205 66 9
205 108 6
205 112 12
205 125 37
205 128 10
205 204 14
205 213 20
205 227 7
205 232 12
205 240 16
205 248 26
205 253 27
205 296 39
205 333 14
206 4 3
206 21 4
206 26 14
206 36 23
206 48 15
206 51 6
206 52 7
206 79 15
206 91 13
206 102 2
206 159 16
206 165 13
206 182 4
206 237 27
206 252 15
206 341 17
207 109 12
207 270 5
207 272 7
207 285 13
207 288 8
207 294 27
207 310 11
207 334 6
207 350 36
208 39 15
208 75 20
208 136 2
208 152 11
208 161 2
208 174 14
208 235 4
208 284 9
208 292 9
208 296 14
208 313 2
208 343 17
209 1 14
209 63 16
209 72 4
209 100 4
209 117 6
209 121 3
209 134 19
209 145 13
209 147 3
209 202 26
209 203 10
209 229 9
209 237 3
209 241 18
209 249 18
209 265 19
209 290 9
209 291 2
209 313 20
209 314 13
210 102 36
210 111 20
210 144 14
210 172 11
210 235 58
210 266 6
210 270 32
210 275 30
210 294 26
210 301 21
210 323 12
210 326 13
210 332 5
211 27 6
211 138 6
211 159 2
211 229 5
211 231 3
211 241 5
211 246 7
211 258 15
211 264 13
212 98 4
212 151 8
212 192 8
212 251 1
212 339 11
212 340 15
213 6 19
213 142 10
213 174 5
213 193 7
213 269 34
213 292 25
213 296 29
213 330 13
213 335 11
213 343 14
213 344 18
214 17 5
214 22 46
214 26 11
214 38 15
214 46 10
214 97 9
214 99 42
214 101 6
214 104 8
214 123 2
214 167 18
214 186 4
214 188 22
214 197 10
214 198 24
214 220 14
214 247 16
215 142 7
215 174 3
215 213 14
215 216 11
215 226 1
215 269 23
215 292 26
215 296 17
215 317 25
215 335 32
215 344 2
216 157 23
216 176 3
216 187 2
216 261 21
216 269 5
216 284 15
217 4 23
217 11 17
217 12 4
217 80 5
217 92 18
217 133 11
217 144 15
217 178 26
217 195 11
217 223 13
217 241 19
217 269 27
217 271 25
217 275 34
217 306 19
217 334 8
217 341 14
218 157 4
218 204 4
218 287 11
218 305 13
218 309 36
218 321 7
218 336 13
218 342 23
218 348 19
219 0 18
219 47 7
219 82 18
219 95 15
219 114 2
219 223 19
219 264 14
219 269 15
219 286 13
219 305 27
219 310 21
219 347 14
220 129 8
220 131 7
220 167 20
220 171 9
220 192 14
220 287 30
220 339 18
220 340 25
220 349 9
221 157 22
221 222 10
221 232 3
221 248 3
221 286 20
221 287 8
221 320 12
221 338 1
222 19 6
222 216 6
222 248 19
222 292 7
222 319 7
222 320 11
223 0 25
223 9 20
223 83 3
223 95 5
223 170 8
223 219 9
223 264 39
223 266 16
223 301 17
224 132 2
224 156 18
224 158 12
224 167 36
224 200 5
224 258 4
224 278 9
224 303 16
224 315 18
224 318 7
225 24 16
225 46 37
225 107 20
225 120 22
225 146 13
225 163 18
225 168 12
225 193 27
225 253 23
225 281 42
225 283 11
225 322 21
225 327 28
226 10 4
226 49 4
226 176 3
226 216 6
226 220 16
226 221 27
226 222 20
226 250 10
226 262 11
226 288 11
226 289 6
226 290 5
226 318 77
226 321 22
226 326 3
227 5 14
227 6 7
227 34 5
227 44 11
227 45 6
227 75 19
227 76 2
227 124 3
227 127 17
227 152 23
227 174 23
227 180 29
227 201 12
227 213 14
227 245 7
227 330 27
227 335 27
228 10 16
228 27 14
228 37 16
228 75 6
228 105 6
228 110 11
228 142 3
228 162 15
228 232 3
228 239 5
228 297 6
228 299 3
228 303 2
228 312 21
228 348 30
229 37 6
229 147 1
229 209 8
229 220 7
229 235 7
229 241 14
229 264 1
229 265 25
229 290 9
229 314 12
229 347 14
230 98 22
230 158 5
230 184 18
230 186 1
230 251 8
230 257 10
230 308 8
230 311 15
231 77 3
231 138 21
231 154 3
231 159 16
231 160 11
231 188 7
231 211 4
231 293 14
232 78 30
232 174 1
232 176 9
232 221 24
232 222 4
232 248 3
232 261 10
232 287 17
232 306 8
232 318 8
232 320 3
232 328 14
232 338 8
233 79 8
233 148 9
233 204 29
233 218 36
233 305 35
233 309 9
233 312 22
233 336 4
233 342 21
233 348 74
234 5 7
234 6 39
234 25 19
234 43 16
234 44 7
234 45 27
234 88 35
234 91 19
234 96 15
234 122 9
234 124 34
234 158 26
234 169 15
234 176 21
234 180 38
234 201 17
234 227 18
234 338 21
235 102 3
235 272 5
235 275 25
235 286 1
235 301 3
235 350 15
236 67 2
236 68 3
236 177 12
236 179 5
236 221 15
236 245 27
236 246 15
236 255 14
236 268 7
236 297 9
236 306 5
236 319 7
236 325 3
236 333 1
237 91 8
237 144 11
237 182 27
237 313 3
238 27 11
238 77 7
238 98 15
238 121 19
238 132 5
238 138 22
238 159 6
238 160 13
238 183 23
238 211 20
238 231 30
238 246 14
238 301 10
238 303 13
238 337 10
239 10 16
239 37 9
239 103 6
239 104 5
239 105 32
239 110 18
239 116 4
239 157 19
239 198 14
239 228 4
239 273 11
239 297 18
239 338 6
240 29 21
240 62 2
240 86 28
240 125 1
240 128 2
240 206 5
240 278 40
240 316 19
240 346 15
240 347 20
241 232 4
241 265 3
241 291 3
242 67 30
242 145 28
242 161 7
242 177 10
242 179 28
242 194 6
242 236 41
242 245 23
242 255 9
242 284 31
242 298 12
242 306 38
242 333 37
242 335 26
243 122 2
243 148 2
243 163 21
243 176 8
243 248 5
243 250 8
243 268 2
243 278 12
243 316 7
243 320 11
243 328 5
243 338 5
244 27 13
244 134 24
244 156 19
244 200 6
244 203 43
244 212 35
244 251 4
244 252 29
244 304 58
244 323 10
244 331 56
244 337 10
244 341 14
244 346 60
244 347 38
245 67 23
245 145 7
245 255 11
245 325 34
245 333 17
246 77 13
246 156 19
246 161 2
246 231 10
246 303 11
247 46 7
247 111 21
247 121 11
247 134 15
247 151 35
247 181 7
247 185 12
247 280 5
247 282 19
247 293 53
247 295 10
247 316 17
248 97 2
248 176 14
248 221 5
248 232 6
248 272 6
248 297 2
248 303 6
248 320 16
248 338 10
249 60 2
249 86 2
249 125 5
249 154 19
249 211 4
249 276 5
249 286 12
249 313 33
249 347 20
250 122 10
250 302 4
250 316 4
250 328 2
251 134 1
251 280 7
251 304 7
251 337 14
251 346 14
252 134 17
252 203 4
252 251 20
252 295 8
252 323 11
252 329 2
252 337 2
252 341 17
252 346 32
252 347 14
253 22 10
253 46 16
253 107 10
253 120 2
253 126 2
253 138 8
253 168 4
253 193 17
253 281 24
253 283 17
253 327 9
253 349 1
254 44 10
254 79 13
254 92 2
254 216 9
254 299 19
254 344 7
254 348 23
255 67 5
255 145 14
255 218 16
255 242 4
255 245 15
255 296 15
255 306 22
255 333 13
256 39 10
256 78 18
256 92 13
256 136 13
256 141 9
256 152 2
256 161 20
256 194 14
256 208 20
256 213 10
256 219 8
256 234 8
256 260 10
256 263 11
256 272 15
256 284 29
256 294 18
256 321 3
257 2 9
257 36 24
257 78 12
257 151 17
257 166 17
257 184 29
257 230 28
257 307 3
257 308 24
257 349 23
258 89 3
258 132 6
258 149 7
258 156 3
258 167 34
258 183 11
258 200 1
258 277 3
258 303 13
258 315 7
258 322 10
258 329 11
259 2 5
259 36 22
259 98 6
259 107 14
259 166 30
259 186 16
259 189 25
259 192 11
259 212 19
259 230 32
259 257 10
259 308 1
260 13 41
260 39 21
260 68 18
260 78 28
260 81 37
260 126 4
260 136 34
260 141 16
260 152 9
260 167 74
260 194 5
260 204 11
260 208 15
260 213 22
260 233 19
260 245 22
260 263 61
260 284 15
260 286 25
260 292 37
260 299 5
260 313 20
260 335 14
261 84 18
261 97 8
261 109 6
261 114 2
261 187 1
261 199 20
261 271 5
261 314 14
261 320 12
262 49 38
262 52 4
262 77 8
262 84 4
262 90 9
262 173 6
262 185 4
262 226 14
262 238 19
262 281 17
262 288 23
262 289 31
262 318 29
262 321 17
262 326 45
263 13 2
263 173 1
263 208 5
263 215 2
264 29 4
264 102 22
264 170 2
264 196 6
265 215 4
265 222 1
265 229 3
265 248 15
265 266 14
265 287 5
266 28 1
266 109 10
266 210 6
266 215 1
266 272 1
266 275 12
266 323 6
266 332 13
266 350 27
267 25 12
267 81 44
267 135 17
267 153 5
267 158 26
267 164 32
267 298 45
267 302 43
267 316 6
267 322 25
267 325 44
267 345 12
268 39 10
268 86 11
268 148 9
268 163 8
268 175 8
268 243 8
268 248 11
268 250 29
268 278 1
268 316 27
268 325 14
268 328 23
269 317 2
269 330 17
269 341 9
269 344 8
270 47 14
270 111 32
270 115 19
270 130 12
270 199 7
270 207 7
270 272 34
270 294 13
270 334 8
270 350 18
271 109 13
271 157 11
271 187 12
271 199 9
271 216 6
271 261 19
271 269 9
271 341 1
272 47 15
272 58 3
272 115 2
272 265 5
272 266 15
272 274 8
272 285 8
272 294 15
272 334 6
272 350 2
273 10 34
273 35 9
273 37 22
273 85 9
273 105 10
273 110 2
273 162 41
273 165 15
273 225 12
273 228 7
273 239 13
273 297 19
273 341 5
274 37 4
274 47 32
274 207 7
274 222 3
274 270 20
274 275 16
274 285 2
274 310 7
274 350 10
275 0 6
275 102 8
275 222 5
275 301 16
276 86 26
276 97 10
276 100 8
276 153 8
276 154 16
276 221 27
276 249 4
276 261 12
276 286 12
276 290 3
276 317 16
276 324 29
276 342 18
277 89 9
277 132 2
277 149 8
277 150 11
277 153 8
277 156 3
277 167 9
277 200 15
277 224 27
277 293 22
277 303 2
277 315 31
277 329 3
278 122 6
278 163 7
278 203 4
278 243 3
278 250 22
278 268 5
278 316 13
278 328 18
278 331 14
279 43 3
279 129 27
279 163 21
279 243 52
279 250 44
279 268 23
279 278 72
279 316 59
279 328 38
279 342 26
280 36 12
280 111 3
280 121 17
280 150 7
280 151 29
280 185 15
280 186 5
280 247 14
280 252 20
280 282 13
280 293 11
280 307 4
281 46 17
281 107 17
281 120 12
281 171 1
281 193 14
281 247 21
281 283 18
281 293 16
281 327 10
282 22 12
282 138 14
282 192 13
282 280 7
282 295 4
283 46 21
283 107 2
283 120 7
283 184 13
283 193 4
283 253 13
283 281 8
283 295 4
283 327 1
283 349 8
284 13 8
284 39 9
284 215 11
284 216 7
284 263 13
284 313 10
285 47 4
285 115 28
285 207 5
285 262 18
285 270 14
285 272 3
285 274 26
285 294 14
285 334 9
285 350 4
286 64 4
286 154 22
286 232 6
286 247 18
287 134 11
287 222 9
287 248 12
287 265 9
287 312 7
287 320 5
287 338 6
287 342 11
288 8 13
288 49 17
288 166 13
288 226 28
288 261 5
288 285 7
288 289 16
288 318 40
288 321 42
288 326 10
288 346 12
289 49 1
289 84 4
289 226 14
289 266 1
289 306 1
289 318 16
289 321 10
289 326 5
290 90 5
290 117 2
290 147 7
290 169 6
290 236 12
290 241 2
290 249 2
290 265 10
290 285 10
290 291 6
290 315 22
291 1 6
291 90 21
291 117 5
291 121 15
291 126 5
291 147 20
291 160 3
291 184 30
291 202 10
291 229 29
291 241 21
291 265 9
291 290 23
291 314 36
291 337 10
292 63 9
292 174 14
292 255 7
292 269 7
292 317 17
292 335 1
293 121 1
293 150 2
293 189 14
293 192 9
293 212 3
293 247 4
293 282 8
294 47 21
294 115 17
294 235 2
294 270 11
294 272 25
294 274 7
294 275 6
294 285 6
294 334 6
294 350 40
295 62 1
295 111 22
295 123 4
295 138 19
295 150 1
295 185 11
295 280 6
295 282 7
295 293 13
296 174 10
296 269 4
296 284 6
296 292 11
296 317 15
296 318 6
296 330 5
296 335 9
296 344 19
297 10 11
297 37 4
297 105 16
297 110 19
297 162 5
297 222 17
297 228 18
297 239 1
297 241 8
297 273 7
297 316 19
298 81 2
298 158 31
298 164 24
298 250 18
298 302 23
298 304 3
298 315 10
298 325 2
298 331 18
299 39 17
299 68 4
299 78 47
299 79 27
299 102 16
299 110 1
299 136 12
299 141 12
299 161 18
299 194 39
299 208 42
299 256 5
299 260 9
299 263 10
299 271 1
299 313 19
299 333 14
300 86 14
300 88 3
300 97 47
300 100 25
300 107 16
300 157 36
300 176 27
300 196 8
300 249 19
300 276 17
300 286 16
300 289 4
300 299 8
300 324 22
301 28 12
301 102 2
301 172 39
301 173 11
301 210 3
301 235 5
301 266 19
301 285 27
302 81 10
302 135 21
302 153 10
302 158 4
302 164 24
302 271 5
302 318 11
302 322 15
302 325 9
302 340 6
302 345 29
303 27 17
303 63 4
303 89 5
303 156 23
303 167 14
303 315 12
303 346 18
304 167 7
304 203 6
304 212 6
304 276 3
304 331 2
304 337 11
304 347 3
305 79 8
305 204 3
305 233 18
305 309 16
305 312 6
305 336 9
305 347 9
305 348 1
306 78 18
306 245 33
306 255 8
306 328 9
307 36 14
307 98 14
307 130 49
307 151 32
307 166 22
307 186 10
307 230 31
307 251 13
307 257 16
307 259 32
307 308 5
307 346 23
308 36 30
308 166 6
308 171 3
308 186 8
308 230 18
308 247 12
308 259 12
308 282 7
308 307 12
309 167 1
309 204 3
309 233 8
309 305 15
309 348 8
310 47 14
310 115 9
310 207 5
310 264 17
310 270 11
310 272 47
310 274 17
310 285 45
310 294 12
310 334 6
310 350 26
311 2 2
311 184 12
311 189 2
311 192 11
311 230 15
311 251 5
311 340 3
312 79 1
312 204 20
312 305 19
312 309 18
312 336 19
312 338 1
312 348 29
313 39 8
313 137 15
313 152 11
313 161 11
313 240 11
313 256 2
313 263 5
313 278 20
314 1 4
314 147 19
314 202 4
314 226 7
314 241 12
314 265 13
314 276 3
314 290 8
314 297 2
314 338 15
315 81 21
315 167 15
315 329 1
315 345 5
316 243 2
316 250 3
316 268 6
316 278 5
316 313 2
316 347 4
317 213 1
317 263 2
317 292 16
318 10 6
318 244 6
318 326 10
319 19 13
319 162 2
319 169 11
319 176 39
319 221 16
319 222 10
319 232 7
319 243 4
319 248 30
319 287 8
319 297 8
319 320 28
319 338 8
320 221 7
320 232 9
320 315 3
320 325 16
320 328 13
320 338 19
321 221 28
321 255 3
321 289 18
321 318 20
322 135 4
322 153 14
322 158 38
322 164 44
322 200 6
322 224 3
322 258 28
322 298 37
322 325 29
322 345 6
323 27 9
323 134 29
323 203 13
323 251 16
323 252 17
323 258 11
323 331 17
323 337 13
323 346 29
323 347 4
324 86 5
324 97 7
324 117 17
324 121 6
324 239 15
324 249 8
324 286 16
325 81 10
325 135 3
325 153 7
325 164 10
325 248 22
325 278 17
325 315 12
325 345 14
326 8 28
326 49 26
326 95 3
326 151 22
326 219 10
326 226 11
326 262 4
326 289 24
326 318 21
326 321 20
326 342 18
327 46 2
327 107 19
327 120 31
327 146 3
327 159 7
327 171 14
327 186 18
327 193 14
327 253 1
327 281 7
327 283 7
328 148 6
328 230 7
328 250 13
328 278 7
328 302 16
328 316 38
329 122 10
329 132 15
329 149 9
329 156 13
329 167 1
329 200 15
329 224 16
329 246 14
329 277 15
329 303 3
329 315 14
330 174 14
330 215 8
330 256 2
330 269 22
330 292 9
330 296 6
330 317 13
330 344 6
331 251 7
331 252 12
331 277 15
332 28 11
332 102 29
332 178 1
332 235 19
332 266 14
332 275 47
332 301 10
333 67 9
333 145 7
333 177 11
333 179 2
333 255 20
333 287 5
333 306 9
333 348 20
334 47 3
334 270 11
334 272 5
334 274 11
334 294 13
334 350 25
335 142 11
335 174 9
335 269 15
335 317 4
335 330 16
335 343 15
336 204 8
336 218 5
336 233 6
336 305 15
336 309 20
336 312 11
336 348 11
337 156 10
337 251 13
337 323 3
337 331 8
337 341 20
337 347 12
338 169 2
338 176 13
338 222 5
338 287 5
339 184 19
339 192 6
339 212 9
339 311 15
339 340 24
340 184 16
340 192 12
340 311 3
341 134 22
341 203 11
341 251 24
341 304 25
341 331 43
341 346 2
341 347 10
342 204 13
342 305 2
342 309 16
342 312 8
342 336 29
342 348 8
343 63 11
343 215 4
343 269 11
343 292 15
343 296 2
343 330 23
343 344 15
344 292 1
344 317 6
345 158 22
345 298 13
345 325 12
346 203 7
346 251 33
346 304 14
346 337 2
347 203 2
347 251 6
347 304 1
347 331 32
347 346 11
348 204 9
348 305 2
348 309 2
348 342 15
349 220 3
350 285 6
