0 1 5
0 2 2
0 3 4
0 4 1
0 7 3
0 8 1
0 9 3
0 11 4
0 12 2
0 13 1
0 14 3
0 15 3
0 17 1
0 18 1
0 21 1
0 22 4
0 23 1
0 24 2
0 25 4
0 28 3
0 29 4
0 30 2
0 33 1
0 34 1
0 36 2
0 38 4
0 40 1
0 41 3
0 42 2
0 44 1
0 47 4
0 48 1
0 52 1
0 53 1
0 59 1
0 60 1
0 62 2
0 67 1
0 70 1
0 72 1
0 73 1
0 77 2
0 81 1
0 91 1
0 93 2
0 96 1
0 103 1
0 106 1
0 107 1
0 108 1
0 111 1
1 2 5
1 3 1
1 4 2
1 7 6
1 8 2
1 9 3
1 10 1
1 11 2
1 13 1
1 15 4
1 18 1
1 20 1
1 25 2
1 27 1
1 29 2
1 31 1
1 32 1
1 33 2
1 35 1
1 36 1
1 37 2
1 38 3
1 40 2
1 42 7
1 44 1
1 45 1
1 53 2
1 58 1
1 59 1
1 67 1
1 68 1
1 72 2
1 77 2
1 78 1
1 85 2
1 96 4
1 98 3
1 99 1
1 101 1
1 103 1
2 3 2
2 4 1
2 5 2
2 6 1
2 7 1
2 8 1
2 9 1
2 10 1
2 11 6
2 13 1
2 16 1
2 17 1
2 23 1
2 31 1
2 33 1
2 38 1
2 40 1
2 41 1
2 42 1
2 45 1
2 52 1
2 54 1
2 59 2
2 67 1
2 71 1
2 86 1
2 93 1
2 96 2
2 98 5
2 99 1
2 103 5
2 106 1
2 108 1
2 110 2
3 6 1
3 11 3
3 14 2
3 17 2
3 18 2
3 23 2
3 25 2
3 29 2
3 34 1
3 35 1
3 37 1
3 38 1
3 39 1
3 42 1
3 43 1
3 52 2
3 53 1
3 58 1
3 71 1
3 72 2
3 81 3
3 82 1
3 86 1
3 91 3
3 93 4
3 94 1
3 97 1
4 15 2
4 19 2
4 26 1
4 27 1
4 37 2
4 40 1
4 42 2
4 45 2
4 47 1
4 48 1
4 58 1
4 59 4
4 60 1
4 61 1
4 67 2
4 71 1
4 98 2
5 0 1
5 9 1
5 10 1
5 12 2
5 13 1
5 14 1
5 16 1
5 20 3
5 28 1
5 32 1
5 37 1
5 38 2
5 40 2
5 48 1
5 49 1
5 52 1
5 62 1
5 67 1
5 69 1
5 72 3
5 84 2
5 86 1
5 98 2
5 99 1
5 110 2
6 1 1
6 5 1
6 10 1
6 13 1
6 19 1
6 21 2
6 25 1
6 27 1
6 32 2
6 40 3
6 41 1
6 43 2
6 47 1
6 49 1
6 50 1
6 52 1
6 54 2
6 58 1
6 60 1
6 66 1
6 69 1
6 70 1
6 71 1
6 72 1
6 77 1
6 81 2
6 84 1
6 86 1
6 88 1
6 89 1
6 91 1
6 93 1
6 95 1
6 97 2
6 98 2
6 101 1
6 105 1
6 107 2
6 109 1
7 6 1
7 11 1
7 12 1
7 15 1
7 16 2
7 17 2
7 19 1
7 21 1
7 22 1
7 23 1
7 29 2
7 30 3
7 32 1
7 38 2
7 40 1
7 41 1
7 45 2
7 56 1
7 59 1
7 60 1
7 61 1
7 62 5
7 70 1
7 71 1
7 72 1
7 77 1
7 78 1
7 81 1
7 85 1
7 89 1
7 92 1
7 97 1
7 98 1
7 108 1
7 110 3
8 10 2
8 13 1
8 19 1
8 21 3
8 23 1
8 24 1
8 25 1
8 26 1
8 28 3
8 29 3
8 30 2
8 31 1
8 32 1
8 33 1
8 37 1
8 38 3
8 41 1
8 42 1
8 45 1
8 46 1
8 50 1
8 52 1
8 59 2
8 60 2
8 61 1
8 71 1
8 73 1
8 75 2
8 76 1
8 77 1
8 81 1
8 85 1
8 86 1
8 90 1
8 98 1
8 105 1
8 107 1
9 3 1
9 4 1
9 7 2
9 14 1
9 15 1
9 16 2
9 17 1
9 19 1
9 27 1
9 29 1
9 30 1
9 33 1
9 41 1
9 58 1
9 59 2
9 62 3
9 69 1
9 70 1
9 71 2
9 77 2
9 81 2
9 82 1
9 92 2
9 98 2
9 103 1
9 108 5
9 111 1
10 0 1
10 9 1
10 14 1
10 23 1
10 29 1
10 33 1
10 34 1
10 38 2
10 53 1
10 98 2
10 103 1
10 108 1
10 110 1
11 4 1
11 5 1
11 6 2
11 9 1
11 13 2
11 15 3
11 16 1
11 21 1
11 22 2
11 23 1
11 28 1
11 29 3
11 30 1
11 32 1
11 35 1
11 38 1
11 40 3
11 42 1
11 45 2
11 46 1
11 48 1
11 49 1
11 52 2
11 53 2
11 59 2
11 61 1
11 62 2
11 63 2
11 64 1
11 67 1
11 69 1
11 70 1
11 71 4
11 73 1
11 78 2
11 81 1
11 91 1
11 92 2
11 101 1
12 6 2
12 9 1
12 10 1
12 11 4
12 15 1
12 19 1
12 25 1
12 29 2
12 30 1
12 31 1
12 33 1
12 35 1
12 38 1
12 41 1
12 49 1
12 50 1
12 53 1
12 58 2
12 62 1
12 69 1
12 76 1
12 86 1
12 89 1
12 91 2
12 92 1
13 12 2
13 16 1
13 19 1
13 20 3
13 22 1
13 30 1
13 43 1
13 46 1
13 48 1
13 53 1
13 54 1
13 68 1
13 71 1
13 72 1
13 74 1
13 76 2
13 84 2
13 91 1
13 98 2
13 107 1
13 110 1
14 11 1
14 25 1
14 27 2
14 28 1
14 29 1
14 34 1
14 35 1
14 38 3
14 42 2
14 54 1
14 60 1
14 62 1
14 72 1
14 85 1
14 93 1
14 104 1
15 10 1
15 16 3
15 18 1
15 21 1
15 22 1
15 24 2
15 25 3
15 27 1
15 28 1
15 29 2
15 33 2
15 35 1
15 38 1
15 43 1
15 45 3
15 50 1
15 52 2
15 58 2
15 59 1
15 60 1
15 62 1
15 77 10
15 81 3
15 82 1
15 86 2
15 92 4
15 94 1
15 101 1
15 103 1
15 104 1
15 108 4
15 111 5
16 12 1
16 24 1
16 26 2
16 28 1
16 29 1
16 30 1
16 31 1
16 35 2
16 36 1
16 39 1
16 44 2
16 50 1
16 53 3
16 59 1
16 61 1
16 62 1
16 63 1
16 69 1
16 72 2
16 75 2
16 76 1
16 77 1
16 82 1
16 89 1
16 91 3
16 97 1
16 98 1
16 101 1
16 109 1
16 110 1
17 6 1
17 8 1
17 23 1
17 27 1
17 29 1
17 30 1
17 31 1
17 32 2
17 33 1
17 35 1
17 36 1
17 42 1
17 43 1
17 44 1
17 45 1
17 48 3
17 52 3
17 53 1
17 55 1
17 58 1
17 62 1
17 63 3
17 68 1
17 74 1
17 80 1
17 81 1
17 82 2
17 84 2
17 87 3
17 93 2
17 97 2
17 98 2
17 105 1
17 107 1
17 109 1
17 110 3
18 2 1
18 8 1
18 9 1
18 14 1
18 17 1
18 22 1
18 25 1
18 28 1
18 38 1
18 40 1
18 49 2
18 61 1
18 69 1
18 72 1
18 77 1
18 81 2
18 82 2
18 106 1
18 111 1
19 28 1
19 29 1
19 30 1
19 31 3
19 34 1
19 35 1
19 38 1
19 39 2
19 41 1
19 48 1
19 50 2
19 52 3
19 54 1
19 60 1
19 62 2
19 63 1
19 71 1
19 73 1
19 83 1
19 84 1
19 85 3
19 87 1
19 97 1
19 101 1
19 103 1
19 106 1
19 108 1
19 110 1
20 0 1
20 7 1
20 16 2
20 22 1
20 26 2
20 31 5
20 32 1
20 37 1
20 38 1
20 40 1
20 42 1
20 49 1
20 50 1
20 52 1
20 55 1
20 60 1
20 61 1
20 64 1
20 68 1
20 71 2
20 73 1
20 74 1
20 76 1
20 79 1
20 81 2
20 83 1
20 84 2
20 85 2
20 86 1
20 93 1
20 97 2
20 100 1
20 103 1
20 106 2
20 110 1
21 16 1
21 36 2
21 38 2
21 49 1
21 53 1
21 54 1
21 61 1
21 65 1
21 68 3
21 71 1
21 76 1
21 80 1
21 82 1
21 85 1
21 97 1
21 109 1
22 8 2
22 24 1
22 30 2
22 35 1
22 37 1
22 41 2
22 43 2
22 44 1
22 45 3
22 47 1
22 52 1
22 54 2
22 57 1
22 58 1
22 60 2
22 63 1
22 66 3
22 67 1
22 68 1
22 69 1
22 71 1
22 72 1
22 73 1
22 77 1
22 82 1
22 85 2
22 89 2
22 92 1
22 96 1
22 97 1
22 98 1
22 103 1
22 106 5
22 109 1
23 24 1
23 29 1
23 33 1
23 36 1
23 39 2
23 43 1
23 46 1
23 58 1
23 60 1
23 61 1
23 65 1
23 72 1
23 76 1
23 81 1
23 84 1
23 87 1
23 93 1
24 3 1
24 11 1
24 12 1
24 19 1
24 26 1
24 27 2
24 28 1
24 31 2
24 37 1
24 38 1
24 39 1
24 40 1
24 48 1
24 53 1
24 54 2
24 56 2
24 64 2
24 66 2
24 68 1
24 75 1
24 84 1
24 85 1
24 86 1
24 89 1
24 91 1
24 95 1
24 97 1
24 107 1
24 109 1
25 17 1
25 24 1
25 28 1
25 31 1
25 32 1
25 35 2
25 40 5
25 41 1
25 44 1
25 45 2
25 48 2
25 52 4
25 53 1
25 54 1
25 56 1
25 58 1
25 61 2
25 68 1
25 69 1
25 70 1
25 71 1
25 72 2
25 74 2
25 76 1
25 79 1
25 82 1
25 84 2
25 86 2
25 91 1
25 93 1
25 101 4
25 102 1
25 103 1
25 105 1
25 106 1
25 109 2
25 110 2
26 30 1
26 32 2
26 38 1
26 40 1
26 46 2
26 52 1
26 53 1
26 59 1
26 60 1
26 63 1
26 65 1
26 69 1
26 89 1
26 96 2
26 103 1
26 110 2
26 111 1
27 11 1
27 22 2
27 25 1
27 33 2
27 39 1
27 42 1
27 43 2
27 44 1
27 56 1
27 61 1
27 71 1
27 72 1
27 73 2
27 76 1
27 80 1
27 82 3
27 83 1
27 86 4
27 88 1
27 89 2
27 91 1
27 95 1
27 96 1
27 103 2
27 105 1
28 1 1
28 9 1
28 22 1
28 27 1
28 33 1
28 37 1
28 42 1
28 48 1
28 50 1
28 51 1
28 54 1
28 58 1
28 59 1
28 81 1
28 86 1
28 92 1
28 93 3
28 107 1
29 13 1
29 20 1
29 22 1
29 27 1
29 33 1
29 35 1
29 36 1
29 43 1
29 50 1
29 52 1
29 55 1
29 58 1
29 60 1
29 65 1
29 67 1
29 68 1
29 69 1
29 72 1
29 77 2
29 82 1
29 85 2
29 86 1
29 98 2
29 99 2
29 104 1
30 28 2
30 29 1
30 31 2
30 33 1
30 42 1
30 45 1
30 49 1
30 52 2
30 55 1
30 59 1
30 60 3
30 62 1
30 63 1
30 66 2
30 68 1
30 69 1
30 71 1
30 72 1
30 73 1
30 75 1
30 76 2
30 79 1
30 84 1
30 87 2
30 91 1
30 97 3
30 98 3
30 100 1
30 103 2
30 109 2
30 110 1
30 111 2
31 21 1
31 35 1
31 40 1
31 43 1
31 44 1
31 52 1
31 55 2
31 56 1
31 57 1
31 62 1
31 64 1
31 65 2
31 72 2
31 74 1
31 76 1
31 77 1
31 79 2
31 83 1
31 87 3
31 90 3
31 92 1
31 94 2
31 96 2
31 98 1
31 101 1
31 104 1
31 109 1
31 110 2
32 13 1
32 21 1
32 27 1
32 29 1
32 41 1
32 45 2
32 58 1
32 74 1
32 86 1
32 94 1
33 54 4
33 69 1
33 72 1
33 89 1
33 98 1
33 102 1
33 103 2
33 104 1
33 105 2
33 108 1
34 18 1
34 28 1
34 35 1
34 54 1
34 101 1
34 104 2
35 13 1
35 30 2
35 38 1
35 44 2
35 52 2
35 53 1
35 64 1
35 74 2
35 77 1
35 78 1
35 80 1
35 91 1
35 93 1
35 97 1
35 98 1
35 103 1
35 110 2
36 38 1
36 59 1
36 74 1
36 76 1
36 91 3
36 94 3
36 101 1
36 109 1
37 35 1
37 48 1
37 58 1
37 63 1
37 65 2
37 71 1
37 74 1
37 80 1
37 93 1
37 98 1
37 106 1
38 17 1
38 22 1
38 28 1
38 48 1
38 59 1
38 61 1
38 68 1
38 75 1
38 86 2
38 92 1
38 107 1
38 109 1
39 4 1
39 11 1
39 30 1
39 31 1
39 51 1
39 52 1
39 57 1
39 58 3
39 72 2
39 74 1
39 75 1
39 77 1
39 87 1
39 93 1
39 98 2
39 100 1
40 42 1
40 44 2
40 72 1
40 73 1
40 76 1
41 48 1
41 69 1
41 72 1
41 89 1
41 96 1
41 98 1
41 99 1
41 100 1
41 103 2
42 16 1
42 25 1
42 58 1
42 59 3
42 98 9
42 103 4
43 58 1
43 59 1
43 66 1
43 74 2
43 96 1
43 98 4
43 99 1
43 103 2
43 110 1
43 111 1
44 30 1
44 54 1
44 55 1
44 59 1
44 65 1
44 66 2
44 68 1
44 70 1
44 73 1
44 74 1
44 80 1
44 83 6
44 84 2
44 85 2
44 91 1
44 94 1
44 98 1
44 101 1
44 102 3
44 103 2
44 109 2
44 110 2
45 59 1
46 16 1
46 37 1
46 67 1
46 70 1
46 75 1
46 77 1
46 85 1
46 89 1
46 98 1
47 43 1
48 16 1
48 26 1
48 31 1
48 52 1
48 56 2
48 57 1
48 61 1
48 64 1
48 65 2
48 66 1
48 68 1
48 70 1
48 72 1
48 77 2
48 82 1
48 83 2
48 88 1
48 89 1
48 91 2
48 97 1
48 98 1
48 99 1
48 101 2
48 106 1
48 109 1
49 53 1
49 77 1
49 84 1
50 26 1
50 59 2
50 61 1
50 78 1
50 88 1
50 100 1
50 107 1
51 24 1
51 71 1
51 104 1
52 16 1
52 61 1
52 65 1
52 66 1
52 70 1
52 71 1
52 74 1
52 82 1
52 86 2
52 94 1
52 97 1
52 100 1
52 106 1
52 107 2
53 44 2
53 55 1
53 68 1
53 71 2
53 85 1
53 86 1
53 91 1
53 96 2
53 97 2
53 100 1
53 107 1
53 109 3
53 110 1
54 27 1
54 55 1
54 66 1
54 68 1
54 72 1
54 75 1
54 76 2
54 83 3
54 85 1
54 89 1
54 90 1
54 98 2
54 99 1
55 39 1
55 48 2
55 52 1
55 58 1
55 61 1
55 64 2
55 66 2
55 73 1
55 74 1
55 83 5
55 95 1
55 97 1
55 99 1
55 106 1
55 109 1
55 110 1
56 52 1
56 58 1
56 66 1
56 73 2
56 79 1
57 4 1
57 16 1
57 28 1
57 62 1
57 66 1
57 69 1
57 85 1
58 46 1
58 63 2
58 96 2
58 98 2
58 103 1
58 108 1
58 111 1
59 29 1
59 68 1
59 72 1
59 77 1
59 88 1
59 89 1
59 92 1
59 103 2
59 110 1
60 43 1
60 50 2
60 71 1
60 73 1
60 80 1
60 87 1
60 97 1
60 100 1
61 12 1
61 31 1
61 64 1
61 73 1
61 76 1
61 91 1
61 97 1
61 98 1
61 101 1
62 18 1
62 77 1
62 92 1
62 98 2
62 100 1
62 108 4
62 110 1
62 111 1
63 20 1
63 21 1
63 55 1
63 60 1
63 62 1
63 68 1
63 74 1
63 82 1
64 39 1
64 59 1
64 72 1
64 73 1
64 75 1
64 96 1
64 97 1
64 98 1
64 109 2
65 64 2
65 66 1
65 68 1
65 74 1
65 79 1
65 98 1
65 100 1
65 104 1
65 107 1
65 109 1
66 17 1
66 19 1
66 27 1
66 50 1
66 73 1
66 79 3
66 83 1
66 85 1
66 97 1
66 101 1
66 103 1
66 106 1
66 111 2
67 9 1
67 16 1
67 69 1
68 40 1
68 60 1
68 73 1
68 76 1
68 95 1
68 97 1
68 104 2
68 106 1
68 109 1
68 110 2
68 111 1
69 42 1
70 73 1
70 105 1
71 65 1
71 99 1
72 86 1
72 99 5
72 111 1
73 31 1
73 45 1
73 52 1
73 76 1
73 83 1
73 99 1
73 106 1
74 45 1
74 61 1
74 78 1
74 108 1
74 109 1
74 111 1
75 98 1
75 110 1
75 111 1
76 22 1
76 66 1
76 96 1
76 110 1
77 50 1
77 92 2
77 108 2
77 111 2
78 64 1
78 88 1
78 107 1
79 52 1
79 54 1
79 55 1
79 83 1
79 109 1
80 96 1
82 66 1
82 85 1
82 108 1
83 77 1
83 97 1
83 106 1
85 68 1
85 71 1
85 93 1
85 110 1
86 106 1
87 105 1
87 110 1
92 108 1
96 3 1
97 107 1
112 0 5
112 2 9
112 3 4
112 4 1
112 5 1
112 7 3
112 8 1
112 9 3
112 10 1
112 11 6
112 12 3
112 13 2
112 14 1
112 15 2
112 17 1
112 18 2
112 19 3
112 20 2
112 21 2
112 22 3
112 23 3
112 24 2
112 25 3
112 26 1
112 27 1
112 28 1
112 29 2
112 30 4
112 31 3
112 32 3
112 33 2
112 34 1
112 35 4
112 36 2
112 38 4
112 39 3
112 40 2
112 41 2
112 42 1
112 43 2
112 44 4
112 45 4
112 46 2
112 48 3
112 49 2
112 50 2
112 51 1
112 52 3
112 53 3
112 54 4
112 55 5
112 56 1
112 59 3
112 60 1
112 61 6
112 62 2
112 63 1
112 64 4
112 65 2
112 66 2
112 68 1
112 69 1
112 70 1
112 71 1
112 72 5
112 73 4
112 74 6
112 75 2
112 76 2
112 77 8
112 79 4
112 80 1
112 81 2
112 82 2
112 83 5
112 84 2
112 85 2
112 86 3
112 87 1
112 88 1
112 90 4
112 91 2
112 92 2
112 94 3
112 95 1
112 96 9
112 97 6
112 98 18
112 99 7
112 100 1
112 101 3
112 102 3
112 103 4
112 104 3
112 105 4
112 106 1
112 107 1
112 108 4
112 109 5
112 110 15
112 111 7
