0 1 12
0 2 12
0 3 12
0 5 4
0 7 17
0 8 8
0 9 16
0 11 21
0 12 4
0 13 2
0 14 12
0 15 19
0 16 4
0 17 2
0 18 6
0 19 2
0 21 3
0 22 9
0 23 6
0 24 4
0 25 8
0 26 1
0 27 1
0 28 13
0 29 6
0 30 3
0 32 1
0 33 2
0 34 6
0 35 1
0 36 4
0 37 2
0 38 11
0 40 2
0 41 4
0 42 4
0 44 2
0 46 2
0 47 6
0 48 2
0 49 3
0 50 1
0 52 3
0 53 2
0 54 1
0 59 4
0 60 1
0 61 2
0 62 5
0 64 1
0 67 4
0 68 1
0 69 1
0 70 2
0 72 3
0 73 1
0 76 1
0 77 2
0 78 4
0 81 3
0 82 1
0 84 1
0 86 1
0 89 1
0 91 4
0 92 1
0 93 6
0 96 2
0 103 2
0 104 2
0 106 1
0 107 1
0 108 1
0 110 1
0 111 1
1 2 13
1 3 6
1 4 2
1 5 7
1 7 18
1 8 2
1 9 13
1 10 9
1 11 21
1 12 3
1 14 8
1 15 8
1 16 2
1 17 4
1 18 4
1 19 2
1 20 5
1 22 2
1 23 3
1 24 2
1 25 8
1 26 1
1 28 4
1 29 8
1 30 1
1 31 3
1 32 2
1 33 2
1 35 1
1 36 1
1 37 2
1 38 11
1 39 2
1 40 3
1 41 2
1 42 17
1 43 1
1 44 1
1 45 1
1 46 2
1 48 2
1 53 2
1 57 2
1 58 1
1 59 7
1 61 2
1 62 3
1 63 1
1 67 6
1 68 1
1 71 3
1 72 7
1 77 3
1 78 3
1 81 1
1 85 2
1 86 1
1 88 1
1 91 3
1 92 1
1 96 6
1 98 6
1 99 1
1 100 1
1 101 1
1 103 2
1 109 1
1 110 1
2 3 2
2 5 10
2 7 2
2 8 1
2 9 7
2 10 6
2 11 24
2 13 1
2 14 4
2 15 11
2 16 3
2 17 4
2 20 1
2 22 3
2 23 3
2 27 1
2 28 1
2 29 5
2 31 1
2 33 1
2 34 1
2 37 1
2 38 9
2 40 2
2 41 7
2 42 12
2 45 2
2 46 3
2 47 1
2 49 1
2 51 2
2 52 2
2 53 2
2 54 1
2 59 3
2 61 1
2 62 3
2 67 6
2 69 1
2 70 1
2 71 5
2 72 2
2 77 3
2 85 1
2 86 1
2 89 1
2 91 1
2 93 1
2 96 8
2 97 2
2 98 11
2 99 1
2 103 11
2 104 1
2 106 1
2 108 1
2 110 2
3 6 2
3 7 2
3 9 4
3 11 7
3 12 1
3 14 9
3 15 5
3 16 2
3 17 7
3 18 6
3 19 1
3 20 2
3 21 2
3 23 5
3 25 7
3 26 2
3 27 3
3 28 3
3 29 3
3 33 1
3 34 1
3 35 4
3 36 1
3 37 4
3 38 5
3 39 1
3 40 2
3 42 7
3 43 1
3 44 1
3 45 5
3 46 2
3 47 1
3 48 1
3 49 2
3 51 1
3 52 8
3 53 2
3 58 2
3 59 1
3 60 1
3 61 1
3 62 3
3 65 1
3 69 1
3 71 3
3 72 4
3 76 1
3 77 3
3 81 4
3 82 2
3 84 1
3 86 3
3 91 5
3 92 2
3 93 10
3 94 1
3 97 1
3 106 1
3 109 1
3 110 1
4 0 1
4 2 2
4 7 3
4 8 3
4 10 2
4 11 2
4 12 1
4 15 3
4 16 2
4 17 2
4 19 2
4 20 4
4 21 2
4 23 2
4 24 3
4 25 1
4 26 1
4 27 1
4 28 5
4 29 1
4 34 3
4 36 1
4 37 1
4 38 1
4 40 3
4 42 3
4 45 2
4 47 1
4 48 2
4 50 1
4 58 2
4 59 7
4 60 1
4 61 1
4 67 4
4 70 3
4 71 1
4 75 1
4 76 1
4 82 1
4 86 3
4 91 1
4 92 1
4 98 2
5 4 1
5 7 1
5 9 5
5 11 15
5 12 3
5 13 2
5 14 8
5 15 9
5 16 3
5 17 2
5 18 6
5 19 2
5 20 8
5 21 2
5 22 3
5 23 2
5 24 2
5 25 2
5 28 2
5 29 1
5 30 2
5 34 4
5 37 1
5 38 7
5 40 4
5 41 1
5 42 1
5 44 1
5 45 3
5 46 3
5 47 2
5 48 1
5 49 5
5 50 1
5 51 1
5 52 4
5 56 2
5 57 1
5 58 1
5 59 1
5 61 1
5 62 4
5 63 2
5 67 1
5 68 2
5 69 2
5 70 1
5 71 1
5 72 4
5 73 2
5 77 1
5 78 1
5 80 1
5 81 2
5 82 2
5 84 4
5 85 1
5 86 5
5 92 4
5 94 1
5 98 4
5 99 1
5 103 1
5 105 1
5 106 2
5 108 1
5 110 4
6 2 3
6 7 1
6 9 4
6 11 4
6 12 2
6 13 2
6 15 2
6 17 1
6 19 2
6 21 2
6 22 4
6 23 2
6 25 2
6 27 2
6 29 1
6 31 1
6 32 2
6 38 1
6 40 3
6 41 1
6 42 1
6 43 4
6 44 2
6 45 2
6 47 2
6 48 1
6 49 2
6 50 3
6 51 1
6 52 2
6 54 2
6 58 1
6 60 2
6 61 1
6 62 2
6 63 1
6 64 2
6 66 2
6 67 2
6 68 1
6 69 1
6 70 1
6 71 5
6 72 1
6 73 2
6 75 2
6 77 1
6 81 3
6 84 1
6 86 4
6 88 1
6 89 1
6 90 2
6 91 3
6 92 1
6 93 1
6 94 1
6 95 1
6 96 2
6 97 3
6 98 3
6 101 2
6 103 2
6 105 2
6 107 2
6 108 1
6 109 1
6 110 3
7 8 9
7 12 2
7 13 1
7 14 2
7 15 9
7 16 6
7 17 2
7 18 1
7 21 6
7 22 4
7 23 2
7 24 2
7 25 2
7 26 2
7 27 2
7 28 4
7 29 5
7 30 2
7 31 1
7 33 3
7 34 1
7 35 3
7 36 2
7 37 2
7 38 7
7 39 1
7 40 4
7 41 3
7 42 1
7 43 1
7 44 1
7 45 3
7 47 3
7 49 1
7 50 1
7 52 1
7 56 1
7 58 1
7 59 4
7 60 1
7 61 2
7 62 7
7 65 1
7 66 2
7 67 1
7 69 1
7 70 3
7 71 3
7 72 4
7 76 1
7 77 3
7 78 1
7 80 2
7 81 2
7 82 1
7 84 5
7 85 1
7 89 1
7 91 1
7 92 4
7 93 2
7 97 1
7 98 2
7 100 1
7 104 1
7 108 1
7 110 8
8 6 6
8 10 1
8 13 3
8 14 1
8 16 4
8 17 6
8 18 3
8 19 5
8 21 6
8 22 4
8 23 2
8 24 4
8 25 5
8 26 6
8 28 4
8 29 5
8 30 8
8 31 4
8 32 1
8 33 1
8 34 1
8 35 1
8 37 7
8 38 5
8 40 2
8 41 5
8 42 6
8 43 3
8 45 3
8 46 5
8 48 2
8 49 1
8 50 3
8 51 2
8 52 3
8 54 3
8 59 4
8 60 2
8 61 6
8 63 1
8 64 1
8 65 3
8 66 1
8 67 1
8 68 1
8 69 5
8 70 2
8 71 2
8 72 5
8 73 1
8 75 2
8 76 1
8 77 2
8 78 2
8 80 1
8 81 2
8 82 2
8 83 1
8 84 2
8 85 1
8 86 2
8 87 1
8 89 1
8 90 1
8 91 4
8 92 1
8 93 1
8 95 1
8 96 3
8 98 3
8 100 1
8 101 3
8 105 2
8 107 1
8 109 1
8 110 1
9 4 1
9 7 3
9 8 1
9 11 2
9 14 2
9 15 5
9 16 4
9 17 2
9 18 3
9 19 2
9 20 2
9 21 1
9 23 2
9 25 1
9 26 1
9 27 2
9 28 1
9 29 3
9 30 1
9 32 1
9 33 2
9 38 3
9 39 2
9 40 2
9 41 1
9 42 1
9 45 1
9 46 1
9 57 2
9 58 2
9 59 3
9 60 1
9 62 8
9 67 3
9 69 1
9 70 1
9 71 2
9 72 2
9 73 1
9 77 14
9 81 4
9 82 2
9 84 1
9 87 1
9 92 7
9 93 3
9 95 1
9 96 2
9 98 4
9 103 3
9 108 9
9 111 1
10 0 3
10 3 1
10 5 2
10 7 2
10 9 1
10 11 3
10 14 1
10 18 1
10 19 2
10 20 1
10 22 1
10 23 3
10 24 3
10 26 3
10 27 1
10 29 1
10 30 1
10 31 2
10 33 3
10 34 2
10 35 1
10 38 4
10 41 2
10 42 2
10 44 1
10 46 1
10 47 1
10 48 1
10 52 1
10 53 2
10 57 2
10 58 1
10 62 3
10 67 3
10 70 1
10 71 1
10 72 1
10 80 1
10 82 1
10 86 1
10 91 1
10 92 1
10 98 4
10 103 1
10 108 2
10 110 2
10 111 1
11 8 3
11 13 4
11 15 10
11 16 5
11 18 1
11 19 3
11 20 4
11 21 2
11 22 10
11 23 3
11 24 2
11 26 6
11 27 1
11 28 1
11 29 7
11 31 1
11 32 2
11 33 2
11 34 1
11 36 1
11 38 4
11 40 4
11 41 1
11 42 2
11 43 1
11 45 6
11 46 5
11 47 3
11 48 3
11 49 2
11 51 1
11 52 3
11 53 4
11 54 1
11 55 2
11 56 1
11 58 1
11 59 1
11 61 2
11 62 4
11 63 2
11 64 4
11 67 1
11 69 1
11 70 3
11 71 12
11 72 1
11 73 3
11 74 1
11 75 1
11 77 2
11 78 3
11 81 2
11 82 8
11 83 2
11 84 2
11 86 1
11 91 5
11 92 4
11 93 1
11 96 4
11 101 1
11 103 1
11 105 1
11 108 1
11 109 1
12 2 2
12 8 2
12 9 3
12 10 4
12 11 1
12 15 3
12 17 1
12 18 4
12 19 4
12 22 2
12 23 2
12 25 8
12 26 2
12 27 1
12 29 4
12 30 1
12 31 2
12 33 2
12 34 1
12 35 3
12 37 1
12 38 2
12 40 4
12 41 1
12 42 1
12 48 1
12 49 2
12 50 2
12 52 2
12 53 2
12 54 1
12 57 1
12 58 3
12 59 2
12 62 2
12 65 1
12 71 1
12 76 2
12 77 3
12 78 2
12 84 1
12 86 4
12 88 1
12 89 1
12 90 1
12 91 3
12 92 1
12 93 1
12 94 1
12 97 1
12 98 1
13 1 1
13 3 4
13 12 5
13 14 1
13 15 1
13 16 4
13 20 3
13 21 3
13 24 3
13 26 1
13 27 1
13 29 3
13 31 4
13 34 1
13 37 1
13 38 2
13 39 1
13 40 2
13 43 2
13 46 1
13 48 2
13 49 2
13 50 3
13 51 1
13 53 6
13 54 3
13 56 1
13 58 1
13 60 3
13 62 3
13 63 2
13 65 1
13 67 1
13 68 6
13 71 4
13 74 3
13 76 2
13 77 1
13 84 3
13 85 1
13 86 1
13 91 2
13 94 1
13 96 1
13 98 6
13 99 1
13 103 2
13 105 1
13 107 1
13 110 5
14 4 1
14 6 1
14 12 2
14 15 2
14 17 1
14 20 2
14 21 1
14 23 2
14 25 2
14 27 2
14 28 3
14 29 1
14 30 1
14 32 2
14 34 4
14 35 1
14 36 1
14 37 1
14 38 14
14 39 1
14 40 1
14 41 1
14 42 3
14 45 1
14 48 2
14 50 1
14 51 1
14 52 2
14 53 2
14 54 2
14 55 2
14 57 2
14 58 1
14 59 1
14 60 1
14 61 1
14 62 3
14 64 1
14 65 1
14 67 1
14 70 1
14 72 1
14 74 1
14 78 1
14 85 4
14 86 1
14 87 1
14 91 1
14 93 4
14 94 1
14 99 1
14 103 4
14 104 3
14 108 1
14 110 1
15 10 1
15 16 5
15 17 2
15 18 2
15 20 1
15 22 4
15 23 1
15 24 3
15 25 5
15 27 2
15 29 3
15 33 2
15 34 1
15 35 4
15 36 1
15 37 1
15 38 3
15 40 1
15 41 1
15 42 3
15 43 1
15 44 1
15 45 4
15 46 1
15 48 1
15 50 2
15 51 1
15 52 3
15 53 1
15 54 1
15 58 2
15 59 2
15 60 1
15 61 1
15 62 10
15 67 1
15 69 1
15 70 2
15 71 3
15 72 2
15 77 14
15 78 2
15 81 3
15 82 2
15 86 3
15 87 1
15 89 1
15 92 12
15 93 2
15 94 1
15 95 1
15 96 2
15 99 1
15 101 2
15 103 4
15 104 2
15 105 1
15 108 10
15 111 11
16 12 2
16 18 2
16 19 1
16 20 2
16 21 1
16 23 4
16 24 1
16 25 4
16 26 4
16 27 2
16 28 1
16 31 7
16 32 1
16 33 3
16 34 1
16 35 4
16 36 1
16 37 2
16 39 3
16 41 2
16 44 5
16 45 2
16 47 1
16 48 3
16 50 1
16 52 2
16 53 5
16 58 2
16 59 1
16 60 2
16 61 4
16 62 3
16 63 1
16 69 1
16 70 3
16 71 1
16 72 1
16 74 1
16 75 2
16 76 2
16 77 2
16 78 1
16 82 3
16 84 1
16 85 1
16 86 1
16 89 2
16 90 2
16 91 5
16 92 1
16 96 2
16 97 1
16 98 1
16 101 1
16 104 1
16 105 1
16 107 1
16 109 1
16 110 1
17 11 1
17 13 2
17 16 4
17 18 1
17 23 2
17 24 1
17 26 1
17 27 1
17 28 3
17 29 1
17 31 3
17 32 4
17 33 4
17 34 1
17 35 3
17 36 1
17 39 2
17 43 4
17 45 2
17 48 5
17 49 1
17 50 2
17 52 12
17 53 3
17 54 1
17 55 6
17 56 3
17 58 1
17 60 2
17 61 2
17 62 2
17 63 6
17 64 4
17 65 1
17 66 1
17 68 2
17 69 2
17 71 2
17 72 2
17 73 2
17 74 1
17 75 1
17 76 1
17 77 1
17 78 1
17 79 1
17 80 2
17 81 1
17 82 2
17 83 1
17 84 10
17 86 3
17 87 5
17 92 1
17 93 4
17 94 2
17 97 6
17 98 5
17 105 1
17 107 1
17 109 4
17 110 9
18 2 2
18 4 1
18 13 1
18 14 1
18 23 4
18 24 1
18 25 3
18 27 1
18 28 3
18 29 1
18 30 1
18 31 1
18 32 2
18 37 1
18 38 3
18 40 2
18 43 1
18 45 1
18 49 3
18 50 1
18 51 1
18 52 1
18 53 3
18 54 2
18 55 1
18 57 1
18 58 2
18 61 1
18 64 2
18 65 2
18 67 1
18 68 1
18 69 4
18 71 1
18 72 2
18 73 1
18 77 2
18 78 1
18 81 6
18 82 2
18 86 2
18 87 1
18 103 1
18 106 2
18 111 1
19 2 3
19 17 2
19 25 2
19 27 2
19 29 5
19 30 4
19 31 3
19 33 1
19 34 1
19 35 4
19 36 1
19 37 2
19 38 2
19 39 7
19 40 4
19 41 1
19 44 2
19 49 2
19 50 2
19 52 5
19 53 3
19 54 3
19 55 1
19 58 1
19 60 1
19 62 3
19 63 2
19 64 2
19 68 2
19 71 2
19 73 3
19 74 4
19 76 2
19 77 3
19 78 3
19 80 2
19 83 1
19 84 2
19 85 3
19 87 1
19 88 2
19 89 1
19 91 1
19 93 3
19 94 1
19 95 1
19 97 1
19 98 1
19 101 6
19 103 1
19 104 2
19 106 1
19 108 1
19 109 1
19 110 2
19 111 1
20 0 1
20 7 1
20 17 2
20 24 1
20 26 2
20 28 3
20 29 1
20 30 3
20 31 1
20 32 4
20 33 1
20 35 2
20 37 1
20 38 4
20 40 2
20 43 1
20 45 1
20 47 1
20 48 3
20 49 2
20 50 2
20 51 1
20 52 4
20 53 2
20 55 1
20 57 1
20 58 2
20 59 1
20 60 2
20 62 5
20 64 1
20 66 4
20 68 4
20 70 4
20 71 3
20 72 1
20 73 3
20 74 3
20 75 2
20 76 3
20 78 1
20 79 2
20 80 1
20 81 4
20 82 1
20 83 3
20 84 4
20 85 2
20 86 1
20 87 1
20 89 1
20 91 2
20 93 2
20 95 1
20 96 3
20 97 5
20 99 2
20 100 1
20 103 2
20 105 1
20 106 3
20 107 1
20 108 1
20 109 1
20 110 2
21 1 1
21 18 1
21 22 1
21 25 2
21 26 1
21 27 2
21 28 1
21 30 2
21 35 3
21 36 1
21 38 3
21 39 2
21 43 2
21 44 2
21 45 1
21 49 1
21 53 1
21 54 1
21 55 1
21 56 4
21 61 1
21 64 1
21 65 2
21 66 1
21 68 4
21 71 1
21 74 4
21 76 6
21 77 1
21 80 4
21 82 1
21 84 3
21 85 2
21 86 1
21 93 1
21 97 3
21 98 1
21 101 1
21 107 1
21 109 2
21 110 1
22 4 1
22 9 1
22 13 1
22 23 3
22 24 1
22 30 1
22 32 1
22 33 1
22 36 1
22 37 1
22 40 2
22 41 3
22 43 2
22 44 4
22 45 3
22 46 1
22 47 2
22 48 4
22 49 2
22 52 3
22 53 1
22 54 4
22 55 1
22 57 1
22 59 1
22 60 2
22 61 1
22 63 1
22 65 1
22 66 5
22 67 1
22 68 1
22 69 2
22 70 3
22 71 1
22 72 2
22 73 3
22 74 4
22 77 3
22 78 1
22 81 3
22 82 1
22 84 1
22 85 7
22 89 2
22 92 2
22 93 1
22 96 3
22 97 1
22 98 3
22 101 4
22 103 1
22 104 1
22 106 9
22 109 3
22 110 1
23 19 1
23 21 3
23 24 1
23 26 1
23 27 1
23 29 2
23 33 2
23 34 1
23 36 2
23 38 1
23 39 2
23 40 2
23 41 2
23 43 1
23 48 1
23 50 1
23 53 3
23 56 1
23 58 2
23 60 1
23 61 1
23 63 1
23 64 1
23 65 2
23 66 2
23 72 2
23 73 1
23 76 1
23 77 2
23 81 2
23 82 1
23 84 1
23 86 1
23 87 2
23 90 1
23 92 1
23 93 1
23 94 2
23 97 2
23 104 1
23 111 1
24 3 1
24 19 2
24 21 1
24 27 1
24 28 1
24 31 1
24 32 1
24 35 2
24 37 2
24 38 1
24 39 2
24 42 1
24 46 2
24 47 1
24 48 2
24 50 2
24 53 2
24 54 8
24 55 2
24 56 3
24 57 1
24 58 2
24 60 3
24 62 1
24 64 3
24 66 3
24 68 5
24 73 2
24 75 1
24 79 2
24 80 1
24 81 1
24 82 1
24 84 2
24 85 3
24 86 3
24 89 1
24 91 2
24 92 1
24 93 1
24 94 1
24 95 1
24 96 1
24 97 2
24 102 1
24 104 1
24 105 1
24 107 1
24 109 2
24 110 1
25 11 2
25 17 2
25 22 2
25 23 1
25 26 4
25 30 2
25 32 5
25 35 3
25 37 1
25 39 1
25 40 8
25 41 1
25 44 1
25 45 1
25 48 5
25 52 5
25 53 6
25 54 1
25 55 1
25 56 1
25 57 3
25 58 2
25 61 9
25 62 1
25 63 2
25 64 3
25 67 3
25 68 3
25 69 5
25 70 6
25 71 1
25 72 3
25 73 3
25 74 2
25 75 1
25 76 3
25 77 3
25 78 2
25 79 2
25 80 2
25 82 6
25 84 2
25 85 1
25 86 3
25 89 2
25 90 1
25 91 6
25 92 1
25 93 4
25 97 1
25 98 3
25 99 1
25 101 5
25 102 1
25 103 3
25 104 2
25 105 1
25 106 2
25 109 6
25 110 2
26 2 1
26 5 1
26 15 4
26 18 1
26 24 1
26 30 4
26 31 1
26 32 4
26 35 1
26 38 4
26 39 1
26 40 1
26 42 1
26 43 1
26 45 1
26 46 3
26 51 1
26 52 1
26 53 1
26 54 3
26 56 1
26 58 2
26 59 1
26 60 1
26 65 2
26 68 1
26 69 1
26 73 3
26 75 1
26 76 1
26 77 2
26 78 1
26 80 3
26 81 2
26 82 2
26 85 1
26 86 1
26 87 1
26 88 1
26 89 1
26 90 1
26 96 2
26 97 2
26 98 1
26 103 1
26 104 1
26 110 2
26 111 1
27 8 2
27 20 2
27 22 1
27 25 3
27 26 1
27 30 2
27 31 2
27 33 3
27 39 2
27 41 1
27 42 3
27 43 6
27 44 3
27 48 1
27 50 2
27 52 1
27 54 1
27 55 1
27 56 4
27 58 4
27 59 1
27 61 4
27 62 1
27 63 2
27 65 2
27 67 2
27 68 3
27 70 2
27 71 3
27 72 2
27 73 3
27 75 1
27 76 1
27 77 1
27 80 1
27 81 1
27 82 6
27 83 2
27 84 3
27 85 1
27 86 4
27 88 1
27 89 3
27 91 2
27 92 1
27 95 1
27 96 3
27 97 2
27 98 1
27 99 1
27 101 1
27 103 2
27 105 2
27 107 1
27 111 1
28 27 2
28 31 1
28 32 2
28 33 5
28 35 2
28 37 2
28 38 2
28 39 1
28 40 1
28 41 2
28 42 1
28 45 1
28 47 1
28 48 2
28 50 2
28 51 1
28 52 1
28 54 2
28 58 1
28 59 1
28 63 1
28 71 1
28 73 1
28 77 1
28 81 1
28 83 1
28 85 1
28 86 1
28 89 1
28 91 8
28 92 1
28 93 3
28 94 1
28 97 1
28 105 2
28 107 2
28 110 1
29 16 1
29 21 1
29 22 1
29 27 1
29 28 1
29 31 1
29 33 1
29 35 2
29 36 2
29 38 1
29 41 1
29 43 2
29 44 1
29 47 1
29 48 1
29 52 1
29 53 1
29 54 1
29 55 1
29 58 3
29 60 1
29 61 1
29 62 1
29 63 1
29 65 3
29 67 1
29 68 1
29 69 1
29 70 1
29 71 2
29 72 3
29 74 1
29 76 1
29 77 3
29 78 1
29 81 3
29 82 2
29 84 1
29 85 4
29 86 3
29 89 2
29 92 2
29 93 1
29 96 2
29 98 3
29 99 3
29 104 1
29 105 1
29 106 1
30 15 1
30 28 3
30 31 4
30 38 1
30 41 1
30 45 2
30 49 1
30 50 2
30 52 4
30 54 3
30 55 2
30 56 3
30 57 1
30 60 8
30 61 2
30 62 2
30 63 3
30 64 1
30 65 3
30 66 3
30 68 4
30 69 1
30 70 1
30 71 1
30 72 1
30 73 3
30 74 1
30 75 2
30 76 3
30 77 1
30 78 1
30 79 1
30 81 1
30 82 1
30 84 4
30 85 2
30 86 1
30 87 3
30 89 1
30 91 7
30 92 1
30 93 1
30 96 1
30 97 5
30 98 9
30 99 1
30 100 1
30 101 1
30 102 1
30 103 4
30 104 1
30 106 1
30 109 4
30 110 1
30 111 3
31 25 2
31 35 2
31 36 1
31 38 1
31 40 2
31 41 1
31 42 2
31 44 1
31 48 1
31 52 8
31 53 2
31 54 3
31 55 2
31 56 1
31 57 2
31 60 1
31 62 2
31 64 1
31 65 4
31 66 3
31 68 2
31 69 1
31 70 2
31 71 3
31 72 4
31 73 1
31 74 3
31 76 2
31 77 1
31 78 2
31 79 2
31 80 1
31 82 2
31 83 2
31 84 1
31 85 3
31 87 3
31 88 1
31 89 1
31 90 4
31 91 1
31 92 2
31 94 3
31 96 2
31 97 5
31 98 3
31 100 2
31 101 2
31 103 1
31 104 2
31 105 1
31 107 1
31 109 2
31 110 5
32 13 1
32 19 1
32 21 1
32 27 1
32 29 2
32 31 1
32 41 5
32 43 1
32 53 1
32 54 1
32 58 1
32 59 2
32 60 1
32 61 1
32 62 1
32 66 2
32 68 2
32 73 1
32 74 2
32 78 1
32 80 2
32 81 1
32 82 1
32 83 1
32 84 1
32 86 2
32 94 1
32 98 1
33 25 2
33 30 1
33 38 1
33 43 2
33 44 1
33 49 1
33 50 2
33 54 5
33 56 1
33 58 2
33 62 1
33 69 1
33 72 1
33 74 1
33 78 1
33 80 2
33 89 1
33 94 2
33 98 3
33 101 1
33 102 1
33 103 2
33 104 2
33 105 6
33 106 1
33 107 2
33 108 1
34 18 2
34 28 1
34 35 1
34 37 1
34 44 1
34 54 1
34 64 1
34 65 1
34 68 1
34 69 1
34 70 1
34 76 1
34 91 1
34 92 1
34 93 1
34 98 1
34 99 1
34 101 1
34 104 2
34 108 1
34 109 1
35 5 1
35 30 3
35 44 2
35 45 1
35 48 2
35 52 2
35 53 1
35 54 1
35 56 3
35 58 1
35 61 1
35 62 1
35 64 1
35 65 1
35 66 1
35 71 1
35 72 1
35 73 1
35 74 2
35 77 1
35 78 2
35 79 2
35 80 1
35 81 1
35 83 1
35 89 1
35 91 3
35 93 2
35 94 1
35 96 1
35 97 1
35 98 1
35 100 1
35 101 1
35 103 1
35 105 1
35 109 1
35 110 2
36 27 1
36 32 1
36 38 1
36 49 1
36 55 1
36 56 1
36 59 1
36 60 1
36 74 1
36 75 1
36 76 3
36 78 1
36 84 1
36 91 7
36 92 1
36 94 4
36 101 3
36 104 1
36 109 1
37 27 2
37 29 1
37 35 1
37 36 1
37 44 1
37 48 1
37 58 1
37 63 1
37 64 1
37 65 2
37 71 1
37 72 1
37 73 1
37 74 1
37 77 1
37 80 1
37 91 1
37 92 1
37 93 1
37 94 3
37 96 1
37 98 2
37 105 1
37 106 1
38 22 1
38 34 2
38 37 1
38 39 1
38 41 1
38 42 1
38 44 1
38 45 2
38 48 1
38 52 2
38 59 1
38 61 3
38 62 1
38 67 1
38 68 1
38 69 1
38 70 1
38 71 3
38 75 1
38 76 1
38 86 2
38 91 1
38 92 1
38 93 2
38 95 1
38 96 2
38 103 1
38 104 10
38 105 3
38 106 1
38 107 3
38 109 1
39 5 1
39 8 1
39 29 2
39 30 1
39 31 1
39 35 1
39 42 1
39 46 1
39 50 1
39 51 1
39 52 2
39 54 1
39 57 1
39 58 3
39 62 2
39 68 1
39 71 1
39 72 2
39 73 2
39 74 1
39 75 3
39 77 4
39 84 1
39 87 1
39 93 1
39 96 2
39 98 2
39 100 3
40 30 1
40 39 3
40 42 1
40 43 1
40 44 1
40 72 1
40 73 1
40 75 1
40 76 2
40 77 2
40 80 1
40 84 1
40 93 1
40 94 1
40 96 1
40 97 1
41 17 1
41 33 1
41 44 1
41 48 2
41 54 1
41 56 1
41 67 1
41 68 2
41 69 1
41 72 1
41 73 1
41 85 1
41 89 3
41 91 1
41 96 1
41 97 1
41 98 1
41 99 1
41 100 1
41 103 3
41 106 2
42 16 2
42 41 2
42 52 1
42 58 1
42 59 3
42 62 2
42 72 1
42 92 1
42 96 3
42 98 19
42 103 5
42 108 1
43 31 2
43 38 1
43 42 1
43 52 1
43 53 1
43 57 1
43 58 3
43 59 2
43 62 1
43 74 2
43 86 1
43 88 1
43 89 1
43 90 1
43 93 1
43 96 4
43 98 5
43 99 1
43 103 4
43 108 1
43 110 2
43 111 2
44 11 1
44 30 1
44 45 1
44 48 2
44 54 1
44 55 2
44 56 1
44 57 1
44 59 1
44 61 2
44 63 2
44 65 6
44 66 3
44 68 3
44 70 1
44 72 1
44 73 4
44 74 7
44 80 2
44 82 1
44 83 6
44 84 2
44 85 2
44 86 1
44 88 1
44 91 4
44 94 1
44 95 2
44 97 2
44 98 4
44 101 3
44 102 4
44 103 2
44 104 1
44 109 8
44 110 3
45 13 1
45 23 1
45 24 2
45 31 1
45 48 2
45 53 1
45 54 1
45 59 1
45 66 1
45 81 1
45 83 1
45 91 1
45 93 1
45 100 1
46 4 1
46 16 1
46 37 2
46 38 1
46 48 1
46 67 1
46 70 1
46 72 2
46 74 1
46 75 1
46 77 2
46 81 2
46 82 1
46 84 1
46 85 1
46 89 2
46 96 1
46 98 4
46 100 2
46 104 1
47 35 1
47 43 2
47 68 2
47 98 1
48 26 1
48 53 2
48 54 4
48 55 3
48 56 2
48 57 1
48 64 4
48 65 3
48 66 5
48 68 1
48 70 2
48 72 2
48 73 1
48 76 1
48 77 3
48 79 4
48 82 1
48 83 6
48 87 1
48 88 1
48 89 1
48 91 4
48 97 3
48 98 1
48 99 1
48 101 2
48 104 1
48 105 2
48 106 3
48 108 1
48 109 3
49 34 1
49 53 1
49 62 1
49 73 1
49 77 1
49 84 1
49 85 1
49 109 2
50 26 1
50 43 1
50 48 1
50 52 1
50 59 3
50 61 1
50 64 1
50 65 1
50 66 1
50 71 1
50 75 1
50 78 1
50 84 2
50 88 2
50 89 1
50 96 1
50 98 1
50 100 2
50 103 1
50 105 2
50 106 1
50 107 1
50 111 1
51 24 1
51 38 1
51 61 1
51 71 1
51 88 1
51 104 5
52 21 1
52 32 1
52 44 3
52 53 2
52 57 1
52 61 3
52 63 1
52 65 1
52 66 3
52 68 2
52 70 2
52 71 1
52 74 1
52 76 1
52 80 1
52 82 1
52 84 1
52 85 5
52 86 2
52 91 1
52 94 3
52 96 1
52 97 1
52 98 1
52 100 1
52 101 2
52 102 2
52 106 1
52 107 5
52 109 1
52 110 1
52 111 1
53 30 1
53 33 1
53 44 1
53 46 1
53 55 1
53 56 1
53 60 1
53 63 1
53 64 1
53 65 1
53 68 2
53 71 3
53 72 1
53 76 1
53 78 1
53 81 2
53 82 1
53 83 2
53 85 1
53 86 1
53 87 2
53 91 1
53 92 1
53 94 1
53 95 1
53 96 5
53 97 2
53 100 1
53 107 1
53 108 1
53 109 3
53 110 1
54 16 1
54 43 1
54 46 1
54 50 1
54 53 1
54 55 2
54 65 2
54 66 2
54 68 1
54 71 1
54 72 2
54 73 1
54 74 1
54 75 1
54 76 2
54 83 4
54 85 1
54 86 1
54 89 2
54 90 2
54 93 1
54 96 4
54 98 3
54 99 1
54 103 1
54 105 2
54 106 2
54 107 1
54 108 2
54 110 2
55 32 1
55 39 2
55 52 1
55 56 1
55 58 2
55 62 1
55 64 3
55 65 1
55 71 1
55 73 1
55 76 1
55 79 1
55 83 6
55 84 1
55 85 2
55 91 1
55 95 2
55 96 1
55 97 2
55 99 1
55 103 1
55 105 3
55 106 2
55 109 3
55 110 1
56 22 1
56 38 1
56 39 1
56 52 1
56 58 1
56 61 1
56 65 1
56 66 1
56 73 3
56 75 1
56 76 3
56 78 1
56 79 1
56 84 1
56 85 1
56 89 1
56 105 1
56 109 1
57 16 1
57 17 1
57 28 1
57 60 1
57 61 1
57 62 2
57 66 1
57 69 1
57 70 1
57 77 1
57 79 1
57 85 1
57 96 1
58 36 1
58 40 2
58 46 1
58 48 1
58 50 1
58 63 2
58 66 1
58 70 1
58 82 1
58 92 1
58 96 2
58 98 4
58 101 1
58 103 2
58 108 1
58 109 1
58 110 1
58 111 1
59 21 1
59 29 1
59 37 1
59 48 2
59 68 3
59 72 3
59 77 2
59 82 2
59 84 1
59 88 1
59 89 3
59 92 1
59 96 1
59 98 1
59 103 5
59 110 1
60 5 1
60 39 2
60 43 1
60 50 3
60 71 2
60 73 2
60 80 1
60 84 1
60 86 1
60 87 1
60 93 1
60 94 1
60 97 8
60 99 1
60 100 1
60 105 1
60 106 1
60 107 1
60 108 1
60 110 2
61 26 1
61 33 1
61 34 1
61 46 1
61 55 1
61 64 1
61 65 1
61 73 1
61 76 2
61 79 1
61 80 2
61 84 1
61 91 1
61 92 1
61 97 1
61 98 2
61 101 2
61 105 1
61 109 1
61 110 2
61 111 1
62 18 1
62 52 1
62 56 1
62 66 1
62 72 1
62 77 3
62 92 5
62 93 1
62 96 1
62 97 1
62 98 5
62 100 1
62 108 9
62 110 1
62 111 2
63 0 1
63 20 1
63 21 1
63 31 1
63 55 1
63 60 1
63 62 1
63 68 1
63 74 1
63 76 2
63 77 1
63 79 1
63 80 1
63 81 1
63 82 2
63 86 1
63 97 1
63 101 1
63 102 1
63 110 1
64 44 1
64 49 1
64 51 1
64 72 3
64 73 2
64 74 1
64 75 2
64 79 1
64 82 1
64 83 1
64 96 1
64 97 1
64 98 1
64 101 1
64 104 1
64 108 1
64 109 3
65 60 1
65 63 2
65 64 1
65 66 2
65 68 1
65 74 2
65 79 2
65 83 1
65 96 1
65 98 1
65 100 1
65 101 1
65 104 2
65 105 1
65 107 1
65 109 3
65 111 1
66 12 1
66 13 1
66 25 1
66 27 2
66 63 1
66 72 2
66 73 3
66 77 1
66 79 3
66 83 6
66 85 1
66 94 1
66 96 1
66 97 2
66 98 1
66 101 1
66 103 1
66 106 2
66 109 1
66 111 2
67 16 1
67 69 1
68 40 1
68 58 1
68 60 2
68 69 1
68 73 1
68 76 1
68 83 1
68 84 1
68 95 1
68 97 3
68 98 1
68 104 2
68 106 2
68 109 1
68 110 4
68 111 1
69 12 1
69 42 1
69 47 2
69 71 1
70 43 1
70 60 1
70 73 2
70 97 1
70 102 1
70 105 1
70 106 1
70 109 1
71 24 1
71 65 1
71 82 4
71 84 1
71 86 2
71 92 1
71 96 1
71 99 1
72 57 1
72 61 1
72 70 1
72 86 1
72 87 1
72 94 1
72 98 1
72 99 6
72 100 1
72 111 3
73 45 1
73 59 1
73 65 1
73 74 2
73 76 1
73 83 1
73 87 1
73 94 1
73 95 1
73 97 1
73 99 1
73 100 2
73 101 1
73 106 2
73 110 2
74 45 1
74 59 1
74 61 1
74 78 3
74 87 1
74 91 3
74 95 1
74 101 1
74 102 1
74 104 1
74 108 1
74 109 3
74 110 1
74 111 1
75 86 1
75 90 1
75 98 1
75 100 2
75 110 1
75 111 2
76 11 1
76 15 1
76 18 1
76 22 1
76 66 2
76 74 1
76 81 1
76 96 1
76 97 1
76 110 1
77 50 1
77 53 1
77 55 1
77 92 9
77 108 8
77 111 9
78 64 1
78 88 1
78 105 1
78 107 1
79 16 1
79 54 1
79 83 1
79 109 2
80 54 1
80 96 1
81 52 1
81 98 1
82 43 1
82 85 1
82 104 2
82 108 2
83 56 1
83 77 1
83 97 1
83 101 1
83 106 1
84 38 1
84 65 1
84 109 1
84 110 1
85 68 1
85 71 1
85 93 1
85 110 2
86 76 1
86 106 1
87 105 1
87 109 1
87 110 1
87 111 1
88 98 1
91 102 1
92 26 1
92 108 3
93 52 1
96 85 1
96 103 1
97 107 1
98 96 1
105 0 1
108 111 1
112 0 17
112 1 8
112 2 23
112 3 12
112 4 7
112 5 21
112 6 1
112 7 23
112 8 11
112 9 19
112 10 10
112 11 29
112 12 17
112 13 7
112 14 8
112 15 17
112 16 8
112 17 9
112 18 8
112 19 12
112 20 5
112 21 7
112 22 11
112 23 6
112 24 6
112 25 7
112 26 3
112 27 13
112 28 5
112 29 11
112 30 16
112 31 15
112 32 9
112 33 7
112 34 4
112 35 11
112 36 3
112 37 5
112 38 21
112 39 4
112 40 8
112 41 7
112 42 7
112 43 10
112 44 12
112 45 5
112 46 7
112 47 2
112 48 7
112 49 5
112 50 10
112 51 1
112 52 21
112 53 11
112 54 9
112 55 13
112 56 5
112 57 7
112 58 5
112 59 9
112 60 7
112 61 14
112 62 19
112 63 5
112 64 15
112 65 10
112 66 10
112 68 3
112 69 5
112 70 6
112 71 12
112 72 19
112 73 14
112 74 18
112 75 6
112 76 8
112 77 28
112 78 7
112 79 20
112 80 5
112 81 11
112 82 11
112 83 14
112 84 6
112 85 5
112 86 7
112 87 8
112 88 4
112 89 3
112 90 10
112 91 8
112 92 13
112 93 3
112 94 9
112 95 9
112 96 17
112 97 12
112 98 52
112 99 13
112 100 9
112 101 5
112 102 5
112 103 9
112 104 9
112 105 16
112 106 8
112 107 6
112 108 21
112 109 12
112 110 30
112 111 13
