0 2 2
0 3 6
0 5 3
0 7 7
0 8 1
0 9 2
0 10 2
0 11 6
0 12 4
0 14 3
0 15 6
0 16 2
0 18 1
0 19 2
0 21 1
0 22 4
0 23 1
0 24 1
0 25 1
0 28 1
0 30 1
0 32 1
0 34 2
0 37 1
0 38 4
0 41 1
0 42 2
0 52 1
0 53 1
0 59 2
0 62 1
0 69 1
0 72 1
0 86 1
0 91 1
0 92 1
0 96 1
0 104 1
0 110 1
1 2 4
1 5 1
1 7 3
1 9 3
1 11 9
1 14 5
1 15 3
1 18 1
1 20 1
1 22 2
1 23 2
1 25 2
1 28 5
1 29 2
1 38 7
1 40 1
1 42 5
1 43 1
1 46 1
1 57 1
1 59 1
1 61 1
1 62 1
1 67 1
1 71 3
1 72 3
1 77 1
1 81 1
1 86 1
2 4 1
2 5 4
2 7 4
2 10 2
2 11 12
2 14 1
2 15 2
2 17 1
2 20 1
2 22 3
2 23 1
2 28 1
2 38 7
2 42 3
2 45 1
2 46 1
2 61 1
2 62 1
2 67 2
2 71 2
2 98 1
2 104 1
3 1 2
3 4 1
3 7 1
3 8 1
3 9 2
3 11 3
3 14 3
3 15 2
3 16 1
3 17 1
3 18 1
3 20 1
3 25 2
3 26 1
3 27 1
3 28 1
3 33 1
3 35 2
3 36 1
3 37 2
3 38 2
3 42 4
3 45 2
3 46 2
3 48 1
3 49 1
3 51 1
3 52 5
3 61 1
3 62 2
3 65 1
3 71 1
3 72 2
3 77 1
3 82 1
3 86 2
3 91 2
3 93 3
4 8 2
4 12 1
4 16 1
4 17 1
4 19 1
4 20 1
4 24 1
4 28 2
4 34 1
4 42 1
4 48 1
4 58 1
4 76 1
4 82 1
4 86 1
5 7 1
5 11 5
5 13 2
5 14 1
5 15 2
5 16 2
5 17 1
5 19 1
5 20 2
5 21 1
5 23 2
5 25 1
5 29 1
5 30 1
5 38 1
5 40 2
5 44 1
5 45 1
5 46 1
5 47 1
5 52 2
5 57 1
5 58 1
5 62 1
5 69 1
5 70 1
5 71 1
5 77 1
5 80 1
5 81 1
5 82 2
5 86 1
5 92 3
5 94 1
5 103 1
5 110 2
6 1 1
6 2 2
6 9 3
6 11 1
6 17 3
6 19 1
6 20 1
6 22 2
6 23 1
6 24 1
6 27 1
6 29 1
6 45 2
6 48 1
6 52 1
6 61 1
6 62 2
6 64 1
6 66 1
6 71 3
6 75 1
6 86 2
6 90 1
6 92 1
6 96 1
6 101 1
6 103 1
7 4 1
7 8 1
7 9 1
7 12 2
7 14 1
7 15 3
7 16 2
7 17 1
7 20 1
7 21 1
7 22 3
7 23 1
7 25 2
7 28 3
7 29 1
7 33 1
7 34 1
7 36 1
7 37 2
7 38 2
7 40 3
7 41 1
7 45 1
7 47 2
7 50 1
7 59 2
7 62 1
7 65 1
7 66 1
7 72 1
7 77 1
7 82 1
7 84 3
7 91 1
7 92 1
7 93 1
7 104 1
8 1 2
8 2 2
8 6 1
8 16 1
8 17 5
8 21 2
8 22 3
8 23 1
8 25 2
8 26 1
8 29 2
8 30 5
8 35 1
8 37 6
8 40 2
8 41 1
8 42 4
8 45 1
8 46 2
8 48 2
8 49 1
8 50 1
8 52 1
8 59 1
8 60 1
8 61 2
8 63 1
8 69 1
8 70 2
8 72 4
8 82 2
8 84 1
8 89 1
8 91 3
8 92 1
8 93 1
8 98 1
8 100 1
9 10 1
9 11 3
9 14 1
9 15 1
9 16 1
9 17 1
9 19 1
9 23 1
9 25 1
9 26 1
9 28 1
9 29 2
9 38 2
9 39 1
9 42 1
9 45 1
9 46 1
9 57 1
9 62 2
9 72 1
9 77 3
9 82 1
9 84 1
9 87 1
9 92 2
9 93 1
9 103 1
10 3 1
10 6 1
10 7 1
10 8 1
10 11 1
10 19 2
10 23 1
10 26 1
10 33 1
10 38 2
10 41 1
10 46 1
10 47 1
10 52 1
10 57 1
10 62 3
10 67 1
10 70 1
10 72 1
10 86 1
10 92 1
10 110 1
11 4 1
11 7 4
11 8 2
11 12 1
11 13 2
11 15 3
11 16 2
11 19 4
11 20 2
11 21 2
11 22 5
11 23 1
11 26 2
11 29 4
11 31 1
11 33 2
11 36 1
11 38 2
11 40 1
11 41 1
11 43 1
11 45 2
11 47 2
11 48 1
11 53 1
11 54 1
11 55 1
11 58 1
11 61 1
11 64 1
11 70 1
11 71 5
11 72 1
11 74 1
11 77 1
11 78 1
11 82 4
11 83 1
11 84 1
11 86 1
11 91 2
11 92 1
12 5 1
12 8 2
12 10 1
12 17 1
12 19 1
12 23 2
12 25 4
12 27 1
12 29 2
12 31 1
12 33 1
12 34 1
12 40 1
12 42 1
12 53 1
12 54 1
12 57 1
12 59 1
12 61 1
12 62 1
12 71 1
12 76 1
12 77 3
12 78 1
12 86 1
12 90 1
12 91 1
13 3 1
13 12 1
13 24 1
13 25 1
13 27 1
13 29 1
13 31 1
13 34 1
13 37 1
13 40 1
13 50 1
13 53 4
13 54 1
13 56 1
13 58 1
13 62 1
13 67 1
13 68 1
13 71 1
13 96 1
13 98 1
13 105 1
14 4 1
14 6 1
14 12 1
14 15 1
14 17 1
14 19 2
14 25 2
14 28 2
14 32 2
14 38 2
14 39 1
14 42 1
14 50 1
14 53 1
14 54 1
14 55 1
14 62 1
14 70 1
14 74 1
14 86 1
14 93 1
14 104 1
15 4 2
15 6 1
15 10 2
15 12 1
15 16 2
15 17 2
15 20 2
15 22 3
15 23 1
15 24 1
15 25 1
15 29 1
15 34 1
15 35 2
15 36 1
15 37 1
15 38 2
15 42 2
15 45 1
15 67 1
15 70 1
15 71 2
15 89 1
15 92 2
15 93 1
15 103 2
16 12 3
16 13 1
16 18 1
16 19 1
16 20 4
16 21 1
16 23 1
16 25 1
16 27 1
16 34 1
16 35 2
16 37 1
16 39 1
16 41 1
16 44 1
16 45 1
16 48 2
16 52 2
16 53 1
16 58 2
16 61 1
16 62 1
16 70 1
16 76 2
16 77 1
16 82 1
16 85 1
16 86 1
16 89 1
16 91 1
16 92 1
16 96 2
16 104 1
17 16 1
17 21 1
17 34 1
17 43 1
17 50 1
17 53 1
17 63 1
17 64 1
17 66 1
17 69 1
17 71 1
17 72 1
17 75 1
17 76 1
17 77 1
17 84 3
17 86 1
17 87 1
17 93 1
17 94 1
17 97 4
17 110 2
18 4 1
18 5 1
18 6 1
18 7 1
18 10 1
18 11 2
18 13 1
18 15 1
18 23 3
18 24 1
18 25 3
18 27 1
18 28 1
18 29 1
18 30 1
18 32 2
18 37 1
18 38 2
18 43 1
18 52 1
18 53 2
18 54 1
18 57 1
18 58 1
18 68 1
18 69 1
18 71 1
18 72 1
18 77 1
18 81 4
18 86 2
18 103 1
18 106 1
19 29 1
19 35 1
19 37 1
19 39 3
19 44 1
19 49 2
19 52 1
19 53 1
19 63 1
19 66 1
19 68 1
19 73 1
19 74 1
19 76 2
19 77 1
19 78 2
19 84 1
19 88 2
19 101 1
19 104 1
20 13 1
20 17 2
20 29 1
20 30 2
20 31 1
20 33 1
20 35 1
20 40 1
20 49 1
20 58 2
20 59 1
20 62 4
20 66 1
20 70 2
20 72 1
20 73 2
20 74 1
20 75 1
20 76 1
20 79 1
20 80 1
20 83 1
20 89 1
20 91 1
20 93 1
20 96 2
20 97 1
20 99 1
21 15 1
21 25 1
21 27 1
21 31 1
21 35 2
21 38 1
21 39 1
21 44 1
21 55 1
21 56 1
21 74 1
21 76 2
21 80 2
21 84 2
21 86 1
21 98 1
21 101 1
21 109 1
22 4 1
22 5 1
22 9 1
22 12 1
22 13 1
22 16 1
22 20 2
22 23 3
22 26 1
22 27 2
22 28 1
22 31 1
22 33 1
22 40 2
22 44 1
22 46 1
22 48 1
22 52 1
22 53 1
22 69 1
22 70 2
22 72 1
22 73 1
22 74 2
22 77 1
22 78 1
22 81 2
22 92 1
22 93 1
22 101 2
22 106 2
23 19 1
23 21 3
23 27 1
23 29 1
23 30 1
23 38 1
23 40 2
23 48 1
23 50 1
23 53 1
23 64 1
23 65 1
23 77 2
23 82 1
23 86 1
23 87 1
23 90 1
23 92 1
23 94 1
23 111 1
24 17 1
24 19 1
24 21 1
24 32 2
24 35 1
24 37 1
24 48 1
24 50 2
24 53 1
24 54 3
24 55 1
24 56 1
24 58 1
24 60 1
24 62 1
24 64 1
24 66 1
24 68 3
24 79 2
24 80 1
24 84 1
24 86 1
24 92 1
24 94 1
24 96 1
24 109 1
24 110 1
25 17 2
25 20 1
25 23 1
25 26 1
25 30 2
25 32 3
25 38 1
25 39 1
25 40 2
25 46 1
25 48 2
25 52 1
25 53 1
25 57 1
25 61 1
25 64 2
25 67 1
25 68 1
25 69 1
25 70 3
25 72 1
25 76 1
25 78 1
25 79 1
25 82 2
25 89 1
25 91 2
25 92 1
25 93 1
25 98 1
25 99 1
25 101 1
25 103 1
25 104 1
26 5 1
26 15 1
26 19 1
26 27 1
26 30 1
26 39 1
26 46 1
26 73 1
26 76 1
26 77 1
26 80 2
26 81 1
26 82 1
26 85 1
26 88 1
26 97 1
26 98 1
26 104 1
27 5 1
27 8 1
27 17 2
27 20 3
27 24 1
27 25 1
27 30 2
27 31 1
27 33 1
27 35 1
27 44 1
27 48 2
27 50 1
27 55 1
27 56 2
27 58 2
27 61 1
27 62 1
27 63 2
27 65 1
27 68 1
27 70 2
27 71 2
27 81 1
27 82 1
27 84 3
27 85 1
27 96 1
27 97 1
27 98 1
27 99 1
27 105 1
28 12 1
28 27 1
28 30 1
28 31 1
28 32 1
28 33 1
28 38 1
28 39 1
28 40 1
28 48 1
28 54 1
28 73 1
28 91 1
28 97 1
28 110 1
29 16 2
29 24 1
29 28 1
29 30 1
29 31 2
29 35 1
29 36 1
29 38 1
29 47 1
29 48 1
29 53 1
29 54 1
29 58 2
29 61 1
29 62 1
29 65 1
29 70 1
29 71 1
29 72 2
29 74 1
29 76 1
29 78 1
29 81 2
29 82 1
29 84 1
29 85 2
29 86 1
29 92 1
29 93 1
30 15 1
30 31 2
30 39 2
30 45 1
30 50 1
30 52 1
30 54 1
30 56 1
30 57 1
30 60 1
30 62 1
30 70 1
30 74 1
30 85 1
30 87 1
30 91 3
30 92 1
30 96 1
30 97 1
30 98 1
30 102 1
30 103 1
30 104 1
30 109 1
31 8 1
31 19 1
31 42 1
31 52 3
31 53 1
31 54 1
31 62 1
31 65 1
31 66 1
31 68 1
31 70 1
31 72 1
31 74 1
31 78 2
31 82 1
31 84 1
31 85 1
31 88 1
31 89 1
31 92 1
31 97 2
31 98 2
31 100 1
31 101 1
31 110 2
32 4 1
32 7 1
32 15 1
32 22 1
32 29 1
32 31 1
32 41 2
32 43 1
32 53 1
32 59 2
32 61 1
32 62 1
32 66 1
32 68 2
32 80 2
32 81 1
32 82 1
32 84 1
33 25 1
33 30 1
33 38 1
33 49 1
33 50 1
33 56 1
33 58 2
33 74 1
33 78 1
33 80 1
33 94 2
33 104 1
33 105 1
34 8 1
34 37 1
34 44 1
34 64 1
34 65 1
34 76 1
34 93 1
34 98 1
34 99 1
34 109 1
35 4 1
35 22 1
35 23 1
35 45 1
35 48 1
35 50 1
35 54 1
35 56 1
35 58 1
35 62 1
35 66 1
35 72 1
35 73 1
35 81 1
35 83 1
35 93 1
35 96 1
35 100 1
35 101 1
36 21 1
36 22 1
36 56 1
36 74 1
36 75 1
36 76 1
36 78 1
36 84 1
36 91 2
36 92 1
36 101 1
37 29 1
37 36 1
37 64 1
37 92 1
37 98 1
37 105 1
38 8 1
38 12 1
38 13 1
38 34 2
38 35 1
38 37 1
38 39 2
38 42 1
38 44 1
38 45 2
38 52 1
38 61 1
38 62 1
38 71 2
38 93 1
38 103 1
38 106 1
39 50 1
39 64 1
39 68 1
39 100 1
40 16 1
40 24 1
40 30 1
40 39 2
40 43 1
40 75 1
40 76 1
40 77 1
40 80 1
40 84 1
40 93 1
40 94 1
40 96 1
41 17 1
41 33 1
41 48 1
41 106 1
42 16 1
42 17 1
42 19 1
42 30 1
42 41 1
42 46 1
42 62 2
42 92 1
42 96 3
42 98 2
43 57 1
43 62 1
43 108 1
44 7 1
44 11 1
44 13 1
44 17 1
44 24 1
44 30 2
44 35 2
44 40 1
44 55 1
44 61 3
44 63 2
44 65 4
44 66 1
44 68 1
44 72 1
44 73 4
44 74 3
44 91 2
44 97 2
44 98 1
44 109 4
44 110 1
45 13 1
45 19 1
45 23 1
45 24 4
45 25 1
45 31 1
45 32 2
45 48 3
45 53 1
45 54 1
45 66 1
45 81 1
45 83 1
45 91 1
45 93 1
45 100 1
46 4 1
46 23 1
46 37 1
46 48 1
46 72 1
46 77 1
46 81 1
46 84 1
46 96 1
46 98 1
46 100 2
46 104 1
47 35 1
47 68 2
47 98 1
48 31 1
48 55 1
48 64 1
48 65 1
48 66 2
48 76 1
48 77 1
48 79 4
48 87 1
48 97 1
48 104 1
48 105 2
48 109 2
49 30 1
49 73 1
49 85 1
49 109 2
50 48 1
50 75 1
50 100 1
51 88 1
51 104 2
52 27 1
52 32 1
52 35 1
52 44 1
52 48 1
52 54 1
52 57 1
52 60 1
52 61 2
52 63 1
52 68 2
52 70 1
52 73 1
52 76 1
52 85 4
52 91 1
52 96 1
52 101 1
52 102 1
52 107 3
52 109 1
52 110 1
52 111 1
53 26 1
53 46 1
53 56 1
53 63 1
53 65 1
53 72 1
53 73 1
53 76 1
53 92 1
53 96 3
54 43 2
54 46 1
54 72 1
54 83 1
54 96 2
54 105 1
54 108 1
54 110 2
55 31 1
55 39 1
55 65 1
55 76 1
55 79 2
55 103 1
55 105 2
55 109 1
56 39 1
56 54 1
56 61 1
56 73 1
56 74 1
56 75 1
56 76 2
56 85 1
56 109 1
57 17 1
57 62 1
57 79 1
57 96 1
58 22 1
58 36 1
58 39 1
58 40 2
58 48 1
58 50 1
58 82 1
58 92 1
58 109 1
58 110 1
59 21 1
59 30 1
59 37 1
59 42 1
59 44 1
59 48 2
59 64 1
59 68 1
59 82 2
59 89 1
59 96 1
59 103 2
60 97 1
60 105 1
60 110 1
61 20 1
61 33 1
61 48 1
61 55 2
61 76 1
61 79 1
61 109 1
61 110 1
62 54 1
62 66 1
62 72 1
62 92 4
62 93 1
62 96 1
62 97 1
62 98 1
62 108 2
63 26 1
63 76 1
63 77 1
63 79 1
63 110 1
64 51 1
64 79 1
65 60 1
65 63 1
65 74 1
65 79 1
65 83 1
65 101 1
65 105 1
66 55 3
66 63 1
66 72 1
66 83 1
66 94 1
66 96 1
66 106 1
66 109 1
68 83 1
70 60 1
71 84 1
71 96 1
72 16 1
72 60 1
72 61 1
72 94 1
72 100 1
73 74 2
73 87 1
73 94 1
73 97 1
73 100 2
73 110 1
74 48 1
74 87 1
74 91 1
74 102 1
75 86 1
75 100 1
77 53 1
77 55 1
77 92 4
77 108 2
78 105 1
81 11 1
81 72 1
82 43 1
82 104 2
83 73 1
83 101 1
84 110 1
87 111 1
96 3 1
98 96 1
108 111 1
112 0 5
112 1 5
112 2 6
112 3 3
112 4 3
112 5 13
112 6 1
112 7 10
112 8 3
112 9 5
112 11 9
112 12 9
112 13 2
112 14 4
112 15 4
112 16 2
112 17 8
112 18 3
112 19 2
112 20 2
112 21 1
112 22 2
112 23 3
112 24 1
112 25 1
112 26 1
112 27 7
112 28 1
112 29 2
112 30 6
112 31 5
112 32 6
112 33 4
112 34 1
112 35 3
112 36 1
112 37 2
112 38 7
112 40 3
112 41 3
112 42 5
112 43 3
112 44 2
112 45 1
112 46 1
112 47 1
112 48 4
112 49 1
112 50 6
112 52 8
112 53 5
112 54 3
112 55 3
112 56 2
112 57 4
112 58 1
112 59 2
112 60 4
112 61 2
112 62 6
112 63 1
112 64 4
112 65 6
112 66 3
112 68 1
112 69 1
112 70 1
112 71 6
112 72 4
112 73 3
112 74 2
112 75 2
112 76 5
112 77 4
112 79 5
112 80 1
112 81 4
112 82 5
112 83 4
112 84 4
112 86 3
112 87 3
112 88 1
112 89 1
112 90 5
112 91 2
112 92 6
112 93 2
112 94 3
112 95 1
112 96 3
112 98 7
112 99 2
112 100 5
112 104 3
112 105 6
112 106 2
112 107 2
112 108 5
112 110 6
112 111 2
