0 1 1
0 2 8
0 4 1
0 5 2
0 6 6
0 7 3
0 8 1
0 9 4
0 10 3
0 12 2
0 13 4
0 14 2
0 15 3
0 17 1
0 19 2
0 22 1
0 23 1
0 24 1
0 25 5
0 26 2
0 28 1
0 32 1
0 35 1
0 36 1
0 37 2
0 45 3
0 48 1
0 56 1
0 60 1
0 64 1
0 66 1
0 68 5
0 77 1
0 78 1
0 79 1
0 88 1
0 90 1
0 97 1
0 110 1
0 114 2
0 115 1
0 124 1
0 147 1
0 153 1
0 166 1
1 2 1
1 3 1
1 4 1
1 5 2
1 6 4
1 7 1
1 8 1
1 9 3
1 10 1
1 11 4
1 12 1
1 14 2
1 17 4
1 18 1
1 19 1
1 20 1
1 22 2
1 24 1
1 25 5
1 27 3
1 28 2
1 30 1
1 31 3
1 35 3
1 36 4
1 39 1
1 43 1
1 45 2
1 48 1
1 50 4
1 51 1
1 52 2
1 54 3
1 55 1
1 66 1
1 68 1
1 69 1
1 70 1
1 81 1
1 95 1
1 101 1
1 106 1
1 111 1
1 119 2
1 123 1
1 132 1
1 138 2
1 146 2
1 165 1
1 191 1
2 3 1
2 5 3
2 6 10
2 7 2
2 8 2
2 9 1
2 12 2
2 14 6
2 16 4
2 17 3
2 18 5
2 19 2
2 20 1
2 21 1
2 22 3
2 24 3
2 25 6
2 26 2
2 27 5
2 29 2
2 30 1
2 31 1
2 32 1
2 34 2
2 36 3
2 41 3
2 42 2
2 44 5
2 45 2
2 46 1
2 48 2
2 49 1
2 50 1
2 51 1
2 55 2
2 56 1
2 58 1
2 66 1
2 71 1
2 72 1
2 73 1
2 83 1
2 99 1
2 100 1
2 101 1
2 103 1
2 110 3
2 112 2
2 121 1
2 130 2
2 132 1
2 142 1
2 144 1
2 147 2
2 149 1
2 153 1
2 160 1
2 167 1
2 174 3
2 187 1
2 198 1
3 0 2
3 5 2
3 6 2
3 14 1
3 15 1
3 17 1
3 18 1
3 20 1
3 29 1
3 31 3
3 36 1
3 84 1
3 105 1
3 110 1
3 139 1
3 163 1
4 2 2
4 5 2
4 6 1
4 8 2
4 10 1
4 14 1
4 15 2
4 17 1
4 19 1
4 20 2
4 26 3
4 28 2
4 29 2
4 32 1
4 37 1
4 42 1
4 44 1
4 46 1
4 50 1
4 66 1
4 69 1
4 96 1
4 99 1
4 134 1
4 148 2
4 174 1
5 6 2
5 8 2
5 11 1
5 12 1
5 13 1
5 15 1
5 16 3
5 17 2
5 21 1
5 23 1
5 25 1
5 26 4
5 28 2
5 30 1
5 32 1
5 34 2
5 36 3
5 45 1
5 48 1
5 54 2
5 56 1
5 61 1
5 64 1
5 66 1
5 69 1
5 72 1
5 77 1
5 82 1
5 86 1
5 93 1
5 94 2
5 103 1
5 105 1
5 110 1
5 111 1
5 112 1
5 114 1
5 145 1
5 190 1
5 200 1
6 7 1
6 9 5
6 10 1
6 11 2
6 12 1
6 14 1
6 15 1
6 19 2
6 22 4
6 29 2
6 32 1
6 35 1
6 36 4
6 38 1
6 42 1
6 46 1
6 51 1
6 79 1
6 87 1
6 101 1
6 110 1
6 113 1
6 187 1
6 192 1
7 3 1
7 4 2
7 12 1
7 16 1
7 17 1
7 19 2
7 20 1
7 22 1
7 25 2
7 31 1
7 33 1
7 37 1
7 45 1
7 48 1
7 59 1
7 60 1
7 63 3
7 78 1
7 80 1
7 87 1
7 106 1
7 112 1
7 117 1
7 119 1
7 132 1
7 141 1
7 153 1
7 154 1
7 192 1
8 6 3
8 7 1
8 10 2
8 14 1
8 15 2
8 18 1
8 24 1
8 26 1
8 31 1
8 32 1
8 36 1
8 37 1
8 41 2
8 53 1
8 55 1
8 56 1
8 79 1
8 110 1
8 185 1
8 190 1
9 7 1
9 17 1
9 25 4
9 28 1
9 29 1
9 35 1
9 36 1
9 39 1
9 45 2
9 50 1
9 51 1
9 55 1
9 58 1
9 69 1
9 76 1
9 108 1
9 141 1
9 199 1
10 14 5
10 16 2
10 17 1
10 18 1
10 25 1
10 27 4
10 31 3
10 33 2
10 34 2
10 35 1
10 36 1
10 39 1
10 41 2
10 42 1
10 46 1
10 48 1
10 49 1
10 51 3
10 53 3
10 55 1
10 65 1
10 70 1
10 71 1
10 73 1
10 74 1
10 76 2
10 77 1
10 78 1
10 82 1
10 83 1
10 86 1
10 91 1
10 94 1
10 101 1
10 104 1
10 108 1
10 109 1
10 110 2
10 111 1
10 112 1
10 114 1
10 123 1
10 127 2
10 128 1
10 130 1
10 132 2
10 137 1
10 140 1
10 141 2
10 166 1
10 180 2
10 199 1
11 9 1
11 10 1
11 12 1
11 15 1
11 20 2
11 21 1
11 22 1
11 27 1
11 28 1
11 29 1
11 30 1
11 34 1
11 36 1
11 37 1
11 41 1
11 43 1
11 47 2
11 50 1
11 53 1
11 59 1
11 65 1
11 67 1
11 69 2
11 74 1
11 77 1
11 81 1
11 83 1
11 84 1
11 86 1
11 97 1
11 102 1
11 113 1
11 115 2
11 129 1
11 131 1
11 137 1
11 138 1
11 140 1
11 149 1
11 154 1
11 195 1
12 9 1
12 18 1
12 19 3
12 23 3
12 25 1
12 27 1
12 32 1
12 35 1
12 52 1
12 53 2
12 65 1
12 68 1
12 69 1
12 72 1
12 80 1
12 83 2
12 86 1
12 87 1
12 92 1
12 98 1
12 120 1
12 129 2
12 144 1
12 166 2
12 170 1
12 180 1
12 183 1
12 194 1
12 200 1
13 2 1
13 8 1
13 16 1
13 37 1
13 47 1
13 52 1
13 55 1
13 62 1
13 68 2
13 110 1
13 138 1
13 168 1
13 178 1
14 11 1
14 12 1
14 17 2
14 19 1
14 22 2
14 25 1
14 28 1
14 31 1
14 33 1
14 37 1
14 42 1
14 48 1
14 50 1
14 54 1
14 59 1
14 68 2
14 73 1
14 87 1
14 129 1
14 137 1
14 151 1
14 154 1
14 180 1
15 14 1
15 30 1
15 34 1
15 39 1
15 50 1
15 55 1
15 61 1
15 66 1
15 69 1
15 81 1
15 92 1
15 100 1
15 126 1
15 145 1
15 146 1
15 200 1
16 1 1
16 6 1
16 21 1
16 34 1
16 37 1
16 78 1
16 144 2
16 148 1
17 24 3
17 28 2
17 30 1
17 33 1
17 35 2
17 40 1
17 48 2
17 49 1
17 52 2
17 56 1
17 68 1
17 71 1
17 73 2
17 75 1
17 78 1
17 79 1
17 82 1
17 86 1
17 97 2
17 110 2
17 115 1
17 128 1
17 131 1
17 147 1
17 174 1
17 183 1
17 187 1
17 193 1
18 6 1
18 19 1
18 20 1
18 21 1
18 30 1
18 33 1
18 36 1
18 37 1
18 54 1
18 55 1
18 56 1
18 69 2
18 88 1
18 99 1
18 115 1
18 117 1
18 120 1
18 127 1
18 159 1
18 169 1
18 174 1
18 191 1
19 17 1
19 27 1
19 31 2
19 36 1
19 39 1
19 40 2
19 50 2
19 51 1
19 59 1
19 97 1
19 119 1
19 174 1
19 183 1
19 192 1
19 200 1
20 6 2
20 9 4
20 12 1
20 17 1
20 21 2
20 30 1
20 37 2
20 45 3
20 54 5
20 56 1
20 59 1
20 64 2
20 65 2
20 66 1
20 68 1
20 74 1
20 77 1
20 79 2
20 90 1
20 92 2
20 94 5
20 95 1
20 98 1
20 101 1
20 123 1
20 128 4
20 138 3
20 140 1
20 142 1
20 150 5
20 169 1
21 22 1
21 25 1
21 26 2
21 36 1
21 37 1
21 40 1
21 43 1
21 44 1
21 69 1
21 160 1
21 199 1
22 5 1
22 25 1
22 40 2
22 48 1
22 49 1
22 53 1
22 55 1
22 59 1
22 60 1
22 86 1
22 101 2
22 107 1
22 130 1
22 172 2
23 13 1
23 17 1
23 34 1
23 36 1
23 48 1
23 153 1
23 168 1
24 4 1
24 6 2
24 27 1
24 35 1
24 36 1
24 43 1
24 53 1
24 58 1
24 78 1
24 79 1
24 80 1
24 86 1
24 94 1
24 106 3
24 116 1
24 117 4
24 127 1
24 153 1
24 159 1
24 165 2
25 48 1
25 55 1
25 59 1
25 68 2
25 109 1
25 110 1
25 138 1
25 151 1
26 20 2
26 24 1
26 33 1
26 34 1
26 35 1
26 37 1
26 38 1
26 40 1
26 43 1
26 45 1
26 48 1
26 63 1
26 65 1
26 69 1
26 70 1
26 79 1
26 80 1
26 84 1
26 87 1
26 97 1
26 101 3
26 105 1
26 106 1
26 115 1
26 123 1
26 132 2
26 144 1
26 150 1
26 199 1
27 20 1
27 23 1
27 30 1
27 36 4
27 39 1
27 51 1
27 53 1
27 55 1
27 61 1
27 72 1
27 81 1
27 87 1
27 89 1
27 99 1
27 100 1
27 101 1
27 105 2
27 106 3
27 162 1
27 170 1
27 178 1
28 19 1
28 22 1
28 26 1
28 36 1
28 73 2
28 105 1
28 107 1
28 110 1
28 119 1
28 127 1
28 132 1
28 193 2
29 28 1
29 32 1
29 59 1
29 85 1
29 107 1
29 112 1
29 131 1
29 144 1
29 162 1
29 193 1
30 0 1
30 4 1
30 8 2
30 26 1
30 37 1
30 38 1
30 41 1
30 48 1
30 52 1
30 81 1
30 102 1
30 132 1
30 172 1
30 201 1
31 25 1
31 35 1
31 46 2
31 59 1
31 68 1
31 85 1
31 87 1
31 144 1
31 186 1
32 19 1
33 28 1
33 42 1
33 61 1
33 159 1
34 7 1
34 29 1
34 31 1
34 35 1
34 50 1
34 59 1
34 62 1
34 74 1
34 83 1
34 86 1
34 88 2
34 91 1
34 93 1
34 101 1
34 105 2
34 114 1
34 115 1
34 124 1
34 132 1
34 141 1
34 144 1
34 145 1
34 154 1
34 166 1
34 168 1
34 173 1
34 180 2
34 189 1
34 204 1
35 2 1
35 37 1
35 40 1
35 45 1
35 48 1
35 52 1
35 59 1
35 73 1
35 82 1
35 86 1
35 93 1
35 101 1
35 111 1
35 131 1
35 140 1
35 144 1
35 147 1
35 191 1
35 193 1
36 34 1
36 37 1
36 39 1
36 48 1
36 51 1
36 65 1
36 69 1
36 73 2
36 79 2
36 87 1
36 112 1
36 151 1
37 48 1
37 50 1
37 69 1
37 98 1
37 105 1
37 123 1
37 124 1
37 130 1
38 33 1
38 50 1
38 69 1
39 25 2
39 34 2
39 50 1
39 69 1
39 71 2
39 73 2
39 74 1
39 81 1
39 84 1
39 96 1
39 99 1
39 114 1
39 119 2
39 129 1
39 136 1
39 149 1
39 166 1
39 188 1
40 10 1
40 34 1
40 39 1
40 53 1
40 54 1
40 65 1
40 66 1
40 71 1
40 74 2
40 80 1
40 83 1
40 99 1
40 101 1
40 104 1
40 108 1
40 115 1
40 122 1
40 123 1
40 132 2
40 144 1
40 156 1
40 159 1
40 172 2
40 174 1
40 203 1
41 23 1
41 39 1
41 42 1
41 66 2
41 70 1
41 71 1
41 76 1
41 80 1
41 84 1
41 97 1
41 101 1
41 109 1
41 119 1
41 166 1
41 190 3
41 204 1
42 36 1
42 178 1
42 179 1
43 6 2
43 33 1
43 59 1
43 61 1
43 71 1
43 79 1
43 83 1
43 103 1
43 104 1
43 118 1
43 162 1
43 185 1
44 123 1
44 135 1
44 160 2
44 174 1
45 54 1
45 64 1
45 65 4
45 79 1
45 90 1
45 92 1
45 128 3
45 139 2
45 188 1
46 56 1
46 110 1
46 142 1
46 146 1
47 26 1
47 39 1
47 49 2
47 82 1
47 97 1
47 103 1
47 105 1
47 122 1
47 151 1
47 172 1
47 190 1
47 193 1
48 34 1
48 119 2
49 1 1
49 8 1
49 24 1
49 28 1
49 50 1
49 73 1
49 74 1
49 79 1
49 127 1
49 180 2
49 189 2
50 61 1
50 84 1
50 119 1
50 127 1
50 176 1
50 182 1
51 76 1
51 96 1
51 108 1
51 109 1
51 112 1
51 122 2
51 127 1
51 151 1
51 152 1
51 159 1
51 169 1
52 105 1
52 119 1
53 85 1
53 88 1
53 89 1
53 108 1
53 111 1
53 117 1
53 149 1
53 155 1
53 172 1
53 175 1
54 0 1
54 2 1
54 17 1
54 36 1
54 56 1
54 67 1
54 79 4
54 90 1
54 92 1
54 93 3
54 94 1
54 98 1
54 125 1
54 126 1
54 128 1
54 138 1
54 139 2
54 142 3
54 145 1
54 171 1
54 188 2
55 6 1
55 24 1
55 40 1
55 50 1
55 51 1
55 68 2
55 73 1
55 118 1
55 135 1
56 64 1
56 65 2
56 79 1
56 93 2
56 94 3
56 98 2
56 139 1
56 145 1
56 170 1
56 171 1
56 188 1
57 51 1
58 36 1
58 87 1
58 89 1
58 91 1
58 110 1
58 129 1
58 147 1
58 154 1
58 155 1
58 187 1
60 57 1
60 73 1
60 84 1
60 124 1
60 183 1
60 202 1
61 73 1
61 85 1
61 104 1
62 127 1
62 184 1
63 142 1
63 182 1
64 65 1
64 79 1
64 93 1
65 90 1
65 126 1
65 138 1
66 10 1
66 107 1
66 108 1
66 116 1
67 122 1
67 159 1
67 162 1
67 200 1
68 24 1
68 113 1
68 164 1
69 3 1
69 82 1
69 103 1
69 131 1
69 142 1
69 171 1
69 196 1
70 79 1
70 84 1
70 109 1
70 124 1
70 187 1
70 198 1
70 204 1
71 87 1
71 97 1
71 104 1
71 108 1
71 157 1
71 183 1
71 185 1
71 202 1
72 70 1
72 112 1
72 176 1
73 104 1
73 132 1
73 159 1
73 162 1
73 195 1
73 197 1
74 47 1
74 69 1
74 114 1
75 129 1
75 145 1
75 181 1
75 200 1
76 147 1
76 170 1
76 194 1
77 64 1
77 197 1
78 64 1
78 199 1
79 58 1
79 90 1
79 91 1
79 94 1
79 142 1
79 147 1
79 150 1
79 188 1
80 87 1
80 115 1
80 147 1
81 152 1
81 195 1
81 200 1
82 9 1
82 95 1
82 105 1
82 111 1
82 145 1
82 168 1
82 175 1
82 178 1
82 186 1
82 204 1
84 102 2
84 116 1
84 127 1
84 177 1
84 178 1
84 185 1
84 190 1
84 204 1
85 62 2
85 110 1
85 159 1
86 184 1
87 73 1
87 88 1
87 147 1
88 79 1
88 159 1
88 172 1
89 59 1
89 71 1
89 167 1
89 172 1
89 187 1
89 192 1
90 93 1
90 98 1
90 128 1
91 39 1
91 50 1
91 106 1
91 117 1
91 152 1
91 161 1
91 164 1
91 194 1
91 197 2
92 127 1
92 142 3
93 98 1
93 142 3
94 98 1
94 128 1
95 56 1
95 100 1
96 43 1
96 109 1
96 151 1
96 196 1
96 203 1
97 108 1
97 204 1
98 101 1
99 120 1
99 144 1
101 50 1
102 60 1
102 152 1
102 178 1
102 187 2
102 196 1
103 105 1
104 39 1
104 83 1
105 129 1
105 154 1
105 191 1
107 101 1
107 151 1
108 92 1
108 158 1
109 76 1
109 187 1
110 27 1
110 67 1
110 157 1
110 174 1
110 190 1
110 202 1
111 169 1
111 200 1
116 74 1
116 110 1
116 138 1
116 192 1
118 82 1
119 17 1
119 176 1
119 186 1
120 200 1
122 124 1
122 137 1
122 175 1
122 188 1
123 8 1
123 166 1
124 106 1
124 176 1
124 180 1
125 94 1
125 138 1
125 171 1
127 6 1
127 81 1
127 140 1
127 186 1
127 196 3
128 171 1
129 166 1
135 151 1
135 194 1
136 146 1
136 191 1
136 201 1
138 171 3
138 197 1
139 204 1
141 159 1
146 49 1
149 186 1
149 202 1
150 139 1
152 96 1
154 192 1
155 117 1
159 127 1
159 202 1
161 162 1
165 37 1
165 187 1
173 204 1
175 204 1
177 104 1
177 203 1
188 126 1
189 117 1
190 200 1
191 193 1
205 0 3
205 1 3
205 2 3
205 3 3
205 4 1
205 5 4
205 6 5
205 10 4
205 11 4
205 12 1
205 13 1
205 14 2
205 15 4
205 16 4
205 17 2
205 18 5
205 19 1
205 20 3
205 21 1
205 22 2
205 23 2
205 24 1
205 25 1
205 26 1
205 29 2
205 30 2
205 31 7
205 32 1
205 33 1
205 34 4
205 35 2
205 36 5
205 37 3
205 39 2
205 44 2
205 45 5
205 46 1
205 48 1
205 49 2
205 50 4
205 51 3
205 52 4
205 54 3
205 55 2
205 57 4
205 58 1
205 59 1
205 60 1
205 61 3
205 63 1
205 64 6
205 65 6
205 66 1
205 67 2
205 69 4
205 70 1
205 71 1
205 73 3
205 74 1
205 77 4
205 78 1
205 79 4
205 80 2
205 81 1
205 82 2
205 83 1
205 84 2
205 87 2
205 90 6
205 91 1
205 92 2
205 93 6
205 94 5
205 95 1
205 97 3
205 98 10
205 99 2
205 101 1
205 102 1
205 104 1
205 106 3
205 109 3
205 110 6
205 112 1
205 113 1
205 114 4
205 115 3
205 117 2
205 118 1
205 119 5
205 123 1
205 124 1
205 125 1
205 126 3
205 128 1
205 129 1
205 132 3
205 133 2
205 136 1
205 137 1
205 138 3
205 139 8
205 140 1
205 141 1
205 142 6
205 143 1
205 144 1
205 145 1
205 146 1
205 148 1
205 150 3
205 151 1
205 154 3
205 155 1
205 157 1
205 159 1
205 161 1
205 162 2
205 165 2
205 166 1
205 168 1
205 171 2
205 172 1
205 173 2
205 174 4
205 177 1
205 185 1
205 186 2
205 187 2
205 188 2
205 195 2
205 197 1
205 198 1
205 199 4
205 200 1
205 204 1
