1 0 1
3 2 1
5 4 1
7 6 5
11 10 1
13 12 3
14 15 3
2 5 1
1 16 2
6 17 1
4 3 1
15 8 2
14 7 3
10 9 1
0 18 3
13 19 5
1 18 1
17 16 1
11 9 2
3 15 2
13 5 7
0 4 2
14 19 5
13 7 8
14 8 4
10 2 1
11 3 2
19 18 2
16 0 2
4 6 1
4 1 1
5 16 5
9 7 3
17 8 2
15 12 4
6 18 2
14 0 3
13 11 2
3 10 5
19 2 4
5 7 3
11 15 3
2 18 4
14 17 1
4 16 4
13 10 2
19 8 3
3 9 2
1 8 2
14 16 7
2 17 5
13 9 3
12 3 4
4 18 1
11 7 7
0 6 7
5 19 2
13 2 1
14 1 4
9 15 3
16 6 1
10 0 1
7 8 1
5 3 2
19 4 5
12 18 6
12 1 1
3 7 2
2 9 3
8 4 3
5 10 2
19 16 3
17 0 6
14 13 6
11 6 4
5 11 2
13 17 1
14 18 4
16 9 2
15 7 2
2 12 1
0 8 3
19 6 1
4 10 5
5 12 4
9 1 1
11 16 2
15 2 1
13 3 2
17 4 1
14 6 2
7 10 5
19 0 4
18 8 1
17 18 1
14 4 4
5 9 1
6 10 2
0 3 1
13 15 3
12 7 1
8 16 1
2 11 4
19 1 2
0 5 1
17 7 1
11 18 4
4 13 3
9 6 2
10 16 3
3 8 2
19 12 3
14 2 3
15 1 2
13 1 5
15 16 1
14 9 9
11 4 1
12 6 1
19 7 6
5 8 3
10 17 1
18 3 1
0 2 2
5 17 2
13 18 8
9 4 1
15 0 5
8 12 1
10 19 1
16 3 1
12 16 4
0 7 5
4 15 2
11 8 1
10 18 2
2 1 2
13 6 4
19 3 1
7 16 2
9 18 1
5 1 4
17 15 3
13 0 6
14 10 3
4 12 1
3 6 3
8 2 1
4 7 4
2 16 1
13 8 4
17 3 4
14 12 4
5 18 3
19 9 1
6 15 3
7 18 1
13 16 1
0 9 1
8 10 2
19 15 2
3 14 1
17 12 3
19 17 1
16 18 2
