0 1 5
5 4 8
7 6 1
8 9 5
13 12 1
15 14 5
17 16 1
15 6 2
16 11 2
15 2 1
17 0 2
14 13 2
5 10 2
3 8 1
18 7 1
12 4 2
8 16 1
10 0 1
18 9 2
2 11 1
17 13 2
18 13 5
11 5 2
0 8 4
17 14 8
10 1 1
4 15 1
12 7 3
9 19 3
3 6 4
16 2 1
15 7 5
13 11 4
16 5 3
19 10 3
0 14 1
17 9 2
12 18 2
2 1 1
3 4 1
15 18 2
16 13 2
12 0 3
3 17 1
9 1 8
6 2 1
19 14 2
10 4 1
15 1 4
12 19 2
8 4 2
18 10 6
16 14 1
7 9 2
17 2 4
3 11 6
0 11 1
9 6 1
17 7 4
18 1 1
5 14 2
15 3 2
12 8 2
10 13 3
16 4 2
19 2 3
18 4 2
11 1 1
12 5 1
6 0 2
10 14 1
2 8 1
3 13 2
16 0 1
17 18 1
11 19 6
15 5 2
14 3 1
12 10 1
9 2 6
8 13 5
18 0 1
17 11 4
1 6 1
7 4 3
3 12 1
10 2 1
18 3 2
9 14 7
12 11 6
5 2 2
17 1 3
13 4 1
16 6 1
19 0 2
10 7 1
18 11 1
1 16 1
17 4 4
8 19 3
14 6 4
12 15 2
9 5 5
3 10 3
11 6 2
4 19 2
15 0 3
17 10 1
5 8 1
12 14 3
3 0 2
13 9 1
16 12 2
11 4 1
17 6 2
7 8 1
1 19 1
2 14 2
18 8 3
11 7 2
13 6 3
15 19 3
1 5 1
16 3 1
9 10 1
19 6 2
11 9 1
17 19 3
12 2 6
16 7 1
3 5 2
10 8 2
18 6 6
9 0 6
12 6 3
2 4 2
19 13 1
3 7 1
1 8 3
16 10 3
18 14 4
15 11 9
17 5 1
18 2 5
14 11 3
0 5 2
17 8 2
10 6 1
3 19 2
15 16 2
9 4 4
13 15 1
18 19 1
