10 14 1
12 13 5
17 9 5
2 8 1
11 4 5
15 3 2
0 7 2
18 6 1
1 16 1
2 17 7
10 19 1
6 3 2
18 7 2
16 8 4
1 0 4
11 3 6
6 0 1
8 9 1
12 19 4
17 13 1
18 10 10
4 7 1
2 15 3
16 5 3
14 1 1
1 9 3
2 7 4
18 11 3
0 17 1
16 6 1
14 15 4
4 10 2
12 3 3
13 19 2
1 7 8
12 11 2
9 3 1
2 0 8
17 8 4
18 16 4
14 6 2
11 10 3
14 3 3
9 0 1
7 17 1
6 8 1
1 5 4
2 16 2
4 13 4
18 12 2
19 15 1
9 6 2
13 14 2
11 15 5
1 8 5
4 3 2
18 0 6
16 7 3
2 10 6
17 19 2
12 5 2
16 9 1
8 10 1
18 17 1
3 19 3
11 13 3
2 1 4
15 5 1
12 14 2
11 6 2
2 14 5
18 9 5
16 3 3
0 5 2
1 17 2
13 7 2
12 10 3
17 6 1
10 7 3
2 13 5
3 8 1
4 9 1
1 18 1
12 15 1
11 5 2
11 16 2
2 9 5
7 8 5
15 1 2
18 13 2
3 10 4
5 17 1
12 6 4
5 14 1
14 9 5
13 3 2
12 7 5
11 19 4
2 18 2
0 8 1
4 5 1
15 10 1
14 7 3
2 19 6
5 8 3
18 4 1
11 17 1
13 9 5
0 3 2
16 10 11
15 13 1
4 8 3
0 13 3
8 12 1
18 3 8
5 7 1
10 17 1
2 11 5
1 4 3
6 19 2
11 0 4
14 8 5
1 13 1
12 2 3
3 7 3
18 5 7
6 10 2
16 4 1
15 17 1
5 6 1
12 9 2
15 7 3
4 2 1
13 8 1
14 18 1
19 16 2
11 1 2
9 5 3
18 19 4
14 17 2
11 7 2
2 3 6
16 12 4
11 8 4
14 0 1
16 13 4
12 17 1
1 3 1
2 5 3
19 7 3
2 6 3
9 7 1
16 15 2
1 19 2
12 0 2
4 17 2
5 3 2
13 10 1
11 14 3
18 8 6
0 15 2
4 12 4
11 9 4
9 10 4
