1 0 1
2 3 3
5 4 2
6 7 2
9 8 5
11 10 2
12 13 4
14 15 4
17 16 3
18 19 6
2 1 1
0 7 4
19 12 2
18 13 1
17 8 3
14 9 2
5 13 1
16 6 2
18 15 4
11 4 1
3 12 3
0 17 2
2 9 4
8 10 1
19 1 2
15 13 4
9 16 4
18 3 1
0 6 5
17 4 1
12 11 2
2 8 1
14 7 4
2 11 2
19 15 2
1 4 4
10 6 1
5 12 2
0 3 1
17 13 2
8 16 2
18 9 6
18 1 3
13 7 3
9 10 2
11 16 3
0 8 1
14 17 4
4 3 1
2 6 3
5 19 4
19 13 4
3 7 2
1 15 2
2 16 2
18 5 3
14 4 2
11 8 3
12 17 5
0 10 1
0 4 5
14 13 4
5 15 3
2 19 1
3 10 1
8 6 6
18 12 4
17 1 5
7 16 3
5 1 3
0 16 4
2 10 3
13 4 1
11 7 5
14 18 2
6 19 4
12 8 2
17 15 1
2 0 2
9 7 2
15 6 3
18 4 7
14 19 1
12 1 2
8 13 2
17 5 1
1 13 2
16 5 1
2 7 5
11 15 4
9 0 1
6 18 1
17 19 3
0 11 2
2 5 4
8 7 3
16 15 2
19 4 1
3 6 1
14 12 3
9 13 2
18 17 10
1 10 1
1 6 1
0 13 5
5 3 4
4 16 1
12 7 2
14 11 5
18 8 4
17 9 1
16 12 2
0 15 5
17 7 3
2 4 5
5 9 3
1 11 1
8 19 4
18 10 3
16 13 5
2 12 4
9 19 3
18 11 3
14 3 2
17 6 5
4 10 1
5 0 3
7 1 3
15 8 1
13 10 1
5 7 5
3 15 1
18 0 3
11 19 4
12 6 1
9 1 6
8 4 3
2 17 9
19 16 4
18 7 7
2 13 5
9 12 4
3 1 4
4 6 2
15 10 2
17 11 2
5 8 2
14 0 6
16 1 2
11 13 2
14 8 2
9 15 3
19 3 3
7 4 2
0 12 4
8 1 3
6 13 4
15 7 6
18 16 3
9 4 5
10 12 1
14 2 3
11 5 1
0 19 4
17 3 4
