1 0 1
3 2 3
4 5 8
7 6 2
9 8 1
11 10 2
13 12 2
16 17 3
15 11 8
7 0 1
1 12 3
8 13 2
5 6 2
2 18 5
4 10 7
16 3 2
17 19 5
15 0 1
3 11 3
4 13 2
16 18 5
10 8 1
17 12 3
19 1 1
7 2 1
9 6 4
15 2 2
16 1 1
3 12 1
9 0 1
11 17 2
4 18 5
6 10 2
14 7 5
13 19 1
2 19 1
3 0 1
18 13 3
8 12 2
5 7 4
4 11 6
14 16 1
9 10 3
5 15 1
10 7 1
0 11 1
1 3 1
14 6 2
4 9 1
18 8 1
16 2 1
13 17 5
1 7 2
13 0 3
16 6 2
8 19 2
2 5 2
18 3 2
10 12 3
11 14 2
9 17 3
15 7 4
13 2 1
8 3 2
16 5 1
17 10 1
18 12 2
9 11 2
1 14 2
6 0 3
7 11 3
4 12 1
6 19 2
1 8 1
3 5 2
17 18 6
0 14 1
15 9 3
16 13 2
15 18 4
4 0 3
13 1 1
3 10 2
16 8 2
14 2 2
17 6 4
7 18 1
1 11 2
2 8 1
6 13 1
17 15 1
14 4 3
9 5 5
8 6 1
19 11 1
4 3 1
2 1 2
16 9 1
0 17 1
15 12 4
16 19 2
3 17 1
8 0 3
18 11 2
10 5 1
2 12 2
6 4 1
15 1 2
8 15 1
4 7 1
12 11 3
2 17 4
14 18 1
16 10 6
13 5 3
19 0 1
9 3 3
1 6 2
15 19 1
11 2 1
5 1 4
3 7 2
16 0 6
9 13 3
18 10 1
12 6 3
8 14 3
15 3 1
8 7 1
0 12 4
1 4 1
9 2 3
10 13 1
6 18 4
5 17 2
14 19 2
3 6 3
14 17 1
11 13 1
9 18 3
4 8 1
12 7 1
6 2 2
1 9 2
16 7 5
9 19 3
3 13 4
11 6 1
8 17 2
0 5 4
4 2 5
14 12 2
15 10 3
16 11 3
19 10 1
14 3 4
17 7 3
12 5 2
11 8 2
13 15 1
19 18 1
