0 1 83.1
0 3 86.1
0 6 91.1
0 11 163.2
0 17 168.2
0 32 84.1
0 44 150.2
0 46 179.2
0 51 179.2
0 55 146.2
0 98 70.1
0 110 151.2
0 129 90.1
0 147 88.1
0 151 146.2
0 156 79.1
0 159 73.1
0 166 90.1
0 176 79.1
0 208 150.2
0 235 91.1
1 0 73.1
1 15 73.1
1 18 163.2
1 22 75.1
1 28 148.2
1 41 161.2
1 50 160.2
1 75 72.1
1 77 143.2
1 78 104.1
1 112 59.1
1 115 116.1
1 123 59.1
1 139 72.1
1 156 67.1
1 160 170.2
1 204 142.2
1 207 66.1
1 209 73.1
1 212 86.1
1 270 86.1
1 290 75.1
1 298 103.1
2 3 77.1
2 4 83.1
2 6 72.1
2 8 172.2
2 9 66.1
2 16 159.2
2 28 60.1
2 48 174.2
2 72 88.1
2 83 256.29999999999995
2 102 201.29999999999998
2 105 157.2
2 122 162.2
2 123 70.1
2 126 256.29999999999995
2 138 67.1
2 189 82.1
2 237 69.1
2 256 87.1
2 266 87.1
2 281 89.1
2 291 91.1
3 0 79.1
3 2 61.1
3 5 80.1
3 13 116.2
3 16 88.1
3 31 65.1
3 57 84.1
3 61 68.1
3 67 145.2
3 86 124.19999999999999
3 100 64.1
3 109 77.1
3 120 82.1
3 121 73.1
3 135 163.2
3 139 151.2
3 143 160.2
3 151 60.1
3 153 111.19999999999999
3 160 69.1
3 164 123.19999999999999
3 227 80.1
3 239 84.1
4 2 72.1
4 22 72.1
4 26 119.2
4 33 197.2
4 69 151.2
4 70 124.19999999999999
4 77 71.1
4 78 265.29999999999995
4 99 67.1
4 113 69.1
4 119 200.2
4 164 63.1
4 194 85.1
4 206 148.2
4 207 87.1
4 209 84.1
4 214 77.1
4 228 84.1
4 270 99.1
4 294 87.1
4 295 107.1
5 3 62.1
5 32 174.2
5 54 86.1
5 71 79.1
5 130 66.1
5 133 102.1
5 135 62.1
5 161 190.2
5 169 60.1
5 175 235.29999999999998
5 199 169.2
5 200 163.2
5 214 100.1
5 221 88.1
5 251 216.29999999999998
5 257 78.1
5 265 85.1
5 286 81.1
5 302 225.2
6 0 81.1
6 2 94.1
6 7 74.1
6 10 256.29999999999995
6 12 151.2
6 30 164.2
6 42 72.1
6 52 133.2
6 75 81.1
6 85 144.2
6 88 77.1
6 98 147.2
6 103 177.2
6 121 81.1
6 145 167.2
6 163 56.1
6 176 83.1
6 181 106.1
6 195 88.1
6 239 88.1
6 243 104.1
6 264 113.1
7 6 49.1
7 10 62.1
7 14 59.1
7 16 59.1
7 23 47.1
7 60 62.1
7 69 74.1
7 75 58.1
7 90 200.29999999999998
7 92 65.1
7 104 140.2
7 138 151.3
7 149 57.1
7 153 54.1
7 156 49.1
7 195 72.1
7 206 41.1
7 211 114.2
7 213 60.1
7 231 115.2
7 238 53.1
7 254 68.1
7 278 146.2
8 2 160.2
8 10 131.2
8 14 89.1
8 15 71.1
8 16 157.2
8 44 87.1
8 48 138.2
8 59 96.1
8 83 171.2
8 91 83.1
8 99 72.1
8 102 125.19999999999999
8 105 212.29999999999998
8 122 162.2
8 123 85.1
8 126 166.2
8 139 92.1
8 163 66.1
8 168 66.1
8 218 99.1
9 2 71.1
9 10 65.1
9 11 78.1
9 38 135.2
9 68 80.1
9 86 49.1
9 87 157.2
9 96 143.2
9 106 49.1
9 111 75.1
9 133 66.1
9 139 77.1
9 144 135.2
9 197 149.2
9 202 140.2
9 208 50.1
9 221 216.29999999999998
9 279 79.1
9 280 98.1
10 6 223.29999999999998
10 7 56.1
10 8 153.2
10 9 77.1
10 12 132.2
10 30 160.2
10 42 83.1
10 52 170.2
10 85 76.1
10 88 147.2
10 98 72.1
10 103 69.1
10 145 152.2
10 153 66.1
10 157 71.1
10 163 155.2
10 164 67.1
10 176 76.1
10 189 70.1
10 198 91.1
10 245 80.1
10 254 90.1
11 0 155.2
11 9 69.1
11 15 71.1
11 16 66.1
11 17 160.2
11 44 130.2
11 46 160.2
11 51 174.2
11 55 166.2
11 69 70.1
11 72 76.1
11 85 83.1
11 100 89.1
11 110 162.2
11 126 73.1
11 144 92.1
11 151 169.2
11 153 68.1
11 184 109.1
11 208 137.2
11 229 79.1
12 6 140.2
12 10 151.2
12 13 95.1
12 30 73.1
12 42 165.2
12 48 76.1
12 52 63.1
12 63 86.1
12 85 170.2
12 88 182.2
12 98 164.2
12 103 176.2
12 122 79.1
12 135 86.1
12 145 166.2
12 163 69.1
12 170 93.1
12 176 155.2
12 178 102.1
12 191 116.1
12 241 102.1
12 252 77.1
12 283 86.1
13 3 132.2
13 12 101.1
13 16 81.1
13 21 98.1
13 26 56.1
13 31 156.2
13 35 78.1
13 67 168.2
13 86 87.1
13 108 78.1
13 109 154.2
13 119 100.1
13 135 149.2
13 139 143.2
13 143 88.1
13 153 140.2
13 164 117.2
13 181 79.1
13 214 110.1
13 219 93.1
13 285 104.1
13 288 82.1
14 7 67.1
14 8 71.1
14 41 75.1
14 43 77.1
14 50 79.1
14 56 153.2
14 72 147.2
14 75 75.1
14 94 138.2
14 106 75.1
14 121 84.1
14 122 78.1
14 156 63.1
14 179 130.2
14 190 88.1
14 210 137.2
14 224 79.1
14 237 100.1
14 245 86.1
14 253 62.1
14 294 82.1
14 304 113.1
15 1 80.1
15 8 63.1
15 11 75.1
15 18 141.2
15 22 125.19999999999999
15 28 144.2
15 36 77.1
15 41 190.2
15 48 61.1
15 50 71.1
15 52 74.1
15 77 69.1
15 81 70.1
15 112 144.2
15 123 134.2
15 132 75.1
15 160 68.1
15 168 80.1
15 204 55.1
15 212 93.1
15 293 87.1
15 298 96.1
15 303 97.1
16 2 152.2
16 3 84.1
16 7 58.1
16 8 150.2
16 11 85.1
16 13 88.1
16 48 145.2
16 67 65.1
16 83 150.2
16 102 119.19999999999999
16 105 131.2
16 122 178.2
16 126 229.29999999999998
16 135 70.1
16 157 79.1
16 162 75.1
16 205 69.1
16 216 71.1
16 271 84.1
16 283 87.1
16 291 107.1
17 0 140.2
17 11 144.2
17 20 73.1
17 32 98.1
17 44 135.2
17 45 88.1
17 46 150.2
17 51 175.2
17 55 146.2
17 98 75.1
17 110 133.2
17 151 147.2
17 197 72.1
17 199 134.2
17 208 137.2
17 279 90.1
17 302 90.1
18 1 178.2
18 15 130.2
18 22 73.1
18 27 82.1
18 28 73.1
18 41 84.1
18 50 137.2
18 72 82.1
18 77 184.3
18 112 62.1
18 123 89.1
18 125 63.1
18 136 91.1
18 160 162.2
18 179 54.1
18 185 59.1
18 204 138.2
18 228 83.1
18 254 70.1
18 267 84.1
18 277 82.1
18 290 80.1
18 303 73.1
19 49 66.1
19 50 72.1
19 82 129.2
19 86 54.1
19 96 66.1
19 124 187.3
19 144 68.1
19 157 64.1
19 172 163.2
19 180 75.1
19 181 212.29999999999998
19 192 80.1
19 211 54.1
19 231 55.1
19 239 77.1
19 241 80.1
19 255 161.2
19 292 157.2
20 17 62.1
20 63 197.29999999999998
20 73 209.29999999999998
20 84 127.19999999999999
20 88 63.1
20 114 72.1
20 118 82.1
20 131 64.1
20 146 126.19999999999999
20 154 68.1
20 181 127.19999999999999
20 182 211.29999999999998
20 231 130.2
20 240 121.19999999999999
20 256 123.2
20 258 75.1
20 259 73.1
21 13 66.1
21 26 62.1
21 49 130.2
21 58 121.2
21 68 124.19999999999999
21 79 81.1
21 108 142.2
21 125 80.1
21 132 134.2
21 165 158.2
21 169 50.1
21 189 111.2
21 213 137.2
21 228 75.1
21 230 77.1
21 236 70.1
21 269 164.2
21 295 94.1
22 1 60.1
22 4 76.1
22 15 133.2
22 18 70.1
22 23 75.1
22 28 202.29999999999998
22 41 156.2
22 50 65.1
22 69 54.1
22 77 66.1
22 94 58.1
22 97 78.1
22 102 53.1
22 112 136.2
22 122 52.1
22 123 116.19999999999999
22 138 58.1
22 160 73.1
22 204 134.2
22 248 71.1
22 273 83.1
23 7 64.1
23 22 66.1
23 24 80.1
23 27 76.1
23 56 72.1
23 60 154.2
23 78 77.1
23 90 76.1
23 94 71.1
23 104 158.2
23 126 81.1
23 138 151.2
23 149 135.2
23 195 171.2
23 199 84.1
23 211 163.2
23 231 87.1
23 241 81.1
23 254 162.2
23 264 98.1
23 278 77.1
24 23 73.1
24 27 86.1
24 60 65.1
24 64 74.1
24 65 71.1
24 74 69.1
24 84 62.1
24 125 77.1
24 137 95.1
24 162 67.1
24 171 83.1
24 182 69.1
24 203 148.2
24 207 122.19999999999999
24 216 78.1
24 256 64.1
24 266 62.1
24 271 136.2
24 277 175.2
24 289 84.1
25 34 151.2
25 39 182.2
25 43 72.1
25 54 171.2
25 58 84.1
25 60 78.1
25 67 81.1
25 78 89.1
25 90 74.1
25 129 227.29999999999998
25 130 144.2
25 133 177.2
25 169 168.3
25 202 80.1
25 235 66.1
25 250 164.2
25 265 141.2
26 4 137.2
26 13 50.1
26 21 65.1
26 33 211.29999999999998
26 56 69.1
26 69 176.29999999999998
26 70 142.2
26 78 208.29999999999998
26 91 82.1
26 106 56.1
26 119 149.2
26 128 50.1
26 164 60.1
26 191 70.1
26 206 125.19999999999999
26 212 75.1
26 230 71.1
26 233 63.1
26 265 70.1
26 274 77.1
27 18 71.1
27 23 68.1
27 24 88.1
27 47 206.29999999999998
27 53 138.2
27 56 41.1
27 64 161.2
27 68 86.1
27 91 151.2
27 155 146.2
27 159 72.1
27 162 189.29999999999998
27 166 64.1
27 188 72.1
27 194 55.1
27 222 88.1
27 223 128.2
27 232 107.2
27 289 122.19999999999999
28 1 183.2
28 2 83.1
28 15 221.2
28 18 88.1
28 22 271.29999999999995
28 41 178.2
28 50 84.1
28 72 89.1
28 77 147.2
28 92 90.1
28 112 151.2
28 123 168.2
28 126 96.1
28 135 89.1
28 137 118.1
28 138 82.1
28 152 74.1
28 160 129.1
28 178 124.1
28 182 106.1
28 204 90.1
28 288 96.1
29 31 56.1
29 34 72.1
29 50 73.1
29 97 77.1
29 123 68.1
29 136 177.2
29 167 144.2
29 177 150.2
29 190 238.29999999999998
29 224 59.1
29 230 134.2
29 252 65.1
29 253 162.2
29 266 57.1
29 268 174.2
29 269 71.1
29 291 87.1
29 303 144.2
30 6 129.2
30 10 130.2
30 12 52.1
30 42 96.1
30 52 58.1
30 85 143.2
30 88 120.19999999999999
30 98 126.19999999999999
30 103 137.2
30 105 52.1
30 112 54.1
30 131 69.1
30 145 143.2
30 163 66.1
30 176 132.2
30 224 137.2
30 244 81.1
30 267 77.1
30 296 81.1
31 3 62.1
31 13 135.2
31 29 92.1
31 33 176.2
31 49 64.1
31 55 67.1
31 67 136.2
31 86 126.19999999999999
31 105 66.1
31 109 116.2
31 114 70.1
31 135 66.1
31 139 118.19999999999999
31 143 143.2
31 153 135.2
31 156 50.1
31 164 123.2
31 237 87.1
31 264 86.1
31 273 82.1
31 299 93.1
32 0 66.1
32 5 164.2
32 17 87.1
32 63 92.1
32 96 70.1
32 110 64.1
32 140 70.1
32 142 74.1
32 161 143.2
32 175 138.2
32 199 236.29999999999998
32 200 174.2
32 229 70.1
32 251 135.2
32 261 87.1
32 264 75.1
32 302 147.2
33 4 176.2
33 26 184.3
33 31 176.2
33 58 88.1
33 65 96.1
33 69 144.2
33 70 138.2
33 77 66.1
33 78 174.2
33 99 85.1
33 108 104.1
33 110 213.2
33 119 143.2
33 140 87.1
33 206 123.19999999999999
33 222 88.1
33 235 69.1
33 244 94.1
33 258 72.1
33 300 82.1
34 25 166.2
34 29 107.1
34 39 254.29999999999998
34 51 86.1
34 54 171.2
34 59 91.1
34 101 76.1
34 129 145.2
34 130 145.2
34 133 265.29999999999995
34 169 186.29999999999998
34 186 72.1
34 226 160.2
34 250 128.2
34 260 95.1
34 265 128.2
34 284 80.1
35 13 51.1
35 68 65.1
35 71 137.2
35 76 126.19999999999999
35 103 69.1
35 104 103.1
35 128 60.1
35 154 154.2
35 158 159.2
35 162 90.1
35 178 86.1
35 188 152.2
35 195 80.1
35 220 77.1
35 227 221.29999999999998
35 258 142.2
35 259 110.2
35 274 94.1
35 287 148.2
36 15 78.1
36 44 64.1
36 59 62.1
36 69 63.1
36 71 76.1
36 82 56.1
36 99 144.2
36 107 58.1
36 113 180.29999999999998
36 147 116.2
36 159 133.2
36 170 80.1
36 178 216.29999999999998
36 200 73.1
36 209 140.2
36 228 167.2
36 231 62.1
36 280 78.1
36 287 65.1
37 43 48.1
37 75 51.1
37 101 169.2
37 107 121.2
37 116 89.1
37 127 135.2
37 161 85.1
37 184 137.2
37 186 132.2
37 201 79.1
37 228 82.1
37 262 155.2
37 290 159.2
37 294 172.2
37 295 213.29999999999998
38 9 126.19999999999999
38 39 69.1
38 40 73.1
38 45 81.1
38 69 71.1
38 85 63.1
38 87 192.29999999999998
38 96 120.2
38 111 78.1
38 142 66.1
38 144 116.19999999999999
38 161 67.1
38 193 72.1
38 197 112.2
38 202 196.29999999999998
38 221 161.2
38 261 77.1
38 264 84.1
39 25 182.2
39 34 227.29999999999998
39 38 65.1
39 54 151.2
39 109 56.1
39 129 144.2
39 130 161.2
39 133 156.2
39 143 83.1
39 169 133.2
39 193 80.1
39 202 62.1
39 229 83.1
39 250 238.29999999999998
39 264 85.1
39 265 148.2
40 38 76.1
40 45 146.2
40 96 78.1
40 100 120.19999999999999
40 111 138.2
40 119 71.1
40 121 71.1
40 142 125.19999999999999
40 193 94.1
40 202 73.1
40 211 66.1
40 221 67.1
40 226 119.2
40 229 150.2
40 235 123.19999999999999
40 279 146.2
40 286 148.2
41 1 127.19999999999999
41 14 80.1
41 15 184.2
41 18 73.1
41 22 149.2
41 28 117.2
41 44 70.1
41 50 90.1
41 77 77.1
41 89 90.1
41 105 58.1
41 112 128.2
41 123 158.2
41 160 191.2
41 171 112.1
41 204 65.1
41 216 82.1
41 271 92.1
41 293 99.1
41 300 57.1
41 303 82.1
42 6 83.1
42 10 68.1
42 12 136.2
42 30 91.1
42 45 77.1
42 52 151.2
42 72 86.1
42 84 88.1
42 85 157.2
42 88 150.2
42 92 79.1
42 98 151.2
42 103 166.2
42 144 80.1
42 145 154.2
42 163 74.1
42 176 70.1
42 182 57.1
42 256 71.1
42 278 66.1
43 14 51.1
43 25 66.1
43 37 65.1
43 56 72.1
43 72 120.2
43 75 63.1
43 79 75.1
43 94 69.1
43 106 116.19999999999999
43 115 63.1
43 121 111.2
43 140 82.1
43 141 74.1
43 156 172.3
43 160 79.1
43 165 67.1
43 179 55.1
43 189 68.1
43 210 107.2
43 224 65.1
43 238 58.1
43 246 91.1
43 297 96.1
44 0 165.2
44 8 63.1
44 11 123.19999999999999
44 17 137.2
44 36 75.1
44 41 82.1
44 46 179.2
44 51 150.2
44 55 162.2
44 82 80.1
44 97 92.1
44 110 156.2
44 134 65.1
44 144 58.1
44 145 83.1
44 151 142.2
44 155 80.1
44 208 149.2
45 17 81.1
45 38 78.1
45 40 140.2
45 42 83.1
45 46 79.1
45 100 126.19999999999999
45 111 146.2
45 142 146.2
45 146 87.1
45 208 57.1
45 226 151.2
45 229 158.2
45 235 149.2
45 257 85.1
45 279 215.29999999999998
45 286 159.2
45 302 86.1
46 0 153.2
46 11 131.2
46 17 145.2
46 44 153.2
46 45 82.1
46 51 146.2
46 55 129.2
46 64 118.1
46 78 75.1
46 90 74.1
46 100 82.1
46 110 138.2
46 138 63.1
46 151 140.2
46 156 53.1
46 159 96.1
46 169 49.1
46 201 76.1
46 202 83.1
46 208 118.19999999999999
46 238 80.1
47 27 222.29999999999998
47 48 65.1
47 56 85.1
47 64 180.2
47 68 74.1
47 72 74.1
47 90 63.1
47 91 237.29999999999998
47 104 81.1
47 125 71.1
47 150 83.1
47 155 138.2
47 162 170.2
47 163 69.1
47 223 227.29999999999998
47 232 172.3
47 245 75.1
47 268 82.1
47 270 66.1
47 289 153.2
48 2 145.2
48 8 119.19999999999999
48 12 46.1
48 15 48.1
48 16 146.2
48 47 80.1
48 69 66.1
48 83 157.2
48 91 67.1
48 102 191.29999999999998
48 105 141.2
48 122 128.2
48 125 76.1
48 126 143.2
48 149 64.1
48 162 87.1
48 246 84.1
48 289 87.1
49 19 85.1
49 21 117.2
49 31 55.1
49 58 113.2
49 68 116.2
49 70 64.1
49 79 123.19999999999999
49 108 80.1
49 110 64.1
49 132 74.1
49 165 113.2
49 189 125.19999999999999
49 204 72.1
49 207 60.1
49 209 46.1
49 213 113.19999999999999
49 225 52.1
49 240 48.1
49 269 129.2
49 286 63.1
49 287 58.1
50 1 161.2
50 14 80.1
50 15 80.1
50 18 147.2
50 19 64.1
50 22 68.1
50 28 65.1
50 29 100.1
50 41 67.1
50 77 121.19999999999999
50 98 68.1
50 107 74.1
50 112 127.19999999999999
50 123 55.1
50 160 153.2
50 204 130.2
50 210 83.1
50 240 49.1
50 267 80.1
50 282 90.1
50 296 84.1
51 0 145.2
51 11 143.2
51 17 136.2
51 34 79.1
51 44 123.19999999999999
51 46 136.2
51 55 138.2
51 61 66.1
51 83 69.1
51 110 144.2
51 151 152.2
51 161 76.1
51 206 85.1
51 208 156.2
51 209 62.1
51 214 103.1
51 257 82.1
51 264 85.1
52 6 127.19999999999999
52 10 148.2
52 12 62.1
52 15 90.1
52 30 62.1
52 42 180.2
52 72 81.1
52 85 72.1
52 88 145.2
52 98 134.2
52 103 173.2
52 118 89.1
52 138 57.1
52 145 83.1
52 163 125.19999999999999
52 172 97.1
52 176 168.2
52 215 78.1
52 241 106.1
52 242 116.1
53 27 130.2
53 57 147.2
53 61 139.2
53 66 260.29999999999995
53 87 87.1
53 137 102.1
53 150 50.1
53 152 127.19999999999999
53 174 75.1
53 175 59.1
53 220 132.2
53 225 130.2
53 227 67.1
53 233 136.2
53 236 145.2
53 269 81.1
54 5 91.1
54 25 167.2
54 34 158.2
54 39 157.2
54 77 74.1
54 113 71.1
54 129 172.2
54 130 236.29999999999998
54 133 180.2
54 142 77.1
54 169 162.2
54 193 99.1
54 243 110.1
54 248 74.1
54 250 148.2
54 251 86.1
54 265 165.2
54 286 76.1
55 0 167.2
55 11 138.2
55 17 158.2
55 31 70.1
55 44 164.2
55 46 148.2
55 51 150.2
55 67 69.1
55 70 58.1
55 110 155.2
55 121 62.1
55 144 83.1
55 151 136.2
55 156 70.1
55 161 111.1
55 172 75.1
55 208 127.19999999999999
55 214 112.1
56 14 137.2
56 23 67.1
56 26 61.1
56 27 55.1
56 43 58.1
56 47 74.1
56 72 142.2
56 75 110.2
56 94 89.1
56 106 147.2
56 112 79.1
56 120 47.1
56 121 141.2
56 124 88.1
56 149 60.1
56 156 64.1
56 164 67.1
56 165 81.1
56 179 56.1
56 210 77.1
56 216 62.1
56 223 80.1
56 232 63.1
56 281 85.1
57 3 55.1
57 53 124.19999999999999
57 60 60.1
57 61 122.19999999999999
57 66 152.2
57 109 52.1
57 115 120.2
57 152 105.2
57 154 52.1
57 182 65.1
57 220 137.2
57 225 115.2
57 233 139.2
57 236 129.2
57 258 44.1
57 261 67.1
57 263 49.1
58 21 132.2
58 25 58.1
58 33 67.1
58 49 134.2
58 68 72.1
58 79 205.29999999999998
58 106 57.1
58 108 130.2
58 132 72.1
58 140 70.1
58 142 58.1
58 165 147.2
58 189 116.2
58 207 80.1
58 209 63.1
58 213 124.19999999999999
58 243 63.1
58 264 74.1
58 269 135.2
59 8 66.1
59 34 66.1
59 36 54.1
59 82 59.1
59 124 72.1
59 128 80.2
59 131 130.2
59 134 110.19999999999999
59 170 131.2
59 172 82.1
59 180 128.2
59 191 83.1
59 192 125.19999999999999
59 217 82.1
59 221 66.1
59 238 105.2
59 249 69.1
59 292 73.1
60 7 46.1
60 23 123.19999999999999
60 24 91.1
60 25 72.1
60 57 68.1
60 62 85.1
60 76 56.1
60 90 84.1
60 104 156.2
60 127 86.1
60 138 58.1
60 149 116.2
60 160 86.1
60 195 128.2
60 211 60.1
60 220 98.1
60 231 126.19999999999999
60 234 65.1
60 254 133.2
60 277 80.1
60 278 58.1
60 297 110.1
60 299 60.1
61 3 48.1
61 51 71.1
61 53 123.2
61 57 150.2
61 66 179.2
61 139 63.1
61 152 169.3
61 182 76.1
61 188 67.1
61 220 187.29999999999998
61 225 200.3
61 233 145.2
61 235 52.1
61 236 140.2
61 238 77.1
61 259 65.1
61 287 57.1
62 60 65.1
62 67 57.1
62 114 190.29999999999998
62 118 183.3
62 121 50.1
62 140 129.2
62 153 70.1
62 191 167.2
62 207 129.2
62 219 160.2
62 244 120.19999999999999
62 263 139.2
62 269 54.1
62 272 169.2
62 297 179.2
63 12 52.1
63 20 174.3
63 32 62.1
63 73 141.2
63 74 69.1
63 84 213.29999999999998
63 146 126.19999999999999
63 154 83.1
63 181 92.1
63 182 143.2
63 183 73.1
63 205 81.1
63 219 62.1
63 240 218.29999999999998
63 241 79.1
63 247 95.1
63 256 148.2
63 264 75.1
63 278 62.1
64 24 84.1
64 27 152.2
64 46 97.1
64 47 155.2
64 91 266.29999999999995
64 109 87.1
64 119 117.1
64 155 196.2
64 162 178.2
64 222 139.1
64 223 172.2
64 232 90.2
64 235 84.1
64 261 110.1
64 272 142.1
64 288 74.1
64 289 187.2
65 24 61.1
65 33 80.1
65 80 142.2
65 101 86.1
65 115 169.2
65 116 124.19999999999999
65 177 68.1
65 187 225.29999999999998
65 214 152.2
65 221 69.1
65 241 62.1
65 253 66.1
65 262 69.1
65 270 179.29999999999998
65 280 158.2
65 304 206.2
66 53 247.29999999999998
66 57 142.2
66 61 149.2
66 67 73.1
66 106 81.1
66 114 84.1
66 147 62.1
66 152 123.19999999999999
66 164 67.1
66 194 72.1
66 220 165.2
66 225 220.29999999999998
66 233 135.2
66 236 180.2
66 244 84.1
66 274 73.1
66 297 96.1
67 3 141.2
67 13 170.2
67 16 75.1
67 25 82.1
67 31 130.2
67 55 83.1
67 62 89.1
67 66 81.1
67 70 82.1
67 78 96.1
67 83 85.1
67 86 58.1
67 98 64.1
67 109 153.2
67 135 135.2
67 139 125.19999999999999
67 143 167.2
67 153 56.1
67 164 142.2
67 183 89.1
67 227 97.1
67 295 83.1
68 9 78.1
68 21 142.2
68 27 85.1
68 35 66.1
68 47 72.1
68 49 135.2
68 58 74.1
68 79 162.2
68 108 161.2
68 132 143.2
68 156 57.1
68 165 146.2
68 189 141.2
68 195 65.1
68 196 79.1
68 213 195.29999999999998
68 223 64.1
68 232 69.1
68 254 72.1
68 269 138.2
69 4 151.2
69 7 66.1
69 11 85.1
69 22 69.1
69 26 205.3
69 33 169.2
69 36 83.1
69 38 101.1
69 48 72.1
69 70 210.29999999999998
69 78 160.2
69 119 253.29999999999998
69 135 91.1
69 169 79.1
69 192 100.1
69 206 160.2
69 209 83.1
69 240 85.1
69 285 108.1
70 4 134.2
70 26 164.2
70 33 143.2
70 49 70.1
70 55 65.1
70 67 56.1
70 69 183.29999999999998
70 73 76.1
70 78 149.2
70 104 73.1
70 119 133.2
70 137 106.1
70 139 54.1
70 140 69.1
70 151 60.1
70 189 75.1
70 206 180.3
70 243 69.1
71 5 66.1
71 35 130.2
71 36 86.1
71 76 122.2
71 132 96.1
71 146 59.1
71 154 175.2
71 158 244.29999999999998
71 188 127.19999999999999
71 227 147.2
71 236 90.1
71 258 140.2
71 259 141.2
71 281 63.1
71 287 157.2
71 288 108.1
72 2 77.1
72 11 78.1
72 14 163.2
72 18 78.1
72 28 66.1
72 42 64.1
72 43 128.2
72 47 83.1
72 52 67.1
72 56 133.2
72 75 128.2
72 94 57.1
72 99 101.1
72 106 79.1
72 121 81.1
72 138 59.1
72 139 79.1
72 141 81.1
72 156 153.2
72 166 96.1
72 179 159.2
72 210 87.1
72 234 87.1
72 288 119.1
73 20 198.29999999999998
73 63 127.19999999999999
73 70 69.1
73 84 151.2
73 85 62.1
73 146 129.2
73 155 58.1
73 166 62.1
73 172 73.1
73 182 119.2
73 205 59.1
73 211 80.1
73 215 53.1
73 237 73.1
73 240 134.2
73 256 117.2
73 289 76.1
73 301 69.1
74 24 87.1
74 63 80.1
74 92 156.2
74 93 212.29999999999998
74 95 124.19999999999999
74 146 49.1
74 160 65.1
74 180 59.1
74 196 149.2
74 205 193.3
74 237 119.19999999999999
74 239 132.2
74 242 190.2
74 247 175.2
74 256 68.1
74 283 159.2
75 1 94.1
75 6 60.1
75 7 68.1
75 14 86.1
75 37 74.1
75 43 80.1
75 56 125.19999999999999
75 72 113.2
75 94 60.1
75 106 115.2
75 112 57.1
75 121 249.29999999999998
75 138 61.1
75 156 66.1
75 159 67.1
75 164 91.1
75 179 86.1
75 210 172.2
75 253 89.1
75 267 80.1
75 270 90.1
75 276 63.1
75 290 96.1
76 35 132.2
76 60 79.1
76 71 148.2
76 104 85.1
76 154 182.2
76 158 135.2
76 188 219.29999999999998
76 220 105.1
76 227 146.2
76 234 89.1
76 235 69.1
76 249 90.1
76 254 74.1
76 258 167.29999999999998
76 259 127.19999999999999
76 287 166.2
77 1 146.2
77 4 76.1
77 15 64.1
77 18 214.29999999999998
77 22 69.1
77 28 140.2
77 33 69.1
77 41 69.1
77 50 128.2
77 54 79.1
77 112 60.1
77 116 68.1
77 123 162.2
77 160 165.2
77 177 121.1
77 204 117.19999999999999
77 208 76.1
77 210 72.1
77 232 77.1
77 272 123.1
77 290 66.1
78 1 93.1
78 4 235.29999999999998
78 23 92.1
78 25 95.1
78 26 189.3
78 33 157.2
78 46 64.1
78 67 85.1
78 69 142.2
78 70 150.2
78 83 68.1
78 117 81.1
78 119 171.2
78 126 72.1
78 183 102.1
78 206 112.2
78 209 66.1
78 212 89.1
78 270 86.1
78 275 73.1
78 297 117.1
78 303 86.1
79 21 84.1
79 43 65.1
79 49 142.2
79 58 207.29999999999998
79 68 148.2
79 108 162.2
79 113 74.1
79 132 145.2
79 148 67.1
79 165 77.1
79 184 105.1
79 189 180.3
79 213 131.2
79 223 59.1
79 246 105.1
79 262 79.1
79 269 183.2
79 284 83.1
80 65 154.2
80 97 81.1
80 115 187.2
80 118 73.1
80 136 187.2
80 183 84.1
80 187 166.2
80 199 63.1
80 212 86.1
80 214 176.2
80 270 284.29999999999995
80 280 264.29999999999995
80 286 63.1
80 304 191.2
81 15 56.1
81 89 77.1
81 117 163.2
81 141 139.2
81 178 83.1
81 183 141.2
81 207 91.1
81 212 165.2
81 234 138.2
81 245 67.1
81 246 164.2
81 269 81.1
81 280 88.1
81 282 218.29999999999998
81 288 132.2
81 298 64.1
82 19 120.2
82 36 64.1
82 44 62.1
82 59 48.1
82 120 58.1
82 124 134.2
82 134 48.1
82 166 60.1
82 172 134.2
82 181 127.19999999999999
82 231 64.1
82 249 66.1
82 250 158.2
82 255 142.2
82 289 48.1
82 292 187.3
82 303 73.1
83 2 227.29999999999998
83 8 150.2
83 16 146.2
83 48 151.2
83 51 89.1
83 67 76.1
83 78 87.1
83 102 132.2
83 105 140.2
83 120 84.1
83 122 217.29999999999998
83 126 158.2
83 138 67.1
83 167 81.1
83 168 120.1
83 218 104.1
83 260 78.1
83 261 102.1
83 291 102.1
83 296 97.1
83 303 99.1
84 20 132.2
84 24 64.1
84 42 72.1
84 63 180.29999999999998
84 73 133.2
84 93 68.1
84 118 58.1
84 146 199.29999999999998
84 180 54.1
84 181 72.1
84 182 128.2
84 225 54.1
84 231 55.1
84 240 111.2
84 255 83.1
84 256 176.3
84 263 60.1
84 283 81.1
85 6 122.19999999999999
85 10 57.1
85 11 58.1
85 12 130.2
85 30 123.19999999999999
85 38 90.1
85 42 152.2
85 52 57.1
85 73 70.1
85 88 72.1
85 98 122.19999999999999
85 103 59.1
85 104 72.1
85 135 53.1
85 145 72.1
85 154 65.1
85 163 142.2
85 176 159.2
85 202 84.1
85 256 44.1
86 3 133.2
86 9 70.1
86 13 95.1
86 19 85.1
86 31 136.2
86 67 61.1
86 109 158.2
86 112 69.1
86 135 136.2
86 139 112.2
86 143 161.2
86 153 131.2
86 164 136.2
86 189 75.1
86 217 99.1
86 218 99.1
86 238 88.1
86 243 90.1
86 276 81.1
87 9 146.2
87 38 211.29999999999998
87 53 80.1
87 96 180.2
87 144 178.3
87 151 59.1
87 179 69.1
87 197 215.29999999999998
87 202 159.2
87 208 61.1
87 214 92.1
87 221 167.2
87 251 70.1
87 257 88.1
87 261 91.1
87 279 79.1
87 302 87.1
88 6 84.1
88 10 133.2
88 12 151.2
88 20 91.1
88 30 136.2
88 42 162.2
88 52 144.2
88 85 73.1
88 90 83.1
88 98 153.2
88 99 83.1
88 103 95.1
88 145 149.2
88 153 58.1
88 163 165.2
88 176 79.1
88 180 100.1
88 181 83.1
88 249 92.1
88 260 80.1
89 41 69.1
89 81 92.1
89 91 67.1
89 122 59.1
89 125 121.19999999999999
89 137 73.1
89 168 133.2
89 195 65.1
89 215 139.2
89 216 149.2
89 218 103.1
89 246 92.1
89 273 212.29999999999998
89 277 151.2
89 285 152.2
89 296 158.2
90 7 181.29999999999998
90 23 72.1
90 25 89.1
90 46 87.1
90 47 68.1
90 60 77.1
90 88 76.1
90 96 81.1
90 98 66.1
90 99 77.1
90 104 87.1
90 138 140.2
90 146 98.1
90 149 143.2
90 180 89.1
90 182 78.1
90 195 87.1
90 196 90.1
90 211 150.2
90 231 162.2
90 254 159.2
90 278 161.2
90 283 78.1
91 8 76.1
91 26 64.1
91 27 162.2
91 47 173.3
91 48 52.1
91 64 289.29999999999995
91 89 73.1
91 102 60.1
91 124 63.1
91 155 144.2
91 162 132.2
91 218 65.1
91 223 123.19999999999999
91 232 106.2
91 252 58.1
91 266 69.1
91 284 74.1
91 289 142.2
92 7 62.1
92 28 65.1
92 42 69.1
92 74 153.2
92 93 173.2
92 95 126.19999999999999
92 126 67.1
92 146 73.1
92 155 74.1
92 196 164.2
92 205 179.3
92 215 69.1
92 237 200.29999999999998
92 239 253.29999999999998
92 240 89.1
92 242 208.2
92 247 150.2
92 260 64.1
93 74 176.29999999999998
93 84 57.1
93 92 126.19999999999999
93 95 129.2
93 103 69.1
93 143 46.1
93 195 72.1
93 196 191.29999999999998
93 205 116.2
93 217 75.1
93 224 68.1
93 237 145.2
93 239 98.2
93 242 148.2
93 247 142.2
93 263 59.1
94 14 125.2
94 22 73.1
94 23 69.1
94 43 56.1
94 56 56.1
94 72 54.1
94 75 59.1
94 106 117.2
94 112 43.1
94 121 61.1
94 156 129.2
94 162 67.1
94 167 92.1
94 173 75.1
94 179 209.29999999999998
94 183 67.1
94 210 114.2
94 221 65.1
94 224 56.1
94 242 86.1
94 299 80.1
94 300 78.1
95 74 100.2
95 92 101.2
95 93 141.2
95 174 61.1
95 180 56.1
95 196 139.2
95 205 128.2
95 222 73.1
95 237 116.2
95 239 120.2
95 240 69.1
95 242 218.29999999999998
95 243 87.1
95 247 139.2
95 255 92.1
95 278 98.1
95 292 69.1
96 9 126.19999999999999
96 19 84.1
96 32 63.1
96 38 128.2
96 40 80.1
96 87 177.2
96 90 74.1
96 111 53.1
96 133 74.1
96 144 142.2
96 147 55.1
96 193 67.1
96 197 207.29999999999998
96 202 136.2
96 221 167.2
96 235 69.1
96 261 88.1
96 264 87.1
96 279 61.1
97 22 46.1
97 29 67.1
97 44 60.1
97 80 61.1
97 121 57.1
97 136 67.1
97 167 128.2
97 170 78.1
97 173 66.1
97 177 79.1
97 190 96.1
97 224 156.2
97 230 54.1
97 233 57.1
97 252 108.2
97 253 73.1
97 266 184.3
97 268 169.2
97 293 66.1
98 0 79.1
98 6 149.2
98 10 69.1
98 12 137.2
98 17 77.1
98 30 138.2
98 42 189.2
98 50 81.1
98 52 157.2
98 67 75.1
98 85 147.2
98 88 159.2
98 90 92.1
98 103 78.1
98 124 87.1
98 131 83.1
98 138 47.1
98 145 79.1
98 163 150.2
98 176 144.2
98 181 89.1
98 188 75.1
98 252 72.1
99 4 65.1
99 8 74.1
99 33 69.1
99 36 148.2
99 72 78.1
99 88 92.1
99 90 81.1
99 107 88.1
99 113 209.29999999999998
99 121 88.1
99 147 155.2
99 159 156.2
99 169 69.1
99 178 205.2
99 201 96.1
99 208 83.1
99 209 271.29999999999995
99 228 256.29999999999995
99 295 110.1
100 3 66.1
100 11 82.1
100 40 121.19999999999999
100 45 124.2
100 46 72.1
100 111 123.19999999999999
100 142 128.2
100 167 74.1
100 193 80.1
100 202 67.1
100 226 138.2
100 227 51.1
100 229 129.2
100 235 150.2
100 273 55.1
100 279 148.2
100 286 135.2
101 34 56.1
101 37 140.2
101 65 82.1
101 107 136.2
101 127 138.2
101 161 88.1
101 179 65.1
101 184 162.2
101 186 130.2
101 187 51.1
101 206 63.1
101 262 134.2
101 290 131.2
101 291 92.1
101 294 147.2
101 295 164.2
102 2 204.29999999999998
102 8 143.2
102 16 136.2
102 22 77.1
102 48 200.29999999999998
102 83 138.2
102 91 71.1
102 105 177.29999999999998
102 122 156.2
102 126 162.2
102 138 46.1
102 169 60.1
102 206 69.1
102 237 75.1
102 255 68.1
102 281 91.1
102 293 81.1
103 6 150.2
103 10 67.1
103 12 148.2
103 30 137.2
103 35 94.1
103 42 166.2
103 52 171.2
103 85 69.1
103 88 78.1
103 93 97.1
103 98 90.1
103 109 68.1
103 137 87.1
103 145 155.2
103 149 62.1
103 163 146.2
103 176 86.1
103 195 93.1
103 243 108.1
103 267 80.1
104 7 106.2
104 23 146.2
104 35 72.1
104 47 75.1
104 60 157.2
104 70 67.1
104 76 71.1
104 85 70.1
104 90 70.1
104 138 74.1
104 149 134.2
104 156 90.1
104 195 192.2
104 211 84.1
104 222 87.1
104 231 76.1
104 239 88.1
104 242 109.1
104 243 78.1
104 254 129.2
104 278 135.2
105 2 147.2
105 8 176.29999999999998
105 16 104.2
105 30 66.1
105 31 79.1
105 41 72.1
105 48 140.2
105 83 141.2
105 102 163.3
105 122 129.2
105 126 128.2
105 168 83.1
105 266 67.1
105 273 79.1
105 281 91.1
105 293 76.1
105 296 79.1
105 303 77.1
106 9 78.1
106 14 74.1
106 26 58.1
106 43 127.19999999999999
106 56 147.2
106 58 63.1
106 66 103.1
106 72 80.1
106 75 131.2
106 94 147.2
106 121 148.2
106 131 72.1
106 152 64.1
106 153 46.1
106 156 228.29999999999998
106 179 73.1
106 210 58.1
106 217 89.1
106 233 91.1
106 243 98.1
106 254 65.1
106 274 95.1
107 36 56.1
107 37 135.2
107 50 72.1
107 99 67.1
107 101 130.2
107 127 130.2
107 132 54.1
107 147 50.1
107 178 67.1
107 184 147.2
107 186 134.2
107 209 62.1
107 215 82.1
107 262 146.2
107 290 192.29999999999998
107 294 143.2
107 295 217.29999999999998
108 13 73.1
108 21 165.2
108 33 109.1
108 49 68.1
108 58 145.2
108 68 138.2
108 79 151.2
108 132 155.2
108 165 157.2
108 167 171.2
108 189 122.19999999999999
108 213 167.2
108 236 82.1
108 257 147.2
108 269 154.2
108 299 79.1
109 3 58.1
109 13 117.19999999999999
109 31 107.2
109 39 72.1
109 57 75.1
109 64 92.1
109 67 113.19999999999999
109 86 139.2
109 103 77.1
109 135 123.19999999999999
109 139 41.1
109 143 154.2
109 145 105.1
109 153 119.2
109 164 108.2
109 191 79.1
109 234 92.1
109 265 67.1
109 276 70.1
110 0 128.2
110 11 149.2
110 17 135.2
110 32 66.1
110 33 182.2
110 44 138.2
110 46 179.2
110 49 74.1
110 51 154.2
110 55 132.2
110 133 82.1
110 151 124.19999999999999
110 152 71.1
110 208 207.29999999999998
110 251 65.1
111 9 70.1
111 38 80.1
111 40 143.2
111 45 134.2
111 96 46.1
111 100 168.2
111 133 73.1
111 142 145.2
111 147 72.1
111 176 68.1
111 226 153.2
111 228 77.1
111 229 156.2
111 235 148.2
111 279 211.29999999999998
111 286 145.2
112 1 66.1
112 15 149.2
112 18 66.1
112 22 122.19999999999999
112 28 94.2
112 30 56.1
112 41 110.2
112 50 130.2
112 56 76.1
112 75 55.1
112 77 59.1
112 86 57.1
112 94 54.1
112 117 80.1
112 123 179.3
112 159 69.1
112 160 73.1
112 204 67.1
112 253 74.1
112 282 65.1
112 291 63.1
113 4 81.1
113 36 231.29999999999998
113 54 81.1
113 79 97.1
113 99 229.29999999999998
113 116 71.1
113 147 233.29999999999998
113 158 77.1
113 159 188.2
113 162 89.1
113 175 86.1
113 178 175.2
113 207 78.1
113 209 147.2
113 228 153.2
113 254 62.1
113 285 99.1
113 294 95.1
113 304 101.1
114 20 68.1
114 31 66.1
114 62 224.29999999999998
114 66 72.1
114 118 159.2
114 140 134.2
114 153 73.1
114 164 53.1
114 191 176.2
114 219 220.29999999999998
114 233 82.1
114 244 187.2
114 258 84.1
114 263 133.2
114 272 206.2
114 286 79.1
114 297 285.29999999999995
115 1 75.1
115 43 60.1
115 57 132.2
115 65 141.2
115 80 155.2
115 175 148.2
115 187 162.2
115 214 177.2
115 227 60.1
115 234 76.1
115 265 64.1
115 270 128.2
115 280 184.2
115 304 189.2
116 37 93.1
116 65 153.2
116 77 70.1
116 113 62.1
116 148 165.2
116 150 149.2
116 173 259.29999999999995
116 185 133.2
116 186 72.1
116 201 129.2
116 245 190.29999999999998
116 248 146.2
116 275 179.2
116 284 220.29999999999998
117 78 58.1
117 81 135.2
117 112 70.1
117 141 214.29999999999998
117 165 78.1
117 183 166.2
117 212 261.29999999999995
117 225 68.1
117 230 148.2
117 234 251.29999999999998
117 246 147.2
117 250 91.1
117 258 74.1
117 282 179.2
117 288 160.2
118 20 75.1
118 52 49.1
118 62 168.3
118 80 74.1
118 84 68.1
118 114 129.2
118 140 111.2
118 176 78.1
118 191 146.2
118 192 60.1
118 210 71.1
118 219 137.2
118 231 64.1
118 244 165.2
118 263 113.2
118 272 162.2
118 297 147.2
119 4 147.2
119 13 85.1
119 26 128.2
119 33 152.2
119 40 47.1
119 64 132.1
119 69 203.29999999999998
119 70 121.19999999999999
119 78 172.2
119 130 71.1
119 140 84.1
119 151 68.1
119 159 77.1
119 206 137.2
119 212 86.1
119 257 80.1
119 262 85.1
119 265 81.1
119 295 92.1
120 3 70.1
120 56 56.1
120 82 87.1
120 83 80.1
120 124 93.1
120 137 281.29999999999995
120 167 90.1
120 171 82.1
120 196 96.1
120 204 84.1
120 218 181.2
120 232 56.1
120 276 70.1
120 281 174.2
120 285 251.29999999999998
120 291 158.2
120 293 190.2
120 300 71.1
121 3 65.1
121 6 61.1
121 14 74.1
121 40 91.1
121 43 125.19999999999999
121 55 59.1
121 56 135.2
121 62 77.1
121 72 71.1
121 75 206.29999999999998
121 94 65.1
121 97 90.1
121 99 84.1
121 106 125.19999999999999
121 122 80.1
121 135 84.1
121 143 71.1
121 150 84.1
121 156 121.2
121 179 50.1
121 203 72.1
121 210 67.1
121 236 79.1
122 2 126.19999999999999
122 8 155.2
122 12 61.1
122 14 77.1
122 16 152.2
122 22 74.1
122 48 128.2
122 83 209.29999999999998
122 89 79.1
122 102 140.2
122 105 134.2
122 121 85.1
122 126 178.2
122 173 87.1
122 174 79.1
122 215 80.1
122 268 92.1
122 301 97.1
123 1 71.1
123 2 94.1
123 8 74.1
123 15 139.2
123 18 86.1
123 22 157.2
123 28 150.2
123 29 95.1
123 41 161.2
123 50 68.1
123 77 141.2
123 112 204.29999999999998
123 149 85.1
123 160 85.1
123 163 85.1
123 167 103.1
123 173 86.1
123 204 74.1
123 291 91.1
123 296 81.1
123 300 88.1
124 19 199.29999999999998
124 56 58.1
124 59 71.1
124 82 123.19999999999999
124 91 47.1
124 98 63.1
124 120 68.1
124 128 47.1
124 131 64.1
124 134 44.1
124 170 67.1
124 172 174.2
124 180 73.1
124 181 148.2
124 192 78.1
124 238 57.1
124 255 151.2
124 292 156.2
125 18 58.1
125 21 59.1
125 24 72.1
125 47 86.1
125 48 48.1
125 89 118.19999999999999
125 149 53.1
125 168 186.29999999999998
125 190 73.1
125 215 204.29999999999998
125 216 176.29999999999998
125 237 87.1
125 268 89.1
125 273 158.2
125 277 138.2
125 296 153.2
125 301 61.1
126 2 251.29999999999998
126 8 170.2
126 11 63.1
126 16 230.29999999999998
126 23 98.1
126 28 84.1
126 48 163.2
126 78 91.1
126 83 163.2
126 92 83.1
126 102 142.2
126 105 126.19999999999999
126 122 166.2
126 138 47.1
126 155 104.1
126 166 70.1
126 174 104.1
126 222 118.1
126 301 88.1
127 37 138.2
127 60 76.1
127 101 158.2
127 107 140.2
127 147 83.1
127 156 69.1
127 159 83.1
127 160 73.1
127 184 230.29999999999998
127 186 135.2
127 201 74.1
127 262 174.2
127 280 82.1
127 290 156.2
127 294 182.2
127 295 165.2
127 304 101.1
128 26 47.1
128 35 65.1
128 59 117.19999999999999
128 124 62.1
128 131 123.19999999999999
128 133 59.1
128 134 114.19999999999999
128 152 35.1
128 170 120.19999999999999
128 180 122.19999999999999
128 192 122.19999999999999
128 205 56.1
128 211 88.1
128 238 167.3
128 251 61.1
128 254 49.1
128 255 62.1
128 294 86.1
129 0 70.1
129 25 237.29999999999998
129 34 112.2
129 39 140.2
129 54 153.2
129 130 138.2
129 133 158.2
129 136 76.1
129 158 80.1
129 169 116.2
129 226 150.2
129 250 122.19999999999999
129 254 69.1
129 262 88.1
129 265 145.2
130 5 58.1
130 25 139.2
130 34 131.2
130 39 154.2
130 54 259.29999999999995
130 119 91.1
130 129 143.2
130 133 163.2
130 142 75.1
130 169 224.29999999999998
130 223 72.1
130 250 185.2
130 259 78.1
130 265 148.2
130 275 91.1
130 290 78.1
131 20 42.1
131 30 62.1
131 59 111.2
131 98 60.1
131 106 45.1
131 124 51.1
131 128 100.2
131 134 92.2
131 147 39.1
131 170 137.2
131 180 123.2
131 192 134.2
131 224 58.1
131 238 112.2
131 255 76.1
131 268 67.1
131 278 60.1
131 292 73.1
132 15 61.1
132 21 141.2
132 49 91.1
132 58 60.1
132 68 138.2
132 71 91.1
132 79 156.2
132 107 58.1
132 108 159.2
132 135 48.1
132 139 63.1
132 165 176.2
132 189 118.2
132 213 165.3
132 259 81.1
132 268 82.1
132 269 144.2
132 297 111.1
133 5 86.1
133 9 58.1
133 25 160.2
133 34 259.29999999999995
133 39 178.2
133 54 179.2
133 96 75.1
133 110 83.1
133 111 70.1
133 128 54.1
133 129 171.2
133 130 169.2
133 169 136.2
133 193 97.1
133 203 66.1
133 250 155.2
133 265 246.29999999999998
133 279 92.1
134 44 59.1
134 59 120.2
134 82 49.1
134 124 64.1
134 128 102.2
134 131 143.2
134 170 149.2
134 172 92.1
134 180 132.2
134 181 63.1
134 192 130.2
134 217 81.1
134 238 127.19999999999999
134 249 66.1
134 255 70.1
134 260 60.1
134 261 64.1
134 292 89.1
135 3 174.2
135 5 82.1
135 12 52.1
135 13 126.19999999999999
135 16 64.1
135 28 82.1
135 31 81.1
135 67 161.2
135 69 83.1
135 85 73.1
135 86 140.2
135 109 162.2
135 121 82.1
135 132 76.1
135 139 117.2
135 143 95.1
135 153 157.2
135 157 85.1
135 164 141.2
135 188 78.1
135 281 103.1
136 18 74.1
136 29 164.2
136 80 170.2
136 97 96.1
136 129 53.1
136 137 90.1
136 167 73.1
136 177 182.2
136 179 72.1
136 187 279.29999999999995
136 190 164.2
136 224 72.1
136 230 141.2
136 252 80.1
136 253 159.2
136 266 62.1
136 268 88.1
137 24 123.1
137 28 99.1
137 53 92.1
137 70 88.1
137 89 101.1
137 103 91.1
137 120 211.29999999999998
137 136 111.1
137 142 83.1
137 148 77.1
137 171 98.1
137 218 172.2
137 276 263.29999999999995
137 281 182.2
137 285 187.2
137 288 92.1
137 291 104.1
137 293 95.1
137 300 167.2
138 2 75.1
138 7 218.29999999999998
138 22 80.1
138 23 150.2
138 28 92.1
138 46 78.1
138 52 65.1
138 60 78.1
138 72 62.1
138 75 64.1
138 83 78.1
138 90 151.2
138 98 65.1
138 102 60.1
138 104 78.1
138 126 50.1
138 149 74.1
138 163 79.1
138 195 93.1
138 211 162.2
138 231 206.29999999999998
138 232 77.1
138 254 70.1
138 278 153.2
139 1 75.1
139 3 100.2
139 8 70.1
139 9 71.1
139 13 109.2
139 31 131.2
139 61 61.1
139 67 145.2
139 70 67.1
139 72 59.1
139 86 111.2
139 109 55.1
139 132 67.1
139 135 118.19999999999999
139 143 143.2
139 153 100.2
139 164 51.1
139 200 68.1
139 206 57.1
139 285 63.1
139 287 62.1
140 32 60.1
140 33 69.1
140 43 74.1
140 58 72.1
140 62 136.2
140 70 54.1
140 114 114.2
140 118 115.19999999999999
140 119 55.1
140 191 225.29999999999998
140 207 59.1
140 219 147.2
140 228 70.1
140 244 140.2
140 263 124.19999999999999
140 272 209.2
140 297 165.2
141 43 68.1
141 72 72.1
141 81 153.2
141 117 204.29999999999998
141 164 76.1
141 183 160.2
141 194 76.1
141 212 143.2
141 234 158.2
141 246 167.2
141 259 169.2
141 275 94.1
141 282 224.29999999999998
141 288 179.2
142 32 56.1
142 38 83.1
142 40 137.2
142 45 138.2
142 54 79.1
142 58 61.1
142 100 132.2
142 111 131.2
142 130 76.1
142 137 92.1
142 175 86.1
142 202 67.1
142 226 130.2
142 228 88.1
142 229 160.2
142 235 155.2
142 251 76.1
142 279 174.2
142 286 198.29999999999998
143 3 101.2
143 13 77.1
143 31 115.19999999999999
143 39 63.1
143 67 124.2
143 86 136.2
143 93 66.1
143 109 140.2
143 121 61.1
143 135 61.1
143 139 111.2
143 145 70.1
143 153 144.2
143 164 107.2
143 180 56.1
143 236 81.1
143 263 67.1
143 287 64.1
143 292 84.1
144 9 98.2
144 11 58.1
144 19 65.1
144 38 118.19999999999999
144 42 78.1
144 44 59.1
144 55 70.1
144 87 201.29999999999998
144 96 152.2
144 186 70.1
144 197 114.2
144 202 112.2
144 221 119.2
144 229 72.1
144 245 84.1
144 270 71.1
144 302 66.1
145 6 138.2
145 10 145.2
145 12 116.2
145 30 136.2
145 42 155.2
145 44 60.1
145 52 80.1
145 85 60.1
145 88 161.2
145 98 80.1
145 103 139.2
145 109 96.1
145 143 85.1
145 163 69.1
145 164 76.1
145 176 142.2
145 205 83.1
145 211 81.1
145 240 59.1
145 249 93.1
146 20 104.2
146 45 70.1
146 63 104.2
146 71 69.1
146 73 130.2
146 74 47.1
146 84 178.3
146 90 58.1
146 92 53.1
146 172 83.1
146 173 76.1
146 181 84.1
146 182 180.3
146 240 125.19999999999999
146 241 76.1
146 247 66.1
146 256 104.19999999999999
146 299 74.1
147 0 44.1
147 36 133.2
147 66 79.1
147 96 83.1
147 99 120.19999999999999
147 107 68.1
147 111 77.1
147 113 174.3
147 127 68.1
147 131 65.1
147 148 69.1
147 152 49.1
147 159 142.2
147 178 165.2
147 209 134.2
147 215 75.1
147 228 134.2
147 299 69.1
147 300 67.1
148 79 85.1
148 116 146.2
148 137 70.1
148 147 74.1
148 150 271.29999999999995
148 173 155.2
148 185 108.19999999999999
148 201 164.2
148 210 76.1
148 216 77.1
148 232 67.1
148 245 192.3
148 248 134.2
148 275 167.2
148 284 110.19999999999999
149 7 41.1
149 23 126.19999999999999
149 48 72.1
149 56 76.1
149 60 136.2
149 90 143.2
149 103 68.1
149 104 148.2
149 123 72.1
149 125 56.1
149 138 58.1
149 195 157.2
149 211 85.1
149 216 74.1
149 218 99.1
149 220 62.1
149 231 65.1
149 254 132.2
149 277 93.1
149 278 81.1
149 289 71.1
150 47 65.1
150 53 56.1
150 116 159.2
150 121 69.1
150 148 264.29999999999995
150 152 56.1
150 173 163.2
150 179 77.1
150 185 153.2
150 201 182.2
150 213 65.1
150 245 176.2
150 248 125.19999999999999
150 254 71.1
150 275 159.2
150 284 131.2
151 0 145.2
151 3 59.1
151 11 158.2
151 17 151.2
151 44 130.2
151 46 165.2
151 51 154.2
151 55 127.19999999999999
151 70 74.1
151 87 71.1
151 110 124.19999999999999
151 119 76.1
151 197 62.1
151 199 61.1
151 208 105.2
151 255 82.1
151 270 92.1
151 302 74.1
152 28 62.1
152 53 137.2
152 57 145.2
152 61 167.3
152 66 163.2
152 106 44.1
152 110 81.1
152 128 55.1
152 147 60.1
152 150 59.1
152 200 73.1
152 220 138.2
152 225 118.2
152 233 148.2
152 236 178.3
152 243 76.1
152 274 66.1
153 3 102.2
153 7 57.1
153 10 58.1
153 11 57.1
153 13 134.2
153 31 139.2
153 62 105.1
153 67 57.1
153 86 104.2
153 88 57.1
153 106 55.1
153 109 117.2
153 114 90.1
153 135 123.19999999999999
153 139 134.2
153 143 123.19999999999999
153 164 42.1
153 220 94.1
153 231 62.1
153 233 94.1
153 244 89.1
154 20 72.1
154 35 119.2
154 57 77.1
154 63 82.1
154 71 131.2
154 76 120.19999999999999
154 85 54.1
154 158 126.19999999999999
154 188 101.2
154 195 75.1
154 216 57.1
154 225 61.1
154 227 125.19999999999999
154 258 123.2
154 259 95.2
154 287 131.2
155 27 156.2
155 44 52.1
155 47 125.19999999999999
155 64 173.2
155 73 65.1
155 91 156.2
155 92 66.1
155 126 79.1
155 162 130.2
155 182 133.2
155 223 234.29999999999998
155 232 116.2
155 247 69.1
155 254 62.1
155 289 191.2
155 301 89.1
156 0 76.1
156 1 82.1
156 7 70.1
156 14 65.1
156 31 84.1
156 43 212.29999999999998
156 46 85.1
156 55 77.1
156 56 78.1
156 68 91.1
156 72 158.2
156 75 71.1
156 94 150.2
156 104 99.1
156 106 248.29999999999998
156 121 158.2
156 127 103.1
156 179 68.1
156 210 75.1
156 232 82.1
156 247 100.1
156 265 101.1
157 10 58.1
157 16 73.1
157 19 73.1
157 135 68.1
157 166 230.29999999999998
157 171 68.1
157 194 153.2
157 198 160.2
157 203 127.19999999999999
157 211 56.1
157 217 143.2
157 241 167.2
157 249 150.2
157 260 137.2
157 283 159.2
158 35 154.2
158 71 253.29999999999998
158 76 141.2
158 113 93.1
158 129 73.1
158 154 144.2
158 175 95.1
158 176 74.1
158 188 147.2
158 227 287.29999999999995
158 231 83.1
158 256 88.1
158 258 263.29999999999995
158 259 177.2
158 287 172.2
159 0 69.1
159 27 97.1
159 36 139.2
159 46 73.1
159 75 69.1
159 99 149.2
159 112 49.1
159 113 160.2
159 119 74.1
159 127 81.1
159 147 157.2
159 178 175.2
159 204 67.1
159 209 182.3
159 228 170.2
159 290 98.1
159 295 94.1
160 1 147.2
160 3 68.1
160 15 71.1
160 18 180.2
160 22 70.1
160 28 97.1
160 41 144.2
160 43 70.1
160 50 172.2
160 60 73.1
160 74 80.1
160 77 141.2
160 112 65.1
160 123 82.1
160 127 83.1
160 190 65.1
160 192 70.1
160 204 119.19999999999999
160 246 93.1
160 270 76.1
160 280 109.1
160 294 86.1
161 5 131.2
161 32 110.19999999999999
161 37 74.1
161 38 60.1
161 51 62.1
161 55 83.1
161 101 77.1
161 175 119.2
161 199 143.2
161 200 134.2
161 202 61.1
161 207 66.1
161 251 105.2
161 261 158.2
161 264 66.1
161 302 131.2
162 16 55.1
162 24 75.1
162 27 209.29999999999998
162 35 89.1
162 47 146.2
162 48 49.1
162 64 196.2
162 91 154.2
162 94 61.1
162 113 84.1
162 155 141.2
162 165 65.1
162 199 54.1
162 211 62.1
162 223 148.2
162 232 151.3
162 258 80.1
162 264 69.1
162 265 66.1
162 289 177.2
163 6 75.1
163 8 49.1
163 10 119.19999999999999
163 12 63.1
163 30 57.1
163 42 68.1
163 47 72.1
163 52 119.19999999999999
163 85 144.2
163 88 141.2
163 98 127.19999999999999
163 103 167.2
163 123 66.1
163 138 71.1
163 145 75.1
163 176 147.2
163 180 95.1
163 195 84.1
163 242 108.1
163 304 101.1
164 3 149.2
164 4 77.1
164 10 50.1
164 13 137.2
164 26 79.1
164 31 143.2
164 56 73.1
164 66 78.1
164 67 141.2
164 75 76.1
164 86 143.2
164 109 133.2
164 114 74.1
164 135 148.2
164 139 56.1
164 141 88.1
164 143 146.2
164 145 78.1
164 153 75.1
164 178 88.1
164 259 86.1
164 287 78.1
165 21 135.2
165 43 63.1
165 49 132.2
165 56 73.1
165 58 140.2
165 68 171.2
165 79 65.1
165 108 129.2
165 117 65.1
165 132 132.2
165 162 73.1
165 179 87.1
165 183 70.1
165 189 133.2
165 213 75.1
165 224 66.1
165 225 65.1
165 269 158.2
165 286 70.1
166 0 84.1
166 27 67.1
166 72 72.1
166 73 66.1
166 82 74.1
166 126 67.1
166 157 228.29999999999998
166 194 217.29999999999998
166 198 137.2
166 203 137.2
166 217 160.2
166 238 61.1
166 241 169.2
166 249 158.2
166 260 149.2
166 283 151.2
167 29 151.2
167 83 74.1
167 94 82.1
167 97 148.2
167 100 53.1
167 108 149.2
167 120 51.1
167 123 54.1
167 136 93.1
167 177 167.2
167 190 60.1
167 224 150.2
167 230 78.1
167 234 72.1
167 252 126.19999999999999
167 253 95.1
167 266 228.29999999999998
167 268 164.2
167 296 77.1
168 8 49.1
168 15 66.1
168 83 71.1
168 89 148.2
168 105 41.1
168 125 169.29999999999998
168 215 137.2
168 216 129.2
168 230 68.1
168 273 131.2
168 277 170.2
168 293 73.1
168 296 241.29999999999998
168 303 158.2
169 5 89.1
169 21 86.1
169 25 227.29999999999998
169 34 216.29999999999998
169 39 155.2
169 46 84.1
169 54 179.2
169 69 68.1
169 99 70.1
169 102 56.1
169 129 145.2
169 130 235.29999999999998
169 133 132.2
169 229 108.1
169 250 143.2
169 265 164.2
169 286 59.1
170 12 66.1
170 36 58.1
170 59 112.2
170 97 58.1
170 124 58.1
170 128 97.2
170 131 120.2
170 134 114.19999999999999
170 172 78.1
170 180 118.2
170 181 56.1
170 192 118.19999999999999
170 217 64.1
170 238 118.2
170 242 74.1
170 255 89.1
170 292 65.1
170 300 62.1
171 24 66.1
171 41 61.1
171 120 54.1
171 137 54.1
171 157 46.1
171 188 56.1
171 218 135.2
171 252 69.1
171 273 170.2
171 276 117.19999999999999
171 281 157.2
171 285 49.1
171 291 147.2
171 293 155.2
171 296 68.1
171 300 130.2
172 19 176.2
172 52 60.1
172 55 64.1
172 59 75.1
172 73 55.1
172 82 140.2
172 124 170.2
172 134 64.1
172 146 78.1
172 170 75.1
172 180 89.1
172 181 226.29999999999998
172 192 68.1
172 241 95.1
172 249 101.1
172 254 75.1
172 255 265.29999999999995
172 260 57.1
172 278 77.1
172 292 230.29999999999998
173 94 84.1
173 97 74.1
173 116 194.29999999999998
173 122 80.1
173 123 59.1
173 146 89.1
173 148 164.2
173 150 179.2
173 179 120.19999999999999
173 185 141.2
173 201 228.29999999999998
173 224 88.1
173 245 157.2
173 248 145.2
173 275 178.2
173 284 142.2
174 53 44.1
174 95 63.1
174 122 66.1
174 126 66.1
174 180 48.1
174 196 74.1
174 222 198.29999999999998
174 240 54.1
174 242 66.1
174 243 158.2
174 267 117.19999999999999
174 271 106.2
174 274 129.2
174 298 117.2
174 299 139.2
174 301 126.19999999999999
175 5 261.29999999999995
175 32 136.2
175 53 84.1
175 113 67.1
175 115 208.2
175 142 84.1
175 158 71.1
175 161 163.2
175 178 96.1
175 194 62.1
175 197 58.1
175 199 250.29999999999998
175 200 167.2
175 251 137.2
175 257 81.1
175 264 90.1
175 302 177.2
176 0 70.1
176 6 52.1
176 10 64.1
176 12 125.19999999999999
176 30 138.2
176 42 82.1
176 52 139.2
176 85 153.2
176 88 68.1
176 98 134.2
176 103 71.1
176 111 69.1
176 118 74.1
176 145 148.2
176 158 71.1
176 163 149.2
176 205 57.1
176 247 78.1
176 256 76.1
177 29 172.2
177 65 74.1
177 77 78.1
177 97 94.1
177 136 177.2
177 167 175.2
177 178 92.1
177 184 71.1
177 190 179.2
177 224 72.1
177 230 156.2
177 252 93.1
177 253 172.2
177 262 75.1
177 266 65.1
177 268 91.1
177 270 79.1
177 280 96.1
177 294 89.1
178 12 76.1
178 28 80.1
178 35 68.1
178 36 217.29999999999998
178 81 86.1
178 99 169.2
178 107 77.1
178 113 156.2
178 147 171.2
178 159 168.2
178 164 69.1
178 175 98.1
178 177 95.1
178 190 93.1
178 209 170.2
178 211 92.1
178 228 147.2
178 249 93.1
178 274 89.1
178 301 103.1
179 14 129.2
179 18 66.1
179 43 64.1
179 56 63.1
179 72 136.2
179 75 77.1
179 87 60.1
179 94 200.29999999999998
179 101 70.1
179 106 64.1
179 121 69.1
179 136 83.1
179 150 65.1
179 156 70.1
179 165 81.1
179 173 128.2
179 185 41.1
179 195 72.1
179 210 125.19999999999999
179 213 55.1
179 276 73.1
179 304 105.1
180 19 69.1
180 59 114.2
180 74 56.1
180 84 56.1
180 88 67.1
180 90 71.1
180 95 53.1
180 124 81.1
180 128 92.2
180 131 129.2
180 134 148.2
180 143 60.1
180 163 47.1
180 170 129.2
180 172 97.1
180 174 47.1
180 192 132.2
180 203 60.1
180 238 124.19999999999999
181 6 57.1
181 13 59.1
181 19 215.29999999999998
181 20 114.2
181 63 82.1
181 82 146.2
181 84 68.1
181 88 77.1
181 98 55.1
181 124 176.2
181 134 54.1
181 146 101.1
181 170 66.1
181 172 248.29999999999998
181 182 74.1
181 192 75.1
181 204 53.1
181 255 156.2
181 256 60.1
181 292 169.2
182 20 191.3
182 24 91.1
182 28 79.1
182 42 70.1
182 57 62.1
182 61 79.1
182 63 134.2
182 73 148.2
182 84 155.2
182 90 87.1
182 146 207.29999999999998
182 155 154.2
182 181 97.1
182 192 70.1
182 196 82.1
182 240 122.19999999999999
182 256 117.19999999999999
182 278 80.1
183 63 65.1
183 67 70.1
183 78 65.1
183 80 80.1
183 81 140.2
183 94 41.1
183 117 140.2
183 141 138.2
183 165 64.1
183 207 127.19999999999999
183 212 143.2
183 234 149.2
183 246 130.2
183 272 109.1
183 279 55.1
183 282 150.2
183 288 157.2
184 11 88.1
184 37 161.2
184 79 81.1
184 101 156.2
184 107 131.2
184 127 257.29999999999995
184 177 91.1
184 186 132.2
184 193 95.1
184 200 88.1
184 248 58.1
184 262 159.2
184 290 245.29999999999998
184 294 130.2
184 295 170.2
185 18 50.1
185 116 109.2
185 148 111.2
185 150 156.2
185 173 133.2
185 179 39.1
185 197 43.1
185 201 111.2
185 210 66.1
185 245 105.2
185 248 86.2
185 255 67.1
185 272 70.1
185 275 109.2
185 280 72.1
185 284 148.3
186 34 62.1
186 37 130.2
186 101 156.2
186 107 115.2
186 116 63.1
186 127 116.19999999999999
186 144 42.1
186 184 126.19999999999999
186 198 68.1
186 262 102.2
186 284 122.19999999999999
186 290 121.2
186 294 128.2
186 295 101.2
187 65 210.29999999999998
187 80 144.2
187 101 47.1
187 115 141.2
187 136 198.29999999999998
187 214 156.2
187 232 56.1
187 247 65.1
187 270 149.2
187 272 175.2
187 276 69.1
187 280 152.2
187 304 163.2
188 27 88.1
188 35 151.2
188 61 64.1
188 71 141.2
188 76 173.3
188 98 64.1
188 135 67.1
188 154 138.2
188 158 130.2
188 171 79.1
188 225 53.1
188 227 110.2
188 258 141.2
188 259 107.2
188 287 155.2
189 2 84.1
189 10 63.1
189 21 141.2
189 43 78.1
189 49 128.2
189 58 143.2
189 68 137.2
189 70 72.1
189 79 190.29999999999998
189 86 72.1
189 108 133.2
189 132 144.2
189 165 152.2
189 213 205.29999999999998
189 219 71.1
189 245 87.1
189 269 68.1
189 297 110.1
190 14 75.1
190 29 214.29999999999998
190 97 83.1
190 125 71.1
190 136 189.2
190 160 63.1
190 167 84.1
190 177 169.2
190 178 81.1
190 201 70.1
190 224 76.1
190 228 77.1
190 230 120.2
190 248 142.2
190 252 54.1
190 253 137.2
190 266 58.1
190 268 107.1
191 12 46.1
191 26 45.1
191 59 80.1
191 62 170.2
191 109 52.1
191 114 158.2
191 118 143.2
191 140 217.29999999999998
191 215 63.1
191 219 226.29999999999998
191 222 98.1
191 239 60.1
191 244 165.2
191 263 145.2
191 272 225.2
191 297 218.2
192 19 59.1
192 59 118.2
192 69 46.1
192 118 62.1
192 124 69.1
192 128 103.2
192 131 151.2
192 134 107.2
192 160 60.1
192 170 120.19999999999999
192 172 61.1
192 180 142.2
192 181 70.1
192 182 64.1
192 238 118.2
192 247 74.1
192 255 82.1
192 292 78.1
193 38 56.1
193 39 47.1
193 40 67.1
193 54 74.1
193 96 64.1
193 100 56.1
193 133 77.1
193 184 90.1
193 202 81.1
193 206 58.1
193 207 112.2
193 221 81.1
193 229 77.1
193 230 55.1
193 244 74.1
193 257 215.29999999999998
193 261 143.2
193 264 137.2
193 271 64.1
194 4 78.1
194 27 75.1
194 66 83.1
194 141 75.1
194 157 173.2
194 166 255.29999999999998
194 175 68.1
194 198 193.2
194 203 161.2
194 215 87.1
194 217 183.2
194 241 236.29999999999998
194 249 197.2
194 255 93.1
194 260 217.29999999999998
194 283 171.2
195 6 86.1
195 7 40.1
195 23 131.2
195 35 93.1
195 60 128.2
195 68 77.1
195 89 64.1
195 90 68.1
195 93 79.1
195 103 77.1
195 104 180.2
195 138 89.1
195 149 132.2
195 154 76.1
195 163 73.1
195 179 92.1
195 211 142.2
195 231 72.1
195 254 154.2
195 274 77.1
195 278 87.1
196 68 58.1
196 74 126.19999999999999
196 90 65.1
196 92 143.2
196 93 204.29999999999998
196 95 146.2
196 120 56.1
196 174 67.1
196 182 66.1
196 205 127.19999999999999
196 237 139.2
196 239 130.2
196 240 43.1
196 242 172.2
196 247 125.19999999999999
196 268 85.1
196 269 59.1
197 9 132.2
197 17 67.1
197 38 129.2
197 87 229.29999999999998
197 96 228.29999999999998
197 144 133.2
197 151 58.1
197 175 56.1
197 185 60.1
197 202 150.2
197 221 248.29999999999998
197 229 83.1
197 251 83.1
197 257 77.1
197 264 66.1
197 302 131.2
198 10 57.1
198 157 122.19999999999999
198 166 139.2
198 186 66.1
198 194 134.2
198 203 121.19999999999999
198 217 166.2
198 238 55.1
198 241 141.2
198 249 140.2
198 256 51.1
198 260 132.2
198 278 69.1
198 283 199.29999999999998
198 292 82.1
198 302 78.1
199 5 161.2
199 17 113.2
199 23 83.1
199 32 224.29999999999998
199 80 61.1
199 151 64.1
199 161 135.2
199 162 65.1
199 175 214.29999999999998
199 200 119.2
199 251 125.19999999999999
199 257 56.1
199 261 178.2
199 272 95.1
199 302 151.2
200 5 144.2
200 32 144.2
200 36 56.1
200 139 55.1
200 152 56.1
200 161 158.2
200 175 117.19999999999999
200 184 84.1
200 199 140.2
200 246 89.1
200 251 167.3
200 257 49.1
200 261 88.1
200 264 151.2
200 302 137.2
201 37 106.1
201 46 72.1
201 99 82.1
201 116 136.2
201 127 72.1
201 148 138.2
201 150 142.2
201 173 207.29999999999998
201 185 117.2
201 190 88.1
201 204 86.1
201 245 124.19999999999999
201 248 124.19999999999999
201 275 133.2
201 284 135.2
202 9 131.2
202 25 82.1
202 38 173.3
202 39 61.1
202 40 83.1
202 46 86.1
202 85 51.1
202 87 147.2
202 96 130.2
202 100 70.1
202 142 75.1
202 144 128.2
202 161 67.1
202 193 75.1
202 197 151.2
202 221 149.2
202 229 67.1
202 236 65.1
202 261 76.1
203 24 150.2
203 121 58.1
203 133 49.1
203 157 141.2
203 166 141.2
203 180 47.1
203 194 122.19999999999999
203 198 126.19999999999999
203 217 222.29999999999998
203 225 54.1
203 241 171.2
203 249 185.2
203 251 62.1
203 260 188.29999999999998
203 263 70.1
203 283 135.2
204 1 135.2
204 15 78.1
204 18 144.2
204 22 117.2
204 28 60.1
204 41 75.1
204 49 59.1
204 50 133.2
204 77 118.19999999999999
204 112 52.1
204 120 83.1
204 123 38.1
204 159 76.1
204 160 141.2
204 181 51.1
204 201 81.1
204 210 113.1
204 285 65.1
204 294 66.1
204 304 96.1
205 16 53.1
205 63 79.1
205 73 73.1
205 74 181.29999999999998
205 92 209.29999999999998
205 93 148.2
205 95 156.2
205 128 65.1
205 145 67.1
205 176 55.1
205 196 145.2
205 237 145.2
205 239 146.2
205 242 156.2
205 247 219.29999999999998
205 256 46.1
205 292 78.1
206 4 164.2
206 7 49.1
206 26 129.2
206 33 129.2
206 51 90.1
206 69 127.19999999999999
206 70 197.3
206 78 110.2
206 101 80.1
206 102 53.1
206 119 162.2
206 139 68.1
206 193 91.1
206 207 73.1
206 209 67.1
206 213 53.1
206 270 81.1
206 275 97.1
207 1 65.1
207 4 53.1
207 24 168.2
207 49 61.1
207 58 64.1
207 62 115.2
207 81 74.1
207 113 74.1
207 140 70.1
207 161 70.1
207 183 159.2
207 193 165.2
207 206 56.1
207 213 90.1
207 246 85.1
207 257 146.2
207 261 74.1
207 264 78.1
207 282 170.2
208 0 119.2
208 9 45.1
208 11 126.19999999999999
208 17 104.2
208 44 101.2
208 45 64.1
208 46 103.2
208 51 133.2
208 55 103.2
208 77 62.1
208 87 50.1
208 99 54.1
208 110 155.3
208 151 103.2
208 235 54.1
208 245 68.1
209 1 46.1
209 4 74.1
209 36 121.19999999999999
209 49 65.1
209 51 58.1
209 58 59.1
209 69 61.1
209 78 51.1
209 99 196.29999999999998
209 107 55.1
209 113 114.2
209 147 133.2
209 159 183.3
209 178 166.2
209 206 60.1
209 228 142.2
209 238 79.1
210 14 123.2
210 43 106.2
210 50 69.1
210 56 66.1
210 72 61.1
210 75 134.2
210 77 69.1
210 94 116.2
210 106 55.1
210 118 77.1
210 121 82.1
210 148 80.1
210 156 70.1
210 179 145.2
210 185 50.1
210 204 107.1
210 245 66.1
210 270 68.1
210 276 74.1
210 286 65.1
210 290 89.1
211 7 110.2
211 19 74.1
211 23 157.2
211 40 84.1
211 60 73.1
211 73 78.1
211 90 152.2
211 104 71.1
211 128 78.1
211 138 155.2
211 145 74.1
211 149 76.1
211 157 64.1
211 162 60.1
211 178 93.1
211 195 156.2
211 231 140.2
211 238 86.1
211 254 67.1
211 278 137.2
212 1 67.1
212 15 74.1
212 26 67.1
212 78 75.1
212 80 70.1
212 81 148.2
212 117 218.29999999999998
212 119 72.1
212 141 145.2
212 183 158.2
212 234 154.2
212 246 150.2
212 280 84.1
212 282 149.2
212 284 74.1
212 285 73.1
212 288 222.29999999999998
213 7 64.1
213 21 165.2
213 49 147.2
213 58 114.2
213 68 204.29999999999998
213 79 136.2
213 108 184.2
213 132 206.29999999999998
213 150 73.1
213 165 84.1
213 179 70.1
213 189 205.29999999999998
213 206 57.1
213 207 78.1
213 226 73.1
213 269 111.1
213 298 100.1
213 304 141.1
214 4 63.1
214 5 88.1
214 13 67.1
214 51 77.1
214 55 73.1
214 65 148.2
214 80 133.2
214 87 64.1
214 115 183.2
214 187 156.2
214 270 144.2
214 280 160.2
214 282 96.1
214 284 69.1
214 290 76.1
214 304 168.2
215 52 56.1
215 73 56.1
215 89 111.2
215 92 68.1
215 107 67.1
215 122 56.1
215 125 163.3
215 147 47.1
215 168 135.2
215 191 62.1
215 194 55.1
215 216 114.19999999999999
215 240 58.1
215 243 56.1
215 255 72.1
215 260 56.1
215 273 84.2
215 277 153.2
215 296 126.2
216 16 57.1
216 24 86.1
216 41 64.1
216 56 58.1
216 89 140.2
216 125 189.29999999999998
216 148 64.1
216 149 48.1
216 154 82.1
216 168 121.19999999999999
216 215 145.2
216 239 67.1
216 266 69.1
216 273 229.29999999999998
216 277 238.29999999999998
216 280 78.1
216 281 80.1
216 296 171.2
216 298 82.1
217 59 66.1
217 86 61.1
217 93 73.1
217 106 58.1
217 134 72.1
217 157 126.19999999999999
217 166 150.2
217 170 82.1
217 194 117.2
217 198 199.2
217 203 183.3
217 241 205.2
217 249 180.2
217 260 130.2
217 283 150.2
218 8 76.1
218 83 78.1
218 86 73.1
218 89 110.1
218 91 77.1
218 120 155.2
218 137 174.2
218 149 67.1
218 171 176.2
218 276 69.1
218 281 169.2
218 285 178.2
218 289 49.1
218 291 183.2
218 293 174.2
218 296 101.1
218 300 71.1
218 303 80.1
219 13 41.1
219 62 121.19999999999999
219 63 59.1
219 114 205.29999999999998
219 118 151.2
219 140 132.2
219 189 54.1
219 191 219.29999999999998
219 233 142.2
219 244 185.2
219 261 69.1
219 263 180.29999999999998
219 272 218.2
219 297 189.2
220 35 88.1
220 53 135.2
220 57 133.2
220 60 80.1
220 61 190.29999999999998
220 66 170.2
220 76 86.1
220 149 46.1
220 152 105.2
220 153 91.1
220 225 134.2
220 233 173.2
220 234 76.1
220 236 154.2
220 256 85.1
220 258 62.1
220 263 74.1
221 5 99.1
221 9 211.29999999999998
221 38 131.2
221 40 68.1
221 59 69.1
221 65 62.1
221 87 148.2
221 94 58.1
221 96 167.2
221 144 105.2
221 193 90.1
221 197 194.29999999999998
221 202 126.19999999999999
221 251 58.1
221 257 80.1
221 260 61.1
221 279 80.1
221 300 69.1
222 27 64.1
222 33 41.1
222 64 73.1
222 95 68.1
222 104 57.1
222 126 55.1
222 174 192.29999999999998
222 191 77.1
222 239 64.1
222 243 150.2
222 247 64.1
222 267 159.2
222 271 138.2
222 274 218.29999999999998
222 298 153.2
222 299 175.2
222 301 138.2
223 27 132.2
223 47 204.29999999999998
223 56 65.1
223 64 154.2
223 68 52.1
223 79 62.1
223 91 147.2
223 130 80.1
223 155 224.29999999999998
223 162 129.2
223 232 90.2
223 266 62.1
223 277 74.1
223 281 63.1
223 289 159.2
223 303 147.2
224 14 64.1
224 29 67.1
224 30 107.2
224 43 55.1
224 93 71.1
224 94 55.1
224 97 159.2
224 131 70.1
224 136 91.1
224 165 64.1
224 167 156.2
224 173 70.1
224 177 69.1
224 190 75.1
224 230 66.1
224 252 108.2
224 253 60.1
224 266 135.2
224 268 148.2
224 296 95.1
225 49 77.1
225 53 142.2
225 57 137.2
225 61 239.29999999999998
225 66 260.29999999999995
225 84 69.1
225 117 65.1
225 152 104.2
225 154 81.1
225 165 63.1
225 188 49.1
225 203 57.1
225 220 152.2
225 233 247.29999999999998
225 236 133.2
225 250 70.1
225 297 115.1
226 34 143.2
226 40 116.2
226 45 149.2
226 100 149.2
226 111 125.19999999999999
226 129 137.2
226 142 149.2
226 213 57.1
226 229 135.2
226 235 133.2
226 257 81.1
226 262 50.1
226 279 134.2
226 286 129.2
227 3 52.1
227 35 210.29999999999998
227 53 57.1
227 67 53.1
227 71 151.2
227 76 139.2
227 100 60.1
227 115 103.1
227 154 172.2
227 158 248.29999999999998
227 188 127.19999999999999
227 258 157.2
227 259 149.2
227 269 66.1
227 274 78.1
227 279 80.1
227 287 164.2
228 4 71.1
228 18 64.1
228 21 78.1
228 36 165.2
228 37 79.1
228 99 218.29999999999998
228 111 54.1
228 113 141.2
228 140 55.1
228 142 80.1
228 147 138.2
228 159 153.2
228 178 147.2
228 190 80.1
228 209 141.2
228 248 74.1
228 304 111.1
229 11 63.1
229 32 62.1
229 39 85.1
229 40 134.2
229 45 156.2
229 100 123.19999999999999
229 111 142.2
229 142 136.2
229 144 53.1
229 169 58.1
229 193 76.1
229 197 57.1
229 202 63.1
229 226 153.2
229 235 122.19999999999999
229 279 157.2
229 286 102.2
230 21 64.1
230 26 59.1
230 29 136.2
230 97 56.1
230 117 136.2
230 136 144.2
230 167 92.1
230 168 60.1
230 177 161.2
230 190 135.2
230 193 70.1
230 224 70.1
230 252 50.1
230 253 169.2
230 266 62.1
230 268 118.2
230 276 59.1
230 294 69.1
231 7 110.2
231 19 60.1
231 20 102.19999999999999
231 23 78.1
231 36 49.1
231 60 130.2
231 82 68.1
231 84 77.1
231 90 143.2
231 104 62.1
231 118 74.1
231 138 155.3
231 149 58.1
231 153 76.1
231 158 63.1
231 195 74.1
231 211 128.2
231 254 79.1
231 278 130.2
231 281 58.1
232 27 115.2
232 47 132.3
232 56 60.1
232 64 122.19999999999999
232 68 57.1
232 77 54.1
232 91 127.19999999999999
232 120 73.1
232 138 51.1
232 148 51.1
232 155 134.2
232 156 47.1
232 162 157.3
232 187 85.1
232 223 111.19999999999999
232 256 62.1
232 266 52.1
232 289 176.29999999999998
233 26 52.1
233 53 112.19999999999999
233 57 170.2
233 61 124.19999999999999
233 66 155.2
233 97 73.1
233 106 74.1
233 114 77.1
233 152 120.19999999999999
233 153 63.1
233 219 152.2
233 220 146.2
233 225 232.29999999999998
233 236 137.2
233 244 124.19999999999999
234 60 71.1
234 72 70.1
234 76 68.1
234 81 140.2
234 109 88.1
234 115 82.1
234 117 213.29999999999998
234 141 126.19999999999999
234 167 79.1
234 183 168.2
234 212 136.2
234 220 64.1
234 236 68.1
234 246 137.2
234 282 167.2
234 288 140.2
235 0 57.1
235 25 71.1
235 33 68.1
235 40 150.2
235 45 150.2
235 61 45.1
235 64 98.1
235 76 62.1
235 96 86.1
235 100 156.2
235 111 144.2
235 142 148.2
235 208 65.1
235 226 136.2
235 229 152.2
235 279 181.2
235 286 224.29999999999998
236 21 62.1
236 53 125.19999999999999
236 57 181.2
236 61 111.2
236 66 153.2
236 71 73.1
236 108 72.1
236 121 65.1
236 143 78.1
236 152 138.3
236 202 66.1
236 220 158.2
236 225 134.2
236 233 128.2
236 234 61.1
236 269 77.1
236 281 70.1
237 2 71.1
237 14 75.1
237 31 62.1
237 73 83.1
237 74 135.2
237 92 228.29999999999998
237 93 164.2
237 95 135.2
237 102 62.1
237 125 72.1
237 196 161.2
237 205 150.2
237 239 145.2
237 242 284.29999999999995
237 247 162.2
237 254 81.1
237 301 74.1
238 7 42.1
238 43 51.1
238 46 78.1
238 59 133.2
238 61 65.1
238 86 61.1
238 124 74.1
238 128 176.3
238 131 156.2
238 134 143.2
238 166 67.1
238 170 126.19999999999999
238 180 157.2
238 192 147.2
238 198 83.1
238 209 67.1
238 211 70.1
238 254 68.1
238 255 90.1
239 3 52.1
239 6 55.1
239 19 50.1
239 74 117.19999999999999
239 92 189.29999999999998
239 93 125.19999999999999
239 95 137.2
239 104 61.1
239 191 79.1
239 196 158.2
239 205 144.2
239 216 47.1
239 222 82.1
239 237 100.2
239 240 54.1
239 242 170.2
239 247 153.2
240 20 128.2
240 49 56.1
240 50 59.1
240 63 192.29999999999998
240 69 71.1
240 73 123.2
240 84 105.2
240 92 81.1
240 95 80.1
240 145 61.1
240 146 156.2
240 174 81.1
240 182 146.2
240 196 70.1
240 215 79.1
240 239 86.1
240 256 102.2
240 298 76.1
240 301 82.1
241 12 63.1
241 19 70.1
241 23 69.1
241 52 67.1
241 63 71.1
241 65 59.1
241 146 70.1
241 157 145.2
241 166 146.2
241 172 92.1
241 194 199.29999999999998
241 198 154.2
241 203 133.2
241 217 175.2
241 249 231.29999999999998
241 260 133.2
241 283 165.2
242 52 81.1
242 74 143.2
242 92 155.2
242 93 174.2
242 94 60.1
242 95 267.29999999999995
242 104 78.1
242 163 67.1
242 170 87.1
242 174 76.1
242 196 149.2
242 205 123.19999999999999
242 237 209.29999999999998
242 239 145.2
242 247 173.2
242 278 67.1
243 6 60.1
243 54 69.1
243 58 56.1
243 70 60.1
243 86 65.1
243 95 69.1
243 103 80.1
243 104 59.1
243 106 58.1
243 152 54.1
243 174 169.2
243 215 57.1
243 222 134.2
243 267 138.2
243 271 134.2
243 274 145.2
243 298 155.2
243 299 128.2
243 301 163.2
244 30 58.1
244 33 76.1
244 62 156.2
244 66 68.1
244 114 179.2
244 118 143.2
244 140 134.2
244 153 55.1
244 191 185.2
244 193 73.1
244 219 158.2
244 233 143.2
244 263 132.2
244 272 182.2
244 297 178.2
245 10 72.1
245 14 77.1
245 47 92.1
245 81 69.1
245 116 201.29999999999998
245 144 94.1
245 148 208.29999999999998
245 150 170.2
245 173 170.2
245 185 126.19999999999999
245 189 72.1
245 201 154.2
245 208 61.1
245 210 68.1
245 248 207.29999999999998
245 275 148.2
245 284 127.19999999999999
246 43 65.1
246 48 65.1
246 79 71.1
246 81 159.2
246 89 77.1
246 117 158.2
246 141 149.2
246 160 74.1
246 183 140.2
246 200 72.1
246 207 69.1
246 212 149.2
246 234 133.2
246 253 90.1
246 282 153.2
246 288 151.2
247 63 86.1
247 74 155.2
247 92 143.2
247 93 143.2
247 95 193.2
247 146 80.1
247 155 64.1
247 156 64.1
247 176 80.1
247 187 72.1
247 192 69.1
247 196 137.2
247 205 191.29999999999998
247 222 59.1
247 237 139.2
247 239 142.2
247 242 177.2
248 22 56.1
248 54 64.1
248 116 123.2
248 148 138.2
248 150 129.2
248 173 144.2
248 184 68.1
248 185 93.2
248 190 148.2
248 201 111.2
248 228 55.1
248 245 163.3
248 262 91.1
248 275 184.29999999999998
248 284 101.2
249 59 72.1
249 76 64.1
249 82 63.1
249 88 78.1
249 134 61.1
249 145 80.1
249 157 127.19999999999999
249 166 138.2
249 172 79.1
249 178 74.1
249 194 143.2
249 198 133.2
249 203 179.2
249 217 169.2
249 241 228.29999999999998
249 260 136.2
249 283 176.2
250 25 154.2
250 34 104.2
250 39 210.29999999999998
250 54 130.2
250 82 162.2
250 117 72.1
250 129 107.2
250 130 160.2
250 133 117.19999999999999
250 169 95.2
250 225 63.1
250 265 132.2
250 289 60.1
251 5 199.29999999999998
251 32 130.2
251 54 71.1
251 87 49.1
251 110 54.1
251 128 41.1
251 142 81.1
251 161 133.2
251 175 134.2
251 197 68.1
251 199 133.2
251 200 202.29999999999998
251 203 45.1
251 221 61.1
251 257 64.1
251 282 66.1
251 302 143.2
252 12 60.1
252 29 98.1
252 91 67.1
252 97 131.2
252 98 61.1
252 136 89.1
252 167 172.2
252 171 76.1
252 177 83.1
252 190 75.1
252 224 133.2
252 230 58.1
252 253 91.1
252 266 134.2
252 268 152.2
252 273 160.2
252 277 72.1
252 303 162.2
253 14 55.1
253 29 164.2
253 65 76.1
253 75 69.1
253 97 61.1
253 112 59.1
253 136 147.2
253 167 75.1
253 177 172.2
253 190 150.2
253 224 62.1
253 230 145.2
253 246 68.1
253 252 78.1
253 266 57.1
253 268 75.1
253 275 139.2
253 296 87.1
253 300 60.1
254 7 48.1
254 10 50.1
254 18 60.1
254 23 159.2
254 60 124.19999999999999
254 68 65.1
254 76 53.1
254 90 124.19999999999999
254 104 119.2
254 106 68.1
254 113 58.1
254 128 52.1
254 129 62.1
254 138 53.1
254 149 111.2
254 150 63.1
254 155 64.1
254 172 72.1
254 195 148.2
254 211 65.1
254 231 96.1
254 237 66.1
254 238 66.1
254 278 57.1
255 19 128.2
255 82 122.2
255 84 75.1
255 95 78.1
255 102 53.1
255 124 134.2
255 128 45.1
255 131 69.1
255 134 80.1
255 151 66.1
255 170 72.1
255 172 224.29999999999998
255 181 127.19999999999999
255 185 55.1
255 192 61.1
255 194 73.1
255 215 67.1
255 238 73.1
255 292 159.2
256 2 67.1
256 20 135.2
256 24 98.1
256 42 68.1
256 63 146.2
256 73 104.2
256 74 65.1
256 84 207.29999999999998
256 85 65.1
256 146 127.19999999999999
256 158 76.1
256 176 81.1
256 181 73.1
256 182 112.2
256 198 74.1
256 205 74.1
256 220 76.1
256 232 69.1
256 240 139.2
256 278 61.1
257 5 73.1
257 45 75.1
257 51 76.1
257 87 83.1
257 108 145.2
257 119 82.1
257 175 51.1
257 193 204.29999999999998
257 197 60.1
257 199 71.1
257 200 72.1
257 207 141.2
257 221 97.1
257 226 75.1
257 251 71.1
257 261 218.29999999999998
257 264 157.2
258 20 67.1
258 33 59.1
258 35 117.2
258 57 71.1
258 71 166.2
258 76 194.29999999999998
258 114 65.1
258 117 88.1
258 154 141.2
258 158 235.29999999999998
258 162 92.1
258 188 128.2
258 220 57.1
258 227 160.2
258 259 208.29999999999998
258 287 168.2
258 289 76.1
259 20 53.1
259 35 120.19999999999999
259 61 50.1
259 71 153.2
259 76 137.2
259 130 77.1
259 132 61.1
259 141 171.2
259 154 140.2
259 158 148.2
259 164 56.1
259 188 128.2
259 227 142.2
259 258 214.29999999999998
259 287 154.2
259 297 99.1
260 34 83.1
260 83 68.1
260 88 74.1
260 92 62.1
260 134 72.1
260 157 132.2
260 166 139.2
260 172 54.1
260 194 190.29999999999998
260 198 159.2
260 203 205.29999999999998
260 215 70.1
260 217 141.2
260 221 75.1
260 241 154.2
260 249 150.2
260 283 209.29999999999998
261 32 68.1
261 38 73.1
261 57 84.1
261 64 106.1
261 83 83.1
261 87 70.1
261 96 68.1
261 134 73.1
261 161 149.2
261 193 163.2
261 199 164.2
261 200 77.1
261 202 64.1
261 207 82.1
261 219 64.1
261 257 228.29999999999998
261 264 254.29999999999998
261 302 82.1
262 37 133.2
262 65 89.1
262 79 68.1
262 101 127.19999999999999
262 107 115.2
262 119 82.1
262 127 132.2
262 129 67.1
262 177 90.1
262 184 138.2
262 186 129.2
262 226 46.1
262 248 61.1
262 290 144.2
262 294 126.19999999999999
262 295 140.2
263 57 59.1
263 62 142.2
263 84 69.1
263 93 66.1
263 114 138.2
263 118 107.2
263 140 125.19999999999999
263 143 61.1
263 191 122.19999999999999
263 203 54.1
263 219 181.3
263 220 66.1
263 244 116.2
263 272 178.2
263 297 176.2
264 6 58.1
264 23 81.1
264 31 63.1
264 32 70.1
264 38 80.1
264 39 55.1
264 51 73.1
264 58 67.1
264 63 60.1
264 96 75.1
264 161 71.1
264 162 62.1
264 175 47.1
264 193 145.2
264 197 44.1
264 200 159.2
264 207 66.1
264 257 141.2
264 261 215.29999999999998
264 302 65.1
265 5 68.1
265 25 148.2
265 26 66.1
265 34 130.2
265 39 146.2
265 54 146.2
265 109 73.1
265 115 87.1
265 119 83.1
265 129 143.2
265 130 129.2
265 133 248.29999999999998
265 156 51.1
265 162 52.1
265 169 145.2
265 250 156.2
266 2 76.1
266 24 63.1
266 29 60.1
266 91 62.1
266 97 182.3
266 105 43.1
266 136 73.1
266 167 199.29999999999998
266 177 69.1
266 190 75.1
266 216 60.1
266 223 57.1
266 224 143.2
266 230 58.1
266 232 74.1
266 252 119.19999999999999
266 253 60.1
266 268 133.2
266 303 78.1
267 18 54.1
267 30 53.1
267 50 39.1
267 75 50.1
267 103 39.1
267 174 128.2
267 222 154.2
267 243 128.2
267 271 159.3
267 274 133.2
267 298 126.19999999999999
267 299 107.2
267 300 47.1
267 301 129.2
268 29 150.2
268 47 61.1
268 97 141.2
268 122 44.1
268 125 92.1
268 131 82.1
268 132 75.1
268 136 90.1
268 167 176.2
268 177 71.1
268 190 95.1
268 196 60.1
268 224 137.2
268 230 126.19999999999999
268 252 115.2
268 253 68.1
268 266 123.19999999999999
268 278 73.1
268 283 80.1
269 21 150.2
269 29 64.1
269 49 126.19999999999999
269 53 61.1
269 58 133.2
269 62 70.1
269 68 132.2
269 79 140.2
269 81 78.1
269 108 150.2
269 132 119.19999999999999
269 165 159.2
269 189 58.1
269 196 68.1
269 213 75.1
269 227 78.1
269 236 73.1
269 300 69.1
270 1 77.1
270 4 68.1
270 47 48.1
270 65 186.3
270 75 67.1
270 78 63.1
270 80 268.29999999999995
270 115 143.2
270 144 62.1
270 151 76.1
270 160 87.1
270 177 90.1
270 187 166.2
270 206 71.1
270 210 61.1
270 214 143.2
270 280 170.2
270 304 194.2
271 16 64.1
271 24 144.2
271 41 70.1
271 174 136.2
271 193 59.1
271 222 186.2
271 243 164.2
271 267 206.29999999999998
271 273 61.1
271 274 220.29999999999998
271 276 56.1
271 293 82.1
271 298 231.29999999999998
271 299 127.19999999999999
271 301 144.2
272 62 191.2
272 64 127.1
272 77 73.1
272 114 207.2
272 118 149.2
272 140 185.2
272 183 91.1
272 185 43.1
272 187 190.2
272 191 208.2
272 199 86.1
272 219 195.2
272 244 182.2
272 263 173.2
272 297 211.2
273 22 65.1
273 31 67.1
273 89 222.29999999999998
273 100 63.1
273 105 60.1
273 125 136.2
273 168 144.2
273 171 172.2
273 215 122.19999999999999
273 216 183.29999999999998
273 252 135.2
273 271 57.1
273 277 165.2
273 293 89.1
273 296 168.2
274 26 59.1
274 35 92.1
274 66 86.1
274 106 69.1
274 152 57.1
274 174 141.2
274 178 86.1
274 195 76.1
274 222 260.29999999999995
274 227 55.1
274 243 169.2
274 267 159.2
274 271 198.29999999999998
274 298 160.2
274 299 164.2
274 301 232.29999999999998
275 78 63.1
275 116 131.2
275 130 67.1
275 141 82.1
275 148 159.2
275 150 144.2
275 173 168.2
275 185 114.2
275 201 138.2
275 206 62.1
275 245 136.2
275 248 196.29999999999998
275 253 131.2
275 282 87.1
275 284 106.2
276 75 55.1
276 86 48.1
276 109 83.1
276 120 58.1
276 137 236.29999999999998
276 171 134.2
276 179 69.1
276 187 66.1
276 210 57.1
276 218 71.1
276 230 74.1
276 271 63.1
276 281 80.1
276 285 168.2
276 291 160.2
276 293 145.2
276 300 152.2
276 303 86.1
277 18 66.1
277 24 153.2
277 60 62.1
277 89 123.19999999999999
277 125 119.2
277 149 49.1
277 168 152.2
277 215 142.2
277 216 189.29999999999998
277 223 62.1
277 252 52.1
277 273 142.2
277 293 50.1
277 296 149.2
277 300 61.1
278 7 104.2
278 23 62.1
278 42 47.1
278 60 68.1
278 63 76.1
278 90 113.2
278 95 95.1
278 104 115.2
278 131 48.1
278 138 97.2
278 149 57.1
278 172 64.1
278 182 66.1
278 195 75.1
278 198 57.1
278 211 122.19999999999999
278 231 97.2
278 242 75.1
278 254 60.1
278 256 58.1
278 268 72.1
279 9 51.1
279 17 74.1
279 40 146.2
279 45 222.29999999999998
279 87 87.1
279 96 60.1
279 100 141.2
279 111 216.29999999999998
279 133 68.1
279 142 160.2
279 183 48.1
279 221 76.1
279 226 147.2
279 227 64.1
279 229 178.2
279 235 149.2
279 286 202.29999999999998
280 9 59.1
280 36 70.1
280 65 164.2
280 80 261.29999999999995
280 81 73.1
280 115 189.2
280 127 94.1
280 160 100.1
280 177 109.1
280 185 61.1
280 187 209.2
280 212 79.1
280 214 166.2
280 216 98.1
280 270 158.2
280 304 340.29999999999995
281 2 65.1
281 56 81.1
281 71 62.1
281 102 50.1
281 105 55.1
281 120 134.2
281 135 59.1
281 137 153.2
281 171 150.2
281 216 64.1
281 218 139.2
281 223 39.1
281 231 61.1
281 236 78.1
281 276 66.1
281 285 163.2
281 291 221.29999999999998
281 293 93.1
281 300 72.1
282 50 78.1
282 81 234.29999999999998
282 112 53.1
282 117 157.2
282 141 212.29999999999998
282 183 180.2
282 207 136.2
282 212 136.2
282 214 100.1
282 234 169.2
282 246 145.2
282 251 65.1
282 275 89.1
282 288 173.2
283 12 39.1
283 16 56.1
283 74 120.19999999999999
283 84 62.1
283 90 61.1
283 157 128.2
283 166 132.2
283 194 112.19999999999999
283 198 207.29999999999998
283 203 137.2
283 217 133.2
283 241 153.2
283 249 162.2
283 260 169.3
283 268 66.1
283 301 86.1
284 34 56.1
284 79 71.1
284 91 71.1
284 116 195.29999999999998
284 148 110.2
284 150 101.2
284 173 148.2
284 185 153.3
284 186 121.2
284 201 132.2
284 212 68.1
284 214 61.1
284 245 104.2
284 248 102.2
284 275 112.19999999999999
285 13 58.1
285 69 73.1
285 89 145.2
285 113 81.1
285 120 165.3
285 137 166.2
285 139 57.1
285 171 64.1
285 204 50.1
285 212 70.1
285 218 165.2
285 276 133.2
285 281 179.2
285 291 91.1
285 293 88.1
285 300 68.1
285 303 169.2
286 5 79.1
286 40 158.2
286 45 148.2
286 49 61.1
286 54 52.1
286 80 80.1
286 100 139.2
286 111 130.2
286 114 70.1
286 142 217.29999999999998
286 165 69.1
286 169 43.1
286 210 77.1
286 226 146.2
286 229 139.2
286 235 209.29999999999998
286 279 200.29999999999998
287 35 138.2
287 36 57.1
287 49 51.1
287 61 54.1
287 71 138.2
287 76 126.19999999999999
287 139 69.1
287 143 63.1
287 154 138.2
287 158 155.2
287 164 76.1
287 188 133.2
287 227 144.2
287 258 161.2
287 259 135.2
288 13 57.1
288 28 32.1
288 64 83.1
288 71 84.1
288 72 61.1
288 81 139.2
288 117 143.2
288 137 85.1
288 141 136.2
288 183 138.2
288 212 196.3
288 234 132.2
288 246 129.2
288 282 150.2
289 24 76.1
289 27 164.2
289 47 115.19999999999999
289 48 58.1
289 64 188.2
289 73 72.1
289 82 69.1
289 91 160.2
289 149 66.1
289 155 146.2
289 162 168.2
289 218 90.1
289 223 143.2
289 232 172.3
289 250 64.1
289 258 72.1
290 1 67.1
290 18 71.1
290 37 156.2
290 75 76.1
290 77 60.1
290 101 169.2
290 107 240.29999999999998
290 127 143.2
290 130 60.1
290 159 64.1
290 184 281.29999999999995
290 186 131.2
290 210 58.1
290 214 73.1
290 262 174.2
290 294 200.2
290 295 132.2
291 2 78.1
291 16 67.1
291 29 83.1
291 83 71.1
291 101 83.1
291 112 51.1
291 120 154.2
291 123 71.1
291 137 125.1
291 171 162.2
291 218 170.2
291 276 151.2
291 281 258.29999999999995
291 285 93.1
291 293 183.2
291 300 164.2
291 303 176.2
292 19 102.19999999999999
292 59 72.1
292 82 159.29999999999998
292 95 52.1
292 124 155.2
292 131 59.1
292 134 60.1
292 143 62.1
292 170 64.1
292 172 200.29999999999998
292 181 145.2
292 192 75.1
292 198 58.1
292 205 57.1
292 255 161.2
292 303 74.1
293 15 63.1
293 41 81.1
293 97 53.1
293 102 49.1
293 105 61.1
293 120 176.2
293 137 71.1
293 168 71.1
293 171 145.2
293 218 146.2
293 271 66.1
293 273 81.1
293 276 125.19999999999999
293 277 72.1
293 281 78.1
293 285 89.1
293 291 182.2
293 300 142.2
294 4 47.1
294 14 62.1
294 37 156.2
294 101 162.2
294 107 134.2
294 113 56.1
294 127 151.2
294 128 51.1
294 160 69.1
294 177 65.1
294 184 129.2
294 186 114.2
294 204 54.1
294 230 53.1
294 262 138.2
294 290 157.2
294 295 126.19999999999999
295 4 75.1
295 21 86.1
295 37 229.29999999999998
295 67 80.1
295 99 98.1
295 101 141.2
295 107 185.29999999999998
295 119 77.1
295 127 163.2
295 159 90.1
295 184 157.2
295 186 140.2
295 262 157.2
295 290 148.2
295 294 147.2
296 30 56.1
296 50 69.1
296 83 48.1
296 89 152.2
296 105 63.1
296 123 55.1
296 125 155.2
296 167 65.1
296 168 198.29999999999998
296 171 62.1
296 215 142.2
296 216 120.2
296 218 78.1
296 224 73.1
296 253 76.1
296 273 142.2
296 277 147.2
297 43 56.1
297 60 76.1
297 62 139.2
297 66 79.1
297 78 45.1
297 114 218.29999999999998
297 118 130.2
297 132 69.1
297 140 150.2
297 189 80.1
297 191 155.2
297 219 160.2
297 225 75.1
297 244 137.2
297 259 74.1
297 263 134.2
297 272 236.2
298 1 49.1
298 15 81.1
298 81 53.1
298 174 127.19999999999999
298 213 51.1
298 216 76.1
298 222 146.2
298 240 59.1
298 243 148.2
298 267 155.2
298 271 158.3
298 274 131.2
298 299 197.29999999999998
298 301 146.2
299 31 53.1
299 60 59.1
299 94 62.1
299 108 61.1
299 146 69.1
299 147 50.1
299 174 141.2
299 222 161.2
299 243 146.2
299 267 135.2
299 271 117.2
299 274 134.2
299 298 194.29999999999998
299 301 123.19999999999999
300 33 59.1
300 41 45.1
300 94 48.1
300 120 46.1
300 123 44.1
300 137 102.2
300 147 63.1
300 170 57.1
300 171 119.2
300 218 48.1
300 221 59.1
300 253 58.1
300 267 43.1
300 269 60.1
300 276 105.2
300 277 59.1
300 281 74.1
300 285 70.1
300 291 135.2
300 293 93.2
301 73 81.1
301 122 81.1
301 125 58.1
301 126 71.1
301 155 49.1
301 174 123.19999999999999
301 178 74.1
301 222 134.2
301 237 57.1
301 240 65.1
301 243 156.2
301 267 150.2
301 271 121.2
301 274 180.3
301 283 81.1
301 298 155.2
301 299 125.19999999999999
302 5 171.2
302 17 58.1
302 32 139.2
302 45 66.1
302 87 72.1
302 144 48.1
302 151 55.1
302 161 115.2
302 175 130.2
302 197 108.2
302 198 68.1
302 199 116.2
302 200 133.2
302 251 114.19999999999999
302 261 66.1
302 264 73.1
303 15 59.1
303 18 56.1
303 29 114.2
303 41 55.1
303 78 60.1
303 82 55.1
303 83 60.1
303 105 28.1
303 168 120.19999999999999
303 218 66.1
303 223 118.2
303 252 115.19999999999999
303 266 62.1
303 276 60.1
303 285 167.2
303 291 139.2
303 292 71.1
304 14 72.1
304 65 167.2
304 80 164.2
304 113 54.1
304 115 167.2
304 127 62.1
304 163 59.1
304 179 52.1
304 187 157.2
304 204 51.1
304 213 50.1
304 214 148.2
304 228 85.1
304 270 162.2
304 280 273.29999999999995
