0 1 1.2000000000000002
0 2 6.199999999999999
0 3 3.2
0 4 3.2
0 5 4.2
0 6 1.2000000000000002
0 7 3.2
0 8 2.2
0 9 1.2000000000000002
0 10 3.2
0 11 2.2
0 12 2.2
0 13 6.199999999999999
0 14 5.2
0 15 3.2
0 16 0.2
0 17 2.2
0 18 4.2
0 19 1.2000000000000002
1 0 3.2
1 2 5.2
1 3 1.2000000000000002
1 4 2.2
1 5 3.2
1 6 0.2
1 7 4.2
1 8 0.2
1 9 1.2000000000000002
1 10 3.2
1 11 3.2
1 12 3.2
1 13 4.2
1 14 1.2000000000000002
1 15 1.2000000000000002
1 16 4.2
1 17 1.2000000000000002
1 18 2.2
1 19 0.2
2 0 1.2000000000000002
2 1 0.2
2 3 0.2
2 4 3.2
2 5 5.2
2 6 3.2
2 7 2.2
2 8 1.2000000000000002
2 9 2.2
2 10 0.2
2 11 4.199999999999999
2 12 4.2
2 13 2.2
2 14 2.2
2 15 2.2
2 16 2.2
2 17 3.2
2 18 1.2000000000000002
2 19 5.2
3 0 8.2
3 1 6.199999999999999
3 2 5.199999999999999
3 4 4.2
3 5 7.199999999999999
3 6 9.2
3 7 6.199999999999999
3 8 3.2
3 9 4.2
3 10 10.2
3 11 9.2
3 12 3.2
3 13 5.2
3 14 3.2
3 15 4.2
3 16 5.2
3 17 3.2
3 18 4.2
3 19 5.199999999999999
4 0 3.2
4 1 6.2
4 2 4.2
4 3 5.2
4 5 2.2
4 6 1.2000000000000002
4 7 1.2000000000000002
4 8 3.2
4 9 3.2
4 10 3.2
4 11 3.2
4 12 3.2
4 13 2.2
4 14 7.199999999999999
4 15 0.2
4 16 3.2
4 17 4.2
4 18 3.2
4 19 4.2
5 0 1.2000000000000002
5 1 1.2000000000000002
5 2 4.2
5 3 1.2000000000000002
5 4 0.2
5 6 1.2000000000000002
5 7 4.2
5 8 1.2000000000000002
5 9 1.2000000000000002
5 10 2.2
5 11 4.199999999999999
5 12 1.2000000000000002
5 13 4.2
5 14 3.2
5 15 3.2
5 16 2.2
5 17 0.2
5 18 0.2
5 19 1.2000000000000002
6 0 0.2
6 1 3.2
6 2 2.2
6 3 1.2000000000000002
6 4 1.2000000000000002
6 5 3.2
6 7 2.2
6 8 0.2
6 9 2.2
6 10 1.2000000000000002
6 11 3.2
6 12 0.2
6 13 3.2
6 14 3.2
6 15 1.2000000000000002
6 16 1.2000000000000002
6 17 1.2000000000000002
6 18 4.2
6 19 3.2
7 0 3.2
7 1 2.2
7 2 2.2
7 3 0.2
7 4 1.2000000000000002
7 5 1.2000000000000002
7 6 2.2
7 8 0.2
7 9 2.2
7 10 4.2
7 11 1.2000000000000002
7 12 1.2000000000000002
7 13 4.2
7 14 3.2
7 15 0.2
7 16 1.2000000000000002
7 17 0.2
7 18 2.2
7 19 3.2
8 0 1.2000000000000002
8 1 2.2
8 2 6.199999999999999
8 3 1.2000000000000002
8 4 4.2
8 5 9.2
8 6 6.199999999999999
8 7 4.2
8 9 6.2
8 10 3.2
8 11 10.2
8 12 2.2
8 13 3.2
8 14 7.199999999999999
8 15 2.2
8 16 5.2
8 17 5.199999999999999
8 18 3.2
8 19 7.199999999999999
9 0 1.2000000000000002
9 1 5.2
9 2 3.2
9 3 2.2
9 4 4.2
9 5 4.2
9 6 2.2
9 7 0.2
9 8 2.2
9 10 3.2
9 11 12.2
9 12 3.2
9 13 7.199999999999999
9 14 5.199999999999999
9 15 2.2
9 16 2.2
9 17 4.2
9 18 2.2
9 19 4.2
10 0 1.2000000000000002
10 1 4.2
10 2 5.199999999999999
10 3 3.2
10 4 1.2000000000000002
10 5 2.2
10 6 0.2
10 7 6.199999999999999
10 8 2.2
10 9 3.2
10 11 1.2000000000000002
10 12 4.2
10 13 3.2
10 14 5.199999999999999
10 15 1.2000000000000002
10 16 1.2000000000000002
10 17 4.2
10 18 0.2
10 19 2.2
11 0 3.2
11 1 2.2
11 2 0.2
11 3 3.2
11 4 1.2000000000000002
11 5 0.2
11 6 3.2
11 7 2.2
11 8 0.2
11 9 1.2000000000000002
11 10 2.2
11 12 2.2
11 13 4.2
11 14 3.2
11 15 2.2
11 16 3.2
11 17 1.2000000000000002
11 18 2.2
11 19 3.2
12 0 0.2
12 1 3.2
12 2 2.2
12 3 0.2
12 4 3.2
12 5 3.2
12 6 1.2000000000000002
12 7 3.2
12 8 1.2000000000000002
12 9 2.2
12 10 3.2
12 11 4.2
12 13 3.2
12 14 1.2000000000000002
12 15 3.2
12 16 2.2
12 17 1.2000000000000002
12 18 2.2
12 19 1.2000000000000002
13 0 3.2
13 1 2.2
13 2 1.2000000000000002
13 3 1.2000000000000002
13 4 1.2000000000000002
13 5 1.2000000000000002
13 6 1.2000000000000002
13 7 1.2000000000000002
13 8 1.2000000000000002
13 9 4.199999999999999
13 10 4.2
13 11 1.2000000000000002
13 12 3.2
13 14 6.199999999999999
13 15 0.2
13 16 2.2
13 17 4.2
13 18 1.2000000000000002
13 19 5.2
14 0 0.2
14 1 0.2
14 2 3.2
14 3 2.2
14 4 4.2
14 5 2.2
14 6 2.2
14 7 3.2
14 8 1.2000000000000002
14 9 1.2000000000000002
14 10 1.2000000000000002
14 11 4.2
14 12 0.2
14 13 1.2000000000000002
14 15 1.2000000000000002
14 16 1.2000000000000002
14 17 3.2
14 18 2.2
14 19 3.2
15 0 2.2
15 1 2.2
15 2 5.2
15 3 0.2
15 4 3.2
15 5 4.199999999999999
15 6 5.199999999999999
15 7 2.2
15 8 3.2
15 9 3.2
15 10 3.2
15 11 2.2
15 12 3.2
15 13 8.2
15 14 6.199999999999999
15 16 1.2000000000000002
15 17 2.2
15 18 1.2000000000000002
15 19 6.2
16 0 3.2
16 1 7.199999999999999
16 2 6.199999999999999
16 3 0.2
16 4 8.2
16 5 8.2
16 6 5.2
16 7 5.199999999999999
16 8 2.2
16 9 4.2
16 10 2.2
16 11 6.199999999999999
16 12 4.2
16 13 4.2
16 14 5.2
16 15 3.2
16 17 2.2
16 18 5.199999999999999
16 19 4.2
17 0 4.2
17 1 6.199999999999999
17 2 5.2
17 3 6.199999999999999
17 4 0.2
17 5 3.2
17 6 3.2
17 7 4.2
17 8 3.2
17 9 0.2
17 10 5.199999999999999
17 11 4.2
17 12 5.199999999999999
17 13 9.2
17 14 2.2
17 15 2.2
17 16 4.199999999999999
17 18 4.2
17 19 4.2
18 0 0.2
18 1 3.2
18 2 1.2000000000000002
18 3 1.2000000000000002
18 4 3.2
18 5 2.2
18 6 2.2
18 7 1.2000000000000002
18 8 3.2
18 9 0.2
18 10 1.2000000000000002
18 11 3.2
18 12 2.2
18 13 4.2
18 14 2.2
18 15 3.2
18 16 0.2
18 17 3.2
18 19 5.2
19 0 2.2
19 1 0.2
19 2 2.2
19 3 2.2
19 4 3.2
19 5 3.2
19 6 1.2000000000000002
19 7 3.2
19 8 0.2
19 9 1.2000000000000002
19 10 3.2
19 11 3.2
19 12 2.2
19 13 6.199999999999999
19 14 6.2
19 15 2.2
19 16 2.2
19 17 2.2
19 18 4.2
