0 1 66.1
0 7 92.1
0 11 104.1
0 15 93.1
0 20 71.1
0 40 161.2
0 50 224.29999999999998
0 57 174.2
0 59 166.2
0 63 98.1
0 68 146.2
0 85 66.1
0 103 228.29999999999998
0 138 89.1
0 146 75.1
0 153 84.1
0 154 85.1
0 159 84.1
0 160 81.1
0 170 223.29999999999998
0 200 78.1
0 214 88.1
0 229 87.1
0 246 69.1
1 0 54.1
1 12 54.1
1 23 72.1
1 33 69.1
1 51 204.29999999999998
1 96 128.2
1 99 71.1
1 107 83.1
1 124 78.1
1 133 61.1
1 155 69.1
1 158 129.2
1 162 187.29999999999998
1 184 62.1
1 195 71.1
1 217 76.1
1 233 151.2
1 236 137.2
1 244 65.1
1 245 86.1
1 248 204.29999999999998
1 256 63.1
2 18 126.19999999999999
2 22 183.29999999999998
2 26 58.1
2 59 76.1
2 86 66.1
2 103 86.1
2 110 131.2
2 129 80.1
2 130 79.1
2 143 170.2
2 153 81.1
2 172 206.29999999999998
2 182 69.1
2 194 125.19999999999999
2 200 76.1
2 218 79.1
2 219 157.2
2 232 76.1
2 244 202.29999999999998
2 255 153.2
3 30 175.2
3 59 52.1
3 111 123.19999999999999
3 128 154.2
3 137 130.2
3 149 77.1
3 157 189.2
3 173 145.2
3 186 56.1
3 207 154.2
3 209 75.1
3 235 57.1
3 259 154.2
3 265 254.29999999999998
3 269 79.1
4 8 144.2
4 10 165.2
4 11 78.1
4 21 168.2
4 49 99.1
4 79 159.2
4 87 67.1
4 136 104.1
4 144 134.2
4 159 172.2
4 160 77.1
4 163 201.29999999999998
4 170 65.1
4 184 155.2
4 185 60.1
4 217 97.1
4 224 153.2
4 231 78.1
5 17 117.2
5 19 118.19999999999999
5 34 112.2
5 52 61.1
5 56 64.1
5 90 131.2
5 95 170.2
5 139 132.2
5 142 135.2
5 211 55.1
5 212 79.1
5 230 156.2
5 239 62.1
5 266 138.2
5 277 63.1
6 8 65.1
6 14 121.19999999999999
6 16 56.1
6 25 130.2
6 26 61.1
6 39 78.1
6 60 132.2
6 73 87.1
6 103 68.1
6 108 129.2
6 114 79.1
6 189 80.1
6 203 71.1
6 212 164.3
6 216 132.2
6 237 121.2
6 244 65.1
6 263 153.2
7 0 86.1
7 8 83.1
7 9 154.2
7 13 181.2
7 15 257.29999999999995
7 27 69.1
7 54 89.1
7 61 60.1
7 68 71.1
7 83 237.29999999999998
7 87 160.2
7 90 67.1
7 106 72.1
7 110 81.1
7 116 81.1
7 117 80.1
7 130 179.2
7 162 72.1
7 169 94.1
7 220 222.29999999999998
7 227 180.2
7 253 101.1
8 4 154.2
8 6 98.1
8 7 68.1
8 9 69.1
8 10 183.3
8 21 136.2
8 33 84.1
8 63 86.1
8 68 51.1
8 79 152.2
8 90 88.1
8 101 93.1
8 140 63.1
8 144 152.2
8 159 153.2
8 163 232.29999999999998
8 184 137.2
8 209 77.1
8 224 232.29999999999998
9 7 147.2
9 8 64.1
9 20 79.1
9 22 80.1
9 33 242.29999999999998
9 45 83.1
9 51 73.1
9 68 64.1
9 74 196.2
9 84 72.1
9 92 77.1
9 107 139.2
9 117 229.29999999999998
9 120 91.1
9 133 72.1
9 140 65.1
9 162 66.1
9 167 86.1
9 180 142.2
9 193 174.2
9 197 81.1
9 206 76.1
9 211 88.1
9 237 94.1
10 4 161.2
10 8 167.3
10 21 152.2
10 27 70.1
10 36 87.1
10 71 72.1
10 79 217.29999999999998
10 85 74.1
10 144 158.2
10 147 82.1
10 149 82.1
10 159 158.2
10 163 138.2
10 177 84.1
10 181 91.1
10 184 149.2
10 186 72.1
10 224 143.2
11 0 82.1
11 4 81.1
11 29 66.1
11 37 70.1
11 47 71.1
11 55 102.1
11 64 47.1
11 79 117.19999999999999
11 86 62.1
11 113 74.1
11 115 66.1
11 120 64.1
11 126 61.1
11 128 71.1
11 136 82.1
11 145 132.2
11 146 73.1
11 193 155.2
11 204 85.1
11 213 73.1
11 218 68.1
11 223 77.1
11 249 79.1
11 272 81.1
11 277 67.1
12 1 62.1
12 21 87.1
12 29 188.2
12 41 138.2
12 56 143.2
12 74 67.1
12 82 140.2
12 88 177.2
12 92 155.2
12 121 74.1
12 129 79.1
12 140 158.2
12 166 105.1
12 170 49.1
12 175 155.2
12 200 168.2
12 220 70.1
12 254 56.1
12 267 82.1
12 270 85.1
13 7 143.2
13 15 260.29999999999995
13 18 77.1
13 21 54.1
13 26 72.1
13 42 81.1
13 50 62.1
13 52 70.1
13 57 63.1
13 59 69.1
13 82 55.1
13 83 155.2
13 87 134.2
13 111 81.1
13 117 68.1
13 130 177.2
13 203 61.1
13 220 158.2
13 227 120.19999999999999
13 232 91.1
13 242 67.1
13 273 95.1
13 278 80.1
14 6 158.2
14 19 61.1
14 25 130.2
14 30 92.1
14 38 52.1
14 41 61.1
14 60 122.19999999999999
14 108 124.19999999999999
14 113 55.1
14 118 98.2
14 127 71.1
14 186 51.1
14 212 136.2
14 216 206.29999999999998
14 237 166.29999999999998
14 243 81.1
14 260 132.1
14 263 163.2
14 276 66.1
15 0 84.1
15 7 242.29999999999998
15 13 254.29999999999998
15 33 68.1
15 68 72.1
15 71 93.1
15 76 100.1
15 82 59.1
15 83 165.2
15 87 151.2
15 106 92.1
15 129 98.1
15 130 207.2
15 145 103.1
15 148 107.1
15 149 103.1
15 220 168.2
15 221 81.1
15 227 190.2
15 244 79.1
15 251 85.1
16 6 71.1
16 23 153.2
16 39 107.2
16 49 138.2
16 66 70.1
16 114 135.2
16 118 206.3
16 119 52.1
16 135 111.2
16 142 73.1
16 148 155.2
16 176 63.1
16 177 72.1
16 183 151.2
16 188 180.29999999999998
16 230 64.1
16 266 67.1
17 5 114.2
17 19 83.2
17 31 64.1
17 66 116.2
17 90 116.2
17 95 125.19999999999999
17 110 56.1
17 114 59.1
17 139 54.1
17 142 196.29999999999998
17 156 54.1
17 176 50.1
17 230 127.19999999999999
17 243 58.1
17 257 62.1
17 266 136.2
18 2 122.2
18 13 42.1
18 22 97.2
18 51 67.1
18 54 72.1
18 87 50.1
18 92 67.1
18 110 137.2
18 129 58.1
18 153 80.1
18 172 122.19999999999999
18 194 119.19999999999999
18 198 63.1
18 219 139.2
18 225 50.1
18 226 65.1
18 244 129.2
18 255 110.2
19 5 135.2
19 14 46.1
19 17 128.2
19 39 70.1
19 46 86.1
19 67 81.1
19 90 129.2
19 95 139.2
19 96 55.1
19 112 82.1
19 114 66.1
19 142 129.2
19 176 67.1
19 177 77.1
19 230 154.2
19 257 63.1
19 260 96.1
19 263 81.1
19 266 128.2
20 0 70.1
20 9 86.1
20 26 235.29999999999998
20 28 65.1
20 45 220.29999999999998
20 78 135.2
20 80 56.1
20 102 85.1
20 104 146.2
20 120 69.1
20 125 164.2
20 131 80.1
20 133 72.1
20 178 104.1
20 179 180.2
20 186 139.2
20 189 243.29999999999998
20 199 67.1
20 210 88.1
20 234 79.1
20 242 85.1
20 250 62.1
20 274 98.1
21 4 148.2
21 8 117.2
21 10 138.2
21 12 52.1
21 13 67.1
21 48 82.1
21 79 136.2
21 82 54.1
21 99 158.2
21 144 118.19999999999999
21 149 79.1
21 159 121.2
21 163 143.2
21 184 125.19999999999999
21 224 185.29999999999998
21 231 78.1
21 268 79.1
22 2 183.3
22 9 74.1
22 18 135.2
22 27 68.1
22 67 81.1
22 110 131.2
22 113 54.1
22 130 76.1
22 147 144.2
22 172 130.2
22 194 193.29999999999998
22 218 63.1
22 219 184.29999999999998
22 227 67.1
22 244 102.2
22 248 67.1
22 255 131.2
23 1 73.1
23 16 177.2
23 26 61.1
23 39 166.2
23 40 64.1
23 49 187.2
23 57 60.1
23 68 73.1
23 97 83.1
23 107 73.1
23 113 60.1
23 114 229.29999999999998
23 117 67.1
23 118 255.29999999999998
23 135 208.29999999999998
23 148 158.2
23 183 180.2
23 188 168.2
23 211 82.1
23 215 88.1
23 257 163.2
23 263 105.1
24 27 139.2
24 45 68.1
24 52 133.2
24 54 88.1
24 60 66.1
24 71 84.1
24 74 81.1
24 89 54.1
24 97 123.19999999999999
24 113 125.2
24 119 138.2
24 120 135.2
24 123 148.2
24 128 81.1
24 196 89.1
24 203 124.2
24 237 79.1
24 243 130.2
24 255 59.1
25 6 167.2
25 14 118.2
25 49 145.2
25 53 67.1
25 60 139.2
25 65 78.1
25 108 123.19999999999999
25 113 76.1
25 114 80.1
25 130 82.1
25 146 64.1
25 163 57.1
25 212 146.2
25 216 143.2
25 237 153.2
25 259 80.1
25 263 223.29999999999998
25 266 76.1
26 2 56.1
26 6 76.1
26 13 53.1
26 20 201.29999999999998
26 23 49.1
26 40 64.1
26 45 129.2
26 78 127.19999999999999
26 84 50.1
26 85 59.1
26 89 68.1
26 98 73.1
26 102 85.1
26 104 145.2
26 125 141.2
26 179 233.29999999999998
26 186 162.2
26 189 140.2
26 192 66.1
26 229 61.1
26 250 87.1
26 264 101.1
26 274 85.1
26 278 67.1
27 7 64.1
27 10 61.1
27 22 72.1
27 24 161.2
27 31 74.1
27 52 151.2
27 67 92.1
27 85 61.1
27 97 166.2
27 108 82.1
27 113 113.2
27 119 134.2
27 120 179.2
27 123 136.2
27 176 65.1
27 203 132.2
27 216 74.1
27 230 75.1
27 243 138.2
27 248 65.1
27 257 70.1
28 20 58.1
28 35 83.1
28 40 41.1
28 42 70.1
28 47 76.1
28 69 237.29999999999998
28 74 69.1
28 98 181.3
28 104 74.1
28 134 147.2
28 169 150.2
28 184 134.2
28 202 150.2
28 221 60.1
28 222 137.2
28 229 206.29999999999998
28 242 171.2
28 251 124.2
29 11 88.1
29 12 138.2
29 41 152.2
29 52 74.1
29 56 117.19999999999999
29 82 128.2
29 86 75.1
29 88 132.2
29 91 49.1
29 92 151.2
29 107 68.1
29 125 72.1
29 140 138.2
29 175 135.2
29 200 127.19999999999999
29 258 76.1
30 3 181.2
30 14 82.1
30 42 101.1
30 54 69.1
30 94 175.2
30 111 202.29999999999998
30 137 148.2
30 147 64.1
30 162 69.1
30 173 172.2
30 181 139.2
30 269 191.2
30 273 139.2
30 280 160.2
31 17 62.1
31 27 55.1
31 34 128.2
31 44 100.2
31 53 182.29999999999998
31 66 180.29999999999998
31 100 71.1
31 129 59.1
31 139 119.2
31 176 137.2
31 177 138.2
31 183 74.1
31 243 58.1
31 257 141.2
31 260 106.1
32 41 61.1
32 43 134.2
32 115 135.2
32 134 80.1
32 150 134.2
32 152 78.1
32 165 193.3
32 178 119.2
32 185 67.1
32 208 115.2
32 211 67.1
32 218 68.1
32 242 63.1
32 262 211.29999999999998
32 264 121.19999999999999
32 282 111.2
33 1 53.1
33 8 54.1
33 9 207.29999999999998
33 15 65.1
33 51 58.1
33 58 76.1
33 74 178.2
33 96 51.1
33 107 139.2
33 117 126.19999999999999
33 143 72.1
33 167 68.1
33 180 213.29999999999998
33 193 151.2
33 194 60.1
33 197 62.1
33 218 82.1
33 227 58.1
34 5 116.2
34 31 122.19999999999999
34 44 144.2
34 52 71.1
34 53 149.2
34 66 135.2
34 135 50.1
34 139 158.2
34 148 51.1
34 176 123.19999999999999
34 177 154.2
34 212 60.1
34 232 74.1
34 260 116.1
34 263 81.1
34 277 60.1
35 28 67.1
35 40 80.1
35 47 68.1
35 48 156.2
35 63 137.2
35 76 84.1
35 93 183.3
35 127 74.1
35 157 74.1
35 158 68.1
35 160 136.2
35 165 69.1
35 186 63.1
35 191 67.1
35 199 203.29999999999998
35 201 75.1
35 213 211.29999999999998
35 234 148.2
35 274 83.1
36 10 71.1
36 46 89.1
36 55 87.1
36 65 124.2
36 81 115.19999999999999
36 100 145.2
36 136 158.2
36 174 206.29999999999998
36 191 128.2
36 196 73.1
36 237 70.1
36 241 74.1
36 252 128.2
36 275 155.2
36 278 76.1
37 11 63.1
37 47 143.2
37 80 75.1
37 102 66.1
37 126 85.1
37 127 210.29999999999998
37 131 60.1
37 132 169.2
37 141 155.2
37 146 67.1
37 151 75.1
37 187 66.1
37 192 230.29999999999998
37 195 139.2
37 210 55.1
37 211 60.1
37 249 73.1
37 272 231.29999999999998
38 14 40.1
38 62 153.2
38 117 69.1
38 121 120.2
38 122 66.1
38 140 73.1
38 152 92.1
38 166 131.2
38 182 122.19999999999999
38 187 139.2
38 197 120.19999999999999
38 215 131.2
38 222 74.1
38 258 126.19999999999999
38 261 151.2
38 267 116.2
39 6 74.1
39 16 126.19999999999999
39 19 63.1
39 23 141.2
39 49 193.2
39 86 48.1
39 114 138.2
39 118 118.2
39 120 64.1
39 127 65.1
39 135 114.2
39 148 121.19999999999999
39 155 50.1
39 183 143.2
39 188 118.2
39 206 86.1
39 216 75.1
39 232 51.1
39 251 47.1
40 0 143.2
40 23 63.1
40 26 62.1
40 28 42.1
40 35 81.1
40 47 91.1
40 50 136.2
40 57 229.29999999999998
40 59 138.2
40 68 122.19999999999999
40 88 66.1
40 97 67.1
40 103 136.2
40 146 62.1
40 160 77.1
40 163 60.1
40 170 199.29999999999998
40 208 84.1
40 210 74.1
40 223 91.1
41 12 165.2
41 14 76.1
41 29 167.2
41 32 90.1
41 56 154.2
41 82 142.2
41 83 80.1
41 88 164.2
41 92 165.2
41 121 84.1
41 140 156.2
41 169 87.1
41 175 147.2
41 200 179.2
41 222 93.1
41 232 98.1
41 262 89.1
41 267 103.1
41 270 99.1
42 13 77.1
42 28 72.1
42 30 132.1
42 51 74.1
42 76 127.19999999999999
42 107 94.1
42 117 63.1
42 122 219.29999999999998
42 156 162.2
42 167 238.29999999999998
42 175 92.1
42 191 70.1
42 198 187.2
42 226 252.29999999999998
42 254 145.2
42 259 148.2
43 32 109.2
43 64 63.1
43 115 95.2
43 125 55.1
43 126 63.1
43 138 65.1
43 150 133.2
43 161 67.1
43 165 178.3
43 171 85.1
43 178 137.2
43 202 62.1
43 208 118.19999999999999
43 222 57.1
43 262 141.2
43 264 117.19999999999999
43 271 72.1
43 282 120.19999999999999
44 31 130.2
44 34 136.2
44 53 151.2
44 60 63.1
44 66 142.2
44 85 75.1
44 113 57.1
44 119 66.1
44 123 77.1
44 139 154.2
44 176 143.2
44 177 223.29999999999998
44 212 68.1
44 257 156.2
44 266 61.1
45 9 73.1
45 20 216.29999999999998
45 24 102.1
45 26 157.2
45 55 102.1
45 64 90.1
45 78 155.2
45 84 97.1
45 104 145.2
45 109 102.1
45 125 250.29999999999998
45 146 81.1
45 179 171.2
45 185 96.1
45 186 209.29999999999998
45 189 180.2
45 199 89.1
45 242 83.1
46 19 65.1
46 36 75.1
46 100 141.2
46 137 100.2
46 149 131.2
46 153 109.2
46 190 111.2
46 207 137.2
46 209 125.19999999999999
46 260 167.2
46 273 150.2
46 278 142.2
46 280 141.2
47 11 66.1
47 28 62.1
47 35 56.1
47 37 135.2
47 40 58.1
47 48 60.1
47 50 55.1
47 127 219.29999999999998
47 132 140.2
47 141 112.2
47 152 107.1
47 154 60.1
47 160 66.1
47 192 127.19999999999999
47 195 123.19999999999999
47 196 87.1
47 213 66.1
47 234 57.1
47 239 51.1
47 272 122.19999999999999
48 21 57.1
48 35 139.2
48 47 82.1
48 63 218.29999999999998
48 75 68.1
48 77 58.1
48 93 122.2
48 122 73.1
48 158 75.1
48 160 137.2
48 199 189.29999999999998
48 201 144.2
48 213 143.2
48 234 162.2
48 245 158.2
49 4 74.1
49 16 138.2
49 23 173.2
49 25 143.2
49 39 211.2
49 53 161.2
49 82 64.1
49 114 156.2
49 118 199.29999999999998
49 135 142.2
49 148 135.2
49 183 161.2
49 188 149.2
49 216 170.2
49 226 75.1
50 0 199.29999999999998
50 13 64.1
50 40 142.2
50 47 68.1
50 57 165.2
50 59 165.2
50 68 186.29999999999998
50 74 66.1
50 89 81.1
50 93 46.1
50 101 101.1
50 103 123.19999999999999
50 115 73.1
50 143 71.1
50 158 79.1
50 160 67.1
50 170 116.2
50 206 92.1
50 236 68.1
50 240 71.1
51 1 201.29999999999998
51 9 70.1
51 18 77.1
51 33 69.1
51 42 86.1
51 74 71.1
51 96 191.29999999999998
51 158 118.2
51 162 121.19999999999999
51 184 71.1
51 198 75.1
51 218 64.1
51 226 80.1
51 233 156.2
51 236 120.2
51 248 116.19999999999999
51 252 80.1
51 259 69.1
52 5 64.1
52 13 63.1
52 24 142.2
52 27 133.2
52 29 68.1
52 34 80.1
52 87 72.1
52 90 76.1
52 97 136.2
52 103 74.1
52 113 126.19999999999999
52 119 135.2
52 120 161.2
52 123 148.2
52 135 57.1
52 139 78.1
52 148 70.1
52 188 49.1
52 189 74.1
52 203 149.2
52 216 69.1
52 243 101.2
53 25 68.1
53 31 188.29999999999998
53 34 150.2
53 44 121.19999999999999
53 49 200.2
53 66 120.2
53 139 166.2
53 176 224.29999999999998
53 177 197.2
53 216 86.1
53 231 63.1
53 237 76.1
53 257 170.2
53 259 76.1
53 266 56.1
54 7 78.1
54 18 86.1
54 24 74.1
54 30 87.1
54 71 112.2
54 72 125.19999999999999
54 77 145.2
54 88 79.1
54 99 194.29999999999998
54 105 118.2
54 106 146.2
54 147 54.1
54 155 133.2
54 175 64.1
54 181 76.1
54 206 168.2
54 225 68.1
54 252 72.1
54 263 76.1
55 11 93.1
55 36 74.1
55 45 61.1
55 68 52.1
55 88 57.1
55 102 103.1
55 109 67.1
55 111 54.1
55 129 136.2
55 154 69.1
55 162 123.2
55 182 72.1
55 196 67.1
55 205 188.3
55 223 125.19999999999999
55 230 69.1
55 238 59.1
55 245 136.2
55 260 181.2
55 266 55.1
56 5 84.1
56 12 123.19999999999999
56 29 164.2
56 41 155.2
56 82 117.2
56 83 61.1
56 88 160.2
56 92 150.2
56 124 62.1
56 140 152.2
56 165 76.1
56 175 135.2
56 191 108.1
56 195 89.1
56 200 152.2
56 219 55.1
56 229 56.1
56 268 81.1
57 0 169.2
57 13 84.1
57 23 65.1
57 40 218.29999999999998
57 50 158.2
57 59 164.2
57 68 155.2
57 69 114.1
57 80 92.1
57 86 66.1
57 92 73.1
57 97 89.1
57 103 180.2
57 120 107.1
57 126 115.1
57 146 73.1
57 170 163.2
57 187 99.1
57 193 109.1
57 204 104.1
57 211 110.1
57 248 69.1
57 249 129.1
58 33 80.1
58 61 143.2
58 62 83.1
58 70 67.1
58 86 85.1
58 96 52.1
58 104 83.1
58 134 71.1
58 143 268.29999999999995
58 147 159.2
58 149 91.1
58 153 227.29999999999998
58 154 77.1
58 168 159.2
58 179 85.1
58 197 74.1
58 218 93.1
58 255 56.1
58 279 163.2
59 0 147.2
59 2 81.1
59 3 96.1
59 13 64.1
59 40 139.2
59 50 150.2
59 57 131.2
59 68 126.19999999999999
59 72 65.1
59 96 70.1
59 103 137.2
59 107 137.2
59 128 89.1
59 136 100.1
59 170 195.3
59 189 69.1
59 223 83.1
59 256 92.1
59 265 87.1
59 268 75.1
59 272 101.1
59 276 79.1
60 6 163.2
60 14 116.19999999999999
60 24 53.1
60 25 118.19999999999999
60 44 56.1
60 108 168.3
60 130 65.1
60 155 49.1
60 160 39.1
60 175 59.1
60 212 123.19999999999999
60 216 139.2
60 217 55.1
60 237 136.2
60 247 83.1
60 263 131.2
60 277 76.1
61 7 51.1
61 58 156.2
61 62 127.19999999999999
61 83 77.1
61 92 59.1
61 122 51.1
61 130 71.1
61 143 133.2
61 147 119.2
61 153 163.3
61 168 227.29999999999998
61 175 71.1
61 182 70.1
61 206 64.1
61 218 50.1
61 267 67.1
61 279 147.2
62 38 143.2
62 58 61.1
62 61 133.2
62 121 151.2
62 129 47.1
62 166 59.1
62 182 226.29999999999998
62 187 143.2
62 197 120.19999999999999
62 215 139.2
62 221 65.1
62 254 87.1
62 258 151.2
62 261 159.2
62 267 129.2
63 0 66.1
63 8 52.1
63 35 144.2
63 48 175.29999999999998
63 93 104.2
63 103 60.1
63 106 62.1
63 127 61.1
63 160 106.2
63 185 53.1
63 199 118.2
63 213 135.2
63 234 124.19999999999999
63 245 127.19999999999999
63 251 57.1
64 11 56.1
64 43 65.1
64 45 67.1
64 70 144.3
64 75 143.2
64 78 72.1
64 80 108.2
64 84 116.2
64 109 59.1
64 126 69.1
64 161 67.1
64 171 223.29999999999998
64 195 71.1
64 199 53.1
64 211 135.2
64 229 59.1
64 249 261.29999999999995
64 250 62.1
64 271 72.1
65 25 61.1
65 36 136.2
65 67 50.1
65 81 104.2
65 136 127.19999999999999
65 142 59.1
65 174 148.2
65 177 74.1
65 190 82.2
65 191 164.2
65 207 82.1
65 227 63.1
65 252 154.2
65 273 69.1
65 275 198.3
66 16 47.1
66 17 112.2
66 31 196.29999999999998
66 34 113.2
66 44 135.2
66 53 125.19999999999999
66 77 53.1
66 139 132.2
66 176 126.19999999999999
66 177 140.2
66 237 70.1
66 257 133.2
66 259 68.1
66 270 70.1
67 19 66.1
67 22 62.1
67 27 96.1
67 65 62.1
67 73 211.3
67 85 148.2
67 100 240.29999999999998
67 116 144.2
67 124 188.29999999999998
67 144 76.1
67 162 68.1
67 172 52.1
67 180 77.1
67 190 69.1
67 209 126.19999999999999
67 241 225.29999999999998
68 0 134.2
68 7 56.1
68 8 54.1
68 9 76.1
68 15 69.1
68 23 80.1
68 40 133.2
68 50 177.3
68 55 103.1
68 57 155.2
68 59 133.2
68 103 122.19999999999999
68 143 58.1
68 170 111.2
68 193 67.1
68 201 92.1
68 235 66.1
68 253 80.1
68 268 94.1
68 274 106.1
69 28 182.3
69 57 71.1
69 91 47.1
69 98 112.2
69 119 59.1
69 131 72.1
69 134 130.2
69 169 122.2
69 170 46.1
69 196 82.1
69 202 136.2
69 210 78.1
69 222 174.29999999999998
69 229 117.2
69 240 82.1
69 242 125.19999999999999
69 251 115.2
69 274 74.1
70 58 46.1
70 64 139.3
70 75 114.2
70 78 40.1
70 80 153.3
70 84 123.19999999999999
70 96 34.1
70 109 66.1
70 171 147.2
70 178 56.1
70 189 61.1
70 210 74.1
70 211 105.2
70 218 66.1
70 249 158.2
70 250 52.1
70 274 64.1
70 276 50.1
71 10 65.1
71 15 92.1
71 24 62.1
71 54 120.2
71 72 111.2
71 77 120.19999999999999
71 96 60.1
71 99 159.3
71 105 119.2
71 106 114.2
71 128 94.1
71 133 62.1
71 147 82.1
71 155 110.2
71 162 66.1
71 170 55.1
71 206 227.29999999999998
72 54 120.19999999999999
72 59 64.1
72 71 109.2
72 77 124.2
72 99 182.3
72 105 101.2
72 106 159.3
72 114 67.1
72 117 55.1
72 119 69.1
72 130 62.1
72 140 59.1
72 155 188.29999999999998
72 176 65.1
72 206 161.2
72 214 83.1
72 220 57.1
72 269 74.1
73 6 84.1
73 67 199.29999999999998
73 85 146.2
73 100 159.2
73 116 187.29999999999998
73 124 130.2
73 149 223.29999999999998
73 180 68.1
73 181 70.1
73 209 211.29999999999998
73 231 65.1
73 241 148.2
73 247 163.2
73 275 156.2
74 9 151.2
74 12 66.1
74 24 90.1
74 28 76.1
74 33 187.2
74 50 84.1
74 51 85.1
74 93 71.1
74 101 88.1
74 107 163.2
74 117 137.2
74 158 137.2
74 180 154.2
74 193 254.29999999999998
74 197 82.1
74 213 95.1
74 234 147.2
74 235 79.1
74 236 90.1
74 238 72.1
75 48 49.1
75 64 125.19999999999999
75 70 102.2
75 80 119.2
75 84 115.2
75 152 60.1
75 161 51.1
75 171 124.19999999999999
75 178 63.1
75 199 115.2
75 208 49.1
75 211 188.3
75 212 50.1
75 228 51.1
75 249 150.2
75 264 93.1
75 271 58.1
76 15 68.1
76 35 62.1
76 42 129.2
76 105 84.1
76 122 139.2
76 156 143.2
76 159 75.1
76 167 143.2
76 168 58.1
76 191 75.1
76 198 145.2
76 221 69.1
76 225 61.1
76 226 200.29999999999998
76 252 147.2
76 254 134.2
76 255 64.1
77 48 56.1
77 54 141.2
77 66 68.1
77 71 90.2
77 72 102.2
77 99 106.2
77 105 110.2
77 106 98.2
77 147 67.1
77 155 95.2
77 159 61.1
77 206 128.2
77 219 58.1
77 268 59.1
77 278 51.1
78 20 114.2
78 26 112.2
78 45 125.19999999999999
78 64 74.1
78 70 53.1
78 104 128.2
78 125 140.2
78 152 84.1
78 161 80.1
78 165 89.1
78 171 70.1
78 175 70.1
78 179 133.2
78 186 129.2
78 189 210.29999999999998
78 202 55.1
78 208 73.1
78 222 78.1
79 4 140.2
79 8 124.19999999999999
79 10 209.29999999999998
79 11 156.2
79 21 146.2
79 88 73.1
79 96 69.1
79 144 149.2
79 154 69.1
79 157 86.1
79 159 145.2
79 163 141.2
79 184 127.19999999999999
79 193 85.1
79 211 70.1
79 224 133.2
79 263 62.1
80 20 47.1
80 37 62.1
80 57 68.1
80 64 99.2
80 70 157.3
80 75 139.2
80 84 136.2
80 97 69.1
80 115 46.1
80 123 60.1
80 131 44.1
80 146 58.1
80 154 71.1
80 171 138.2
80 189 66.1
80 211 93.2
80 216 72.1
80 218 59.1
80 240 62.1
80 249 180.2
80 274 63.1
81 36 115.19999999999999
81 65 133.2
81 103 61.1
81 136 157.2
81 157 72.1
81 164 118.19999999999999
81 167 77.1
81 174 165.3
81 191 145.2
81 231 50.1
81 252 183.29999999999998
81 254 61.1
81 256 69.1
81 275 130.2
82 12 142.2
82 13 67.1
82 15 57.1
82 21 51.1
82 29 155.2
82 41 131.2
82 49 115.1
82 56 112.2
82 83 64.1
82 88 133.2
82 92 161.2
82 140 129.2
82 143 95.1
82 167 79.1
82 170 59.1
82 175 149.2
82 200 147.2
82 206 102.1
82 239 91.1
82 277 84.1
83 7 218.29999999999998
83 13 154.2
83 15 155.2
83 41 82.1
83 56 74.1
83 61 67.1
83 82 62.1
83 87 214.29999999999998
83 105 94.1
83 112 83.1
83 130 251.29999999999998
83 140 65.1
83 159 80.1
83 172 55.1
83 219 69.1
83 220 161.2
83 227 141.2
84 9 60.1
84 26 46.1
84 45 72.1
84 64 110.2
84 70 125.2
84 75 125.19999999999999
84 80 132.2
84 89 80.1
84 91 58.1
84 98 58.1
84 146 63.1
84 171 240.29999999999998
84 178 92.1
84 187 65.1
84 211 146.2
84 229 72.1
84 249 190.2
84 261 94.1
84 262 103.1
84 274 72.1
85 0 62.1
85 10 57.1
85 26 78.1
85 27 79.1
85 44 53.1
85 67 152.2
85 73 121.19999999999999
85 92 56.1
85 99 68.1
85 100 173.2
85 116 186.29999999999998
85 124 147.2
85 149 81.1
85 190 81.1
85 209 61.1
85 231 154.2
85 241 147.2
85 252 60.1
85 278 87.1
86 2 64.1
86 11 84.1
86 29 74.1
86 39 60.1
86 57 64.1
86 58 71.1
86 115 66.1
86 121 82.1
86 130 91.1
86 133 157.2
86 143 72.1
86 146 136.2
86 154 68.1
86 158 56.1
86 171 86.1
86 175 74.1
86 195 77.1
86 218 152.2
86 220 55.1
86 231 87.1
86 255 76.1
86 258 68.1
86 277 66.1
86 280 84.1
86 281 70.1
87 4 63.1
87 7 131.2
87 13 142.2
87 15 126.19999999999999
87 18 85.1
87 52 79.1
87 83 206.29999999999998
87 88 69.1
87 123 80.1
87 130 156.2
87 163 61.1
87 168 77.1
87 177 76.1
87 183 80.1
87 220 118.19999999999999
87 227 212.29999999999998
87 237 64.1
87 255 71.1
88 12 150.2
88 29 151.2
88 40 78.1
88 41 165.2
88 54 70.1
88 55 83.1
88 56 156.2
88 79 80.1
88 82 127.19999999999999
88 87 66.1
88 92 152.2
88 108 57.1
88 122 91.1
88 125 74.1
88 140 141.2
88 166 99.1
88 175 133.2
88 200 162.2
88 218 80.1
89 24 63.1
89 26 64.1
89 50 52.1
89 84 86.1
89 91 136.2
89 98 100.2
89 115 70.1
89 126 167.2
89 131 145.2
89 132 69.1
89 138 137.2
89 141 80.1
89 159 76.1
89 161 160.2
89 185 121.19999999999999
89 229 50.1
89 261 62.1
89 271 133.2
90 5 166.2
90 7 61.1
90 8 56.1
90 17 140.2
90 19 125.19999999999999
90 52 84.1
90 95 163.2
90 106 75.1
90 112 94.1
90 114 67.1
90 133 57.1
90 142 166.2
90 168 62.1
90 183 81.1
90 216 83.1
90 228 84.1
90 230 193.2
90 232 85.1
90 257 100.1
90 260 129.1
90 266 120.19999999999999
91 29 54.1
91 69 54.1
91 84 48.1
91 89 105.2
91 113 41.1
91 126 119.19999999999999
91 127 56.1
91 131 121.19999999999999
91 132 40.1
91 138 138.2
91 141 62.1
91 159 45.1
91 161 97.2
91 185 104.2
91 189 43.1
91 195 69.1
91 261 59.1
91 271 121.19999999999999
92 9 58.1
92 12 150.2
92 18 86.1
92 29 180.2
92 41 176.2
92 56 140.2
92 57 62.1
92 61 79.1
92 82 140.2
92 85 67.1
92 88 151.2
92 113 81.1
92 133 71.1
92 140 155.2
92 154 88.1
92 175 132.2
92 182 72.1
92 198 81.1
92 200 150.2
92 266 84.1
93 35 182.3
93 48 149.2
93 50 58.1
93 63 131.2
93 74 67.1
93 97 57.1
93 101 69.1
93 103 66.1
93 158 131.2
93 160 180.29999999999998
93 170 64.1
93 179 70.1
93 196 76.1
93 199 139.2
93 201 74.1
93 213 150.2
93 230 75.1
93 234 129.2
93 236 59.1
94 30 158.2
94 112 60.1
94 117 73.1
94 128 129.2
94 164 149.2
94 198 68.1
94 205 114.2
94 223 140.2
94 235 125.19999999999999
94 238 118.19999999999999
94 239 133.2
94 259 130.2
94 265 231.29999999999998
94 276 114.19999999999999
94 280 78.1
95 5 135.2
95 17 111.2
95 19 98.2
95 90 130.2
95 100 65.1
95 129 59.1
95 139 60.1
95 142 128.2
95 172 52.1
95 188 116.2
95 203 58.1
95 225 48.1
95 230 148.2
95 257 165.2
95 266 112.2
96 1 102.2
96 19 56.1
96 33 47.1
96 51 148.3
96 58 57.1
96 59 60.1
96 70 45.1
96 71 55.1
96 79 55.1
96 157 81.1
96 158 141.2
96 159 66.1
96 162 108.2
96 197 76.1
96 213 86.1
96 233 139.2
96 236 100.2
96 248 99.2
96 265 92.1
97 23 65.1
97 24 146.2
97 27 156.2
97 40 65.1
97 52 150.2
97 57 55.1
97 80 66.1
97 93 53.1
97 113 131.2
97 119 142.2
97 120 150.2
97 123 141.2
97 138 78.1
97 161 129.1
97 169 87.1
97 189 75.1
97 203 122.19999999999999
97 243 116.2
98 26 81.1
98 28 178.29999999999998
98 69 139.2
98 84 81.1
98 89 142.2
98 103 64.1
98 110 62.1
98 120 59.1
98 134 133.2
98 156 69.1
98 169 217.29999999999998
98 192 64.1
98 202 146.2
98 222 127.19999999999999
98 229 134.2
98 242 159.2
98 251 137.2
99 1 68.1
99 21 134.2
99 54 241.29999999999998
99 71 157.3
99 72 192.29999999999998
99 77 124.2
99 85 59.1
99 104 62.1
99 105 138.2
99 106 139.2
99 147 81.1
99 155 117.19999999999999
99 170 58.1
99 180 81.1
99 190 74.1
99 206 151.2
99 269 82.1
99 280 88.1
100 31 64.1
100 36 144.2
100 46 151.2
100 67 224.29999999999998
100 73 125.19999999999999
100 85 149.2
100 95 74.1
100 116 123.2
100 124 138.2
100 135 63.1
100 225 69.1
100 227 68.1
100 241 150.2
100 275 88.1
100 278 161.2
101 8 55.1
101 50 58.1
101 74 73.1
101 93 61.1
101 160 64.1
101 201 69.1
101 204 149.2
101 214 130.2
101 217 134.2
101 221 159.2
101 234 91.1
101 246 206.29999999999998
101 253 151.2
101 256 148.2
101 268 141.2
102 20 55.1
102 26 62.1
102 37 58.1
102 55 105.1
102 151 147.2
102 152 280.29999999999995
102 187 57.1
102 196 140.2
102 210 230.29999999999998
102 228 151.2
102 240 192.2
102 249 82.1
102 250 164.2
102 251 76.1
102 274 160.2
103 0 181.3
103 2 72.1
103 6 75.1
103 40 103.2
103 50 100.2
103 52 71.1
103 57 127.19999999999999
103 59 107.19999999999999
103 63 65.1
103 68 108.19999999999999
103 81 64.1
103 93 43.1
103 98 59.1
103 125 60.1
103 154 69.1
103 170 107.2
103 223 70.1
103 233 129.2
103 246 67.1
104 20 142.2
104 26 155.2
104 28 63.1
104 45 130.2
104 58 73.1
104 78 152.2
104 99 79.1
104 125 132.2
104 134 95.1
104 141 95.1
104 152 107.1
104 179 138.2
104 186 198.29999999999998
104 189 154.2
104 193 88.1
104 228 94.1
104 231 77.1
105 54 109.2
105 71 102.2
105 72 102.2
105 76 77.1
105 77 93.2
105 83 60.1
105 99 117.2
105 106 94.2
105 149 75.1
105 155 171.3
105 173 56.1
105 176 64.1
105 206 140.2
105 209 58.1
105 246 47.1
106 7 56.1
106 15 69.1
106 54 161.2
106 63 71.1
106 71 120.2
106 72 145.3
106 77 115.2
106 90 68.1
106 99 129.2
106 105 116.19999999999999
106 155 108.2
106 172 68.1
106 206 144.2
106 209 77.1
106 227 78.1
106 241 78.1
106 267 68.1
106 276 76.1
106 280 83.1
107 1 54.1
107 9 135.2
107 23 55.1
107 29 65.1
107 33 128.2
107 42 77.1
107 59 131.2
107 74 147.2
107 117 213.29999999999998
107 136 105.1
107 143 71.1
107 157 79.1
107 164 81.1
107 180 147.2
107 193 143.2
107 202 106.1
107 204 80.1
107 223 113.1
107 246 63.1
107 259 78.1
108 6 143.2
108 14 139.2
108 25 129.2
108 27 53.1
108 60 187.29999999999998
108 88 58.1
108 118 121.19999999999999
108 163 74.1
108 186 78.1
108 190 64.1
108 212 139.2
108 214 58.1
108 216 138.2
108 237 199.29999999999998
108 243 64.1
108 263 235.29999999999998
108 269 78.1
108 273 78.1
108 275 69.1
108 276 58.1
109 45 55.1
109 55 71.1
109 64 48.1
109 70 53.1
109 125 66.1
109 129 114.2
109 150 50.1
109 166 61.1
109 178 81.1
109 185 88.1
109 205 131.2
109 210 74.1
109 223 73.1
109 228 45.1
109 238 54.1
109 260 97.1
109 262 61.1
109 264 57.1
109 270 79.1
109 272 70.1
109 274 51.1
110 2 119.19999999999999
110 7 56.1
110 17 76.1
110 18 128.2
110 22 123.19999999999999
110 98 60.1
110 123 74.1
110 135 71.1
110 144 64.1
110 145 85.1
110 172 181.3
110 194 131.2
110 219 121.19999999999999
110 220 60.1
110 231 74.1
110 243 66.1
110 244 99.2
110 255 128.2
111 3 159.2
111 13 67.1
111 30 221.29999999999998
111 55 74.1
111 128 61.1
111 137 147.2
111 164 63.1
111 173 143.2
111 181 151.2
111 207 87.1
111 215 63.1
111 259 65.1
111 269 222.29999999999998
111 273 143.2
111 280 222.29999999999998
112 19 68.1
112 83 60.1
112 90 86.1
112 94 82.1
112 133 53.1
112 166 221.29999999999998
112 168 65.1
112 225 134.2
112 232 136.2
112 247 118.19999999999999
112 254 62.1
112 270 160.2
112 277 121.19999999999999
112 280 82.1
112 281 150.2
113 11 81.1
113 14 70.1
113 22 51.1
113 23 59.1
113 24 133.2
113 25 68.1
113 27 147.2
113 44 66.1
113 52 125.2
113 91 54.1
113 92 74.1
113 97 133.2
113 119 150.2
113 120 173.2
113 123 125.2
113 125 71.1
113 203 140.2
113 243 118.2
113 263 72.1
113 278 62.1
114 6 76.1
114 16 123.19999999999999
114 17 45.1
114 19 78.1
114 23 199.29999999999998
114 25 66.1
114 39 160.2
114 49 144.2
114 72 80.1
114 90 64.1
114 118 118.2
114 135 121.19999999999999
114 142 175.2
114 148 105.19999999999999
114 183 210.29999999999998
114 188 98.2
114 260 117.1
115 11 62.1
115 32 128.2
115 43 118.2
115 50 54.1
115 80 42.1
115 86 55.1
115 89 66.1
115 145 44.1
115 150 136.2
115 165 124.19999999999999
115 171 69.1
115 178 128.2
115 208 146.2
115 222 65.1
115 231 78.1
115 262 136.2
115 264 135.2
115 278 50.1
115 282 112.2
116 7 59.1
116 67 130.2
116 73 173.29999999999998
116 85 215.29999999999998
116 100 140.2
116 123 87.1
116 124 130.2
116 135 64.1
116 140 63.1
116 209 139.2
116 211 84.1
116 221 72.1
116 231 139.2
116 241 138.2
116 263 74.1
116 269 82.1
116 275 129.2
117 7 83.1
117 9 221.29999999999998
117 13 79.1
117 23 66.1
117 33 163.2
117 38 83.1
117 42 73.1
117 72 80.1
117 74 155.2
117 94 119.1
117 107 275.29999999999995
117 124 87.1
117 135 137.2
117 145 131.2
117 180 160.2
117 193 252.29999999999998
117 224 73.1
117 226 82.1
117 233 106.1
117 259 107.1
118 14 97.2
118 16 221.29999999999998
118 23 209.29999999999998
118 39 152.2
118 49 192.3
118 108 111.2
118 114 127.19999999999999
118 135 99.2
118 148 151.2
118 162 68.1
118 183 181.2
118 188 153.2
119 16 74.1
119 24 136.2
119 27 123.19999999999999
119 44 61.1
119 52 130.2
119 69 78.1
119 72 68.1
119 97 152.2
119 113 127.19999999999999
119 120 145.2
119 123 147.2
119 146 63.1
119 156 91.1
119 165 56.1
119 203 120.19999999999999
119 216 72.1
119 237 81.1
119 243 116.2
120 9 72.1
120 11 109.1
120 20 65.1
120 24 130.2
120 27 159.2
120 39 84.1
120 52 169.2
120 57 70.1
120 97 165.2
120 98 75.1
120 113 136.2
120 119 136.2
120 123 159.2
120 133 65.1
120 142 85.1
120 146 64.1
120 203 143.2
120 230 91.1
120 243 123.19999999999999
121 12 54.1
121 38 129.2
121 41 64.1
121 62 143.2
121 86 78.1
121 132 72.1
121 133 59.1
121 182 144.2
121 187 137.2
121 197 133.2
121 215 206.29999999999998
121 258 142.2
121 261 167.2
121 267 139.2
121 281 70.1
122 38 60.1
122 42 218.29999999999998
122 48 82.1
122 61 53.1
122 76 161.2
122 88 73.1
122 156 210.29999999999998
122 157 81.1
122 166 76.1
122 167 127.19999999999999
122 198 152.2
122 223 84.1
122 226 153.2
122 254 126.19999999999999
122 261 90.1
122 276 79.1
123 24 147.2
123 27 120.2
123 44 67.1
123 52 142.2
123 80 63.1
123 87 67.1
123 97 136.2
123 110 59.1
123 113 123.19999999999999
123 116 86.1
123 119 141.2
123 120 149.2
123 155 71.1
123 188 72.1
123 203 130.2
123 243 140.2
124 1 59.1
124 56 66.1
124 67 173.3
124 73 123.19999999999999
124 85 138.2
124 100 150.2
124 116 135.2
124 117 64.1
124 180 162.2
124 201 139.2
124 227 47.1
124 241 212.29999999999998
124 252 83.1
124 259 161.2
125 20 154.2
125 26 120.2
125 29 74.1
125 43 78.1
125 45 186.29999999999998
125 78 130.2
125 88 87.1
125 103 62.1
125 104 133.2
125 109 93.1
125 113 61.1
125 171 84.1
125 179 158.2
125 184 85.1
125 186 142.2
125 189 151.2
125 202 76.1
125 262 82.1
126 11 62.1
126 37 77.1
126 43 60.1
126 57 63.1
126 64 67.1
126 89 165.2
126 91 129.2
126 131 164.2
126 138 155.2
126 161 138.2
126 179 80.1
126 185 122.19999999999999
126 189 54.1
126 202 88.1
126 213 90.1
126 249 87.1
126 271 158.2
127 14 57.1
127 35 57.1
127 37 214.29999999999998
127 39 45.1
127 47 207.29999999999998
127 63 68.1
127 91 70.1
127 132 160.2
127 141 103.2
127 150 65.1
127 151 73.1
127 192 137.2
127 195 159.2
127 238 89.1
127 250 53.1
127 272 143.2
128 3 170.2
128 11 60.1
128 24 71.1
128 59 63.1
128 71 68.1
128 94 133.2
128 111 64.1
128 157 153.2
128 164 217.29999999999998
128 201 152.2
128 204 163.2
128 205 83.1
128 234 60.1
128 245 153.2
128 265 90.1
128 268 63.1
129 2 53.1
129 12 62.1
129 15 73.1
129 18 56.1
129 31 63.1
129 55 163.2
129 62 59.1
129 95 75.1
129 109 164.2
129 172 67.1
129 173 70.1
129 181 131.2
129 238 89.1
129 247 92.1
129 260 225.2
129 270 90.1
129 277 145.2
129 279 144.2
130 2 69.1
130 7 138.2
130 13 153.2
130 15 155.2
130 22 65.1
130 25 62.1
130 60 78.1
130 61 84.1
130 72 70.1
130 83 179.3
130 86 71.1
130 87 132.2
130 218 66.1
130 220 122.19999999999999
130 227 161.2
130 230 80.1
130 237 74.1
130 266 101.1
131 20 58.1
131 37 81.1
131 69 60.1
131 80 43.1
131 89 135.2
131 91 127.19999999999999
131 126 156.2
131 138 133.2
131 141 70.1
131 161 136.2
131 185 114.2
131 189 58.1
131 195 84.1
131 218 46.1
131 219 56.1
131 249 69.1
131 271 133.2
132 37 156.2
132 47 138.2
132 89 66.1
132 91 42.1
132 121 61.1
132 127 150.2
132 141 154.2
132 192 255.29999999999998
132 195 160.2
132 196 69.1
132 199 63.1
132 213 78.1
132 267 89.1
132 272 144.2
132 282 59.1
133 1 70.1
133 9 53.1
133 20 81.1
133 71 63.1
133 86 160.2
133 90 70.1
133 92 56.1
133 112 96.1
133 120 63.1
133 121 70.1
133 143 90.1
133 146 113.2
133 151 93.1
133 166 75.1
133 168 73.1
133 172 71.1
133 186 70.1
133 194 48.1
133 199 64.1
133 200 70.1
133 206 84.1
133 218 130.2
133 236 53.1
133 255 61.1
133 258 63.1
134 28 134.2
134 32 62.1
134 58 68.1
134 69 146.2
134 98 115.2
134 104 76.1
134 152 156.2
134 169 133.2
134 202 139.2
134 208 81.1
134 211 91.1
134 222 123.2
134 228 80.1
134 229 197.29999999999998
134 242 225.29999999999998
134 251 144.2
135 16 101.2
135 23 158.3
135 34 62.1
135 39 128.2
135 49 136.2
135 52 54.1
135 100 67.1
135 110 81.1
135 114 119.2
135 116 65.1
135 117 102.2
135 118 102.2
135 148 100.2
135 183 111.2
135 188 97.2
135 221 44.1
135 263 61.1
136 4 64.1
136 11 72.1
136 36 149.2
136 59 60.1
136 65 137.2
136 81 139.2
136 107 67.1
136 164 157.2
136 174 141.2
136 185 79.1
136 191 225.29999999999998
136 233 78.1
136 252 164.2
136 256 89.1
136 275 178.2
137 3 137.2
137 30 136.2
137 46 127.19999999999999
137 111 125.19999999999999
137 173 127.19999999999999
137 181 104.2
137 186 30.1
137 269 172.3
137 273 122.19999999999999
137 278 136.2
137 280 139.2
138 0 52.1
138 43 62.1
138 89 133.2
138 91 87.2
138 97 62.1
138 126 124.19999999999999
138 131 103.2
138 141 68.1
138 161 115.19999999999999
138 171 70.1
138 185 86.2
138 195 75.1
138 249 69.1
138 264 64.1
138 271 114.2
139 5 122.2
139 17 53.1
139 31 116.2
139 34 132.2
139 44 128.2
139 52 57.1
139 53 131.2
139 66 131.2
139 95 65.1
139 140 57.1
139 176 198.29999999999998
139 177 159.2
139 188 67.1
139 212 68.1
139 257 139.2
139 260 113.1
140 8 58.1
140 9 63.1
140 12 121.19999999999999
140 29 158.2
140 38 89.1
140 41 171.2
140 56 149.2
140 72 74.1
140 82 132.2
140 83 86.1
140 88 153.2
140 92 139.2
140 116 84.1
140 139 87.1
140 144 74.1
140 146 82.1
140 175 157.2
140 200 179.2
140 220 78.1
141 37 137.2
141 47 142.2
141 89 69.1
141 91 49.1
141 104 64.1
141 127 121.19999999999999
141 131 59.1
141 132 188.2
141 138 58.1
141 160 54.1
141 192 197.29999999999998
141 195 210.29999999999998
141 199 56.1
141 211 59.1
141 239 66.1
141 249 72.1
141 272 138.2
141 282 51.1
142 5 145.2
142 16 76.1
142 17 188.29999999999998
142 19 139.2
142 65 67.1
142 90 146.2
142 95 157.2
142 114 150.2
142 120 79.1
142 148 85.1
142 177 71.1
142 183 197.2
142 230 163.2
142 260 151.1
142 266 116.2
143 2 159.2
143 33 74.1
143 50 70.1
143 58 254.29999999999998
143 61 151.2
143 68 60.1
143 82 64.1
143 86 70.1
143 107 66.1
143 133 55.1
143 145 84.1
143 146 58.1
143 147 226.29999999999998
143 153 139.2
143 168 155.2
143 171 77.1
143 182 92.1
143 200 76.1
143 270 104.1
143 279 169.2
144 4 116.2
144 8 114.2
144 10 146.2
144 21 108.2
144 67 67.1
144 79 122.19999999999999
144 110 57.1
144 140 73.1
144 159 191.29999999999998
144 163 181.29999999999998
144 173 77.1
144 184 185.29999999999998
144 188 75.1
144 217 47.1
144 220 58.1
144 224 104.2
145 11 149.2
145 15 85.1
145 110 69.1
145 115 55.1
145 117 116.19999999999999
145 143 95.1
145 146 67.1
145 154 142.2
145 168 77.1
145 180 141.2
145 183 88.1
145 190 126.19999999999999
145 193 153.2
145 221 78.1
145 226 103.1
145 227 55.1
145 231 129.2
145 278 177.2
146 0 74.1
146 11 126.1
146 25 94.1
146 37 91.1
146 40 69.1
146 45 85.1
146 57 61.1
146 80 81.1
146 84 77.1
146 86 146.2
146 119 72.1
146 120 74.1
146 133 140.2
146 140 67.1
146 143 71.1
146 145 75.1
146 179 78.1
146 213 67.1
146 216 76.1
146 218 134.2
146 249 102.1
146 255 80.1
146 279 87.1
146 281 98.1
147 10 64.1
147 22 112.19999999999999
147 30 96.1
147 54 51.1
147 58 145.2
147 61 125.19999999999999
147 71 66.1
147 77 58.1
147 99 75.1
147 143 215.29999999999998
147 153 106.2
147 168 150.2
147 181 56.1
147 183 69.1
147 216 65.1
147 227 71.1
147 263 89.1
147 273 75.1
147 279 152.2
148 15 92.1
148 16 137.2
148 23 136.2
148 34 50.1
148 39 124.19999999999999
148 49 150.2
148 52 73.1
148 114 114.2
148 118 130.2
148 135 114.19999999999999
148 142 79.1
148 176 67.1
148 177 102.1
148 183 167.2
148 188 129.2
148 260 109.1
149 3 92.1
149 10 61.1
149 15 66.1
149 21 58.1
149 46 158.2
149 58 75.1
149 73 207.29999999999998
149 85 60.1
149 105 80.1
149 173 69.1
149 190 107.2
149 191 232.29999999999998
149 207 155.2
149 209 123.2
149 224 59.1
149 275 84.1
150 32 110.2
150 43 154.2
150 109 51.1
150 115 147.2
150 127 83.1
150 151 64.1
150 165 134.2
150 178 224.29999999999998
150 185 70.1
150 195 71.1
150 208 219.29999999999998
150 229 69.1
150 262 152.2
150 264 161.2
150 275 81.1
150 282 118.2
151 37 58.1
151 102 139.2
151 127 68.1
151 133 48.1
151 150 56.1
151 152 136.2
151 196 117.19999999999999
151 210 137.2
151 228 105.2
151 240 124.19999999999999
151 249 70.1
151 250 170.29999999999998
151 272 154.2
151 274 122.19999999999999
152 32 70.1
152 38 59.1
152 47 84.1
152 75 64.1
152 78 61.1
152 102 256.29999999999995
152 104 72.1
152 134 127.19999999999999
152 151 145.2
152 187 78.1
152 196 168.2
152 205 84.1
152 210 138.2
152 228 155.2
152 240 162.2
152 250 110.2
152 274 156.2
153 0 58.1
153 2 67.1
153 18 78.1
153 46 167.2
153 58 198.29999999999998
153 61 177.29999999999998
153 143 139.2
153 147 140.2
153 168 135.2
153 170 55.1
153 194 65.1
153 219 44.1
153 225 61.1
153 232 53.1
153 254 154.2
153 279 193.3
154 0 64.1
154 47 61.1
154 55 76.1
154 58 70.1
154 79 66.1
154 80 61.1
154 86 63.1
154 92 52.1
154 103 61.1
154 145 112.2
154 157 171.2
154 174 128.2
154 184 54.1
154 190 123.19999999999999
154 196 62.1
154 208 61.1
154 231 124.19999999999999
154 265 103.1
154 271 79.1
154 272 71.1
154 278 159.2
155 1 62.1
155 39 85.1
155 54 144.2
155 60 78.1
155 71 109.2
155 72 182.29999999999998
155 77 131.2
155 99 130.2
155 105 213.29999999999998
155 106 139.2
155 123 68.1
155 206 136.2
155 215 81.1
155 216 63.1
155 219 74.1
155 241 55.1
156 17 68.1
156 42 157.2
156 76 133.2
156 98 63.1
156 119 60.1
156 122 181.29999999999998
156 157 77.1
156 167 125.19999999999999
156 174 66.1
156 180 93.1
156 198 139.2
156 220 61.1
156 226 150.2
156 231 122.19999999999999
156 243 54.1
156 254 193.29999999999998
157 3 166.2
157 35 58.1
157 79 57.1
157 81 73.1
157 96 65.1
157 107 73.1
157 122 70.1
157 128 141.2
157 154 137.2
157 156 62.1
157 162 56.1
157 174 129.2
157 184 49.1
157 193 58.1
157 204 66.1
157 231 47.1
157 239 73.1
157 245 68.1
157 248 47.1
157 265 78.1
158 1 133.2
158 35 77.1
158 48 76.1
158 50 75.1
158 51 120.2
158 74 109.2
158 86 61.1
158 93 124.19999999999999
158 96 127.19999999999999
158 160 60.1
158 162 145.2
158 218 64.1
158 233 154.2
158 234 138.2
158 236 160.3
158 248 188.29999999999998
159 0 74.1
159 4 147.2
159 8 136.2
159 10 135.2
159 21 126.19999999999999
159 76 82.1
159 77 85.1
159 79 115.2
159 83 79.1
159 89 89.1
159 91 49.1
159 96 65.1
159 144 191.29999999999998
159 163 140.2
159 184 135.2
159 224 147.2
159 246 78.1
159 256 75.1
160 0 61.1
160 4 44.1
160 35 100.2
160 40 48.1
160 47 56.1
160 48 129.2
160 50 47.1
160 60 61.1
160 63 99.2
160 93 133.3
160 101 71.1
160 141 69.1
160 158 44.1
160 192 57.1
160 199 119.19999999999999
160 213 140.2
160 234 111.2
160 236 91.2
161 43 64.1
161 64 69.1
161 75 54.1
161 78 76.1
161 89 139.2
161 91 116.19999999999999
161 97 108.1
161 126 138.2
161 131 141.2
161 138 136.2
161 171 86.1
161 185 124.19999999999999
161 230 81.1
161 249 90.1
161 264 84.1
161 271 140.2
162 1 163.29999999999998
162 7 48.1
162 9 55.1
162 30 78.1
162 51 103.2
162 55 156.2
162 67 73.1
162 71 67.1
162 96 104.2
162 118 67.1
162 157 64.1
162 158 137.2
162 176 66.1
162 180 82.1
162 233 120.2
162 236 109.2
162 247 61.1
162 248 118.2
162 254 69.1
162 273 91.1
163 4 214.29999999999998
163 8 195.29999999999998
163 10 163.2
163 21 172.2
163 25 73.1
163 40 58.1
163 79 132.2
163 87 78.1
163 108 62.1
163 144 220.29999999999998
163 159 154.2
163 174 92.1
163 184 129.2
163 193 100.1
163 209 82.1
163 224 143.2
163 226 99.1
163 272 91.1
164 81 99.2
164 94 137.2
164 107 51.1
164 111 74.1
164 128 213.29999999999998
164 136 156.2
164 174 102.2
164 201 140.2
164 239 62.1
164 245 190.29999999999998
164 253 144.2
164 256 68.1
164 259 121.2
164 265 78.1
165 32 198.3
165 35 71.1
165 43 203.29999999999998
165 56 71.1
165 78 76.1
165 115 136.2
165 119 67.1
165 150 154.2
165 178 163.2
165 192 80.1
165 208 191.29999999999998
165 222 73.1
165 243 55.1
165 250 86.1
165 262 130.2
165 264 156.2
165 282 112.2
166 12 85.1
166 38 176.2
166 62 108.1
166 88 95.1
166 109 92.1
166 112 255.29999999999998
166 122 88.1
166 133 90.1
166 223 90.1
166 225 155.2
166 232 136.2
166 247 258.29999999999995
166 254 101.1
166 270 314.29999999999995
166 277 179.2
166 281 163.2
167 9 55.1
167 33 65.1
167 42 196.29999999999998
167 76 130.2
167 81 61.1
167 82 56.1
167 122 139.2
167 156 130.2
167 197 63.1
167 198 144.2
167 226 186.29999999999998
167 254 123.19999999999999
167 261 60.1
167 268 64.1
167 281 73.1
168 58 141.2
168 61 205.29999999999998
168 76 57.1
168 87 70.1
168 90 61.1
168 112 71.1
168 133 41.1
168 143 142.2
168 145 54.1
168 147 134.2
168 153 122.19999999999999
168 194 42.1
168 198 71.1
168 223 68.1
168 225 46.1
168 226 34.1
168 247 72.1
168 279 129.2
168 281 64.1
169 7 71.1
169 28 150.2
169 41 61.1
169 69 145.2
169 97 72.1
169 98 169.29999999999998
169 134 139.2
169 202 137.2
169 213 66.1
169 222 149.2
169 229 128.2
169 238 89.1
169 242 145.2
169 248 83.1
169 251 121.19999999999999
170 0 213.29999999999998
170 4 89.1
170 12 44.1
170 40 209.29999999999998
170 50 126.19999999999999
170 57 154.2
170 59 236.29999999999998
170 68 136.2
170 69 85.1
170 71 90.1
170 82 57.1
170 93 90.1
170 99 83.1
170 103 131.2
170 153 62.1
170 199 82.1
170 217 94.1
170 233 87.1
170 236 96.1
170 248 72.1
171 43 73.1
171 64 204.29999999999998
171 70 125.19999999999999
171 75 143.2
171 78 73.1
171 80 137.2
171 84 203.29999999999998
171 86 46.1
171 115 65.1
171 125 57.1
171 138 78.1
171 143 61.1
171 161 77.1
171 179 78.1
171 211 207.29999999999998
171 222 76.1
171 240 72.1
171 249 202.2
171 271 91.1
172 2 194.29999999999998
172 18 157.2
172 22 108.2
172 67 60.1
172 83 52.1
172 95 68.1
172 106 58.1
172 110 187.3
172 129 57.1
172 133 64.1
172 194 131.2
172 219 131.2
172 225 60.1
172 237 49.1
172 244 108.19999999999999
172 255 98.2
172 270 73.1
172 277 58.1
173 3 155.2
173 30 175.2
173 105 55.1
173 111 159.2
173 129 63.1
173 137 144.2
173 144 62.1
173 149 70.1
173 181 122.19999999999999
173 207 140.2
173 259 174.3
173 269 150.2
173 270 66.1
173 273 224.29999999999998
173 280 210.29999999999998
174 36 180.3
174 65 132.2
174 81 175.3
174 136 167.2
174 154 139.2
174 156 55.1
174 157 150.2
174 163 49.1
174 164 131.2
174 191 198.29999999999998
174 217 61.1
174 252 137.2
174 265 53.1
174 275 158.2
175 12 129.2
175 29 131.2
175 41 142.2
175 42 79.1
175 54 71.1
175 56 127.19999999999999
175 60 62.1
175 61 83.1
175 78 69.1
175 82 121.19999999999999
175 86 63.1
175 88 125.19999999999999
175 92 124.2
175 140 117.2
175 200 60.1
175 227 71.1
175 247 87.1
175 269 110.1
176 16 57.1
176 17 68.1
176 19 84.1
176 27 78.1
176 31 166.2
176 34 145.2
176 44 134.2
176 53 239.29999999999998
176 66 124.19999999999999
176 72 58.1
176 105 61.1
176 139 222.29999999999998
176 148 78.1
176 162 71.1
176 177 241.29999999999998
176 183 72.1
176 257 161.2
177 10 59.1
177 16 82.1
177 19 63.1
177 31 165.2
177 34 154.2
177 44 249.29999999999998
177 53 209.2
177 65 72.1
177 66 150.2
177 87 59.1
177 139 155.2
177 142 72.1
177 148 92.1
177 176 244.29999999999998
177 203 62.1
177 257 223.29999999999998
178 20 61.1
178 32 100.2
178 43 160.2
178 70 70.1
178 75 97.1
178 84 75.1
178 109 71.1
178 115 134.2
178 150 209.29999999999998
178 165 135.2
178 185 59.1
178 192 70.1
178 208 142.2
178 218 84.1
178 242 74.1
178 262 162.2
178 264 164.2
178 282 114.2
179 20 151.2
179 26 208.29999999999998
179 45 148.2
179 58 73.1
179 78 143.2
179 93 64.1
179 104 146.2
179 125 168.2
179 126 107.1
179 146 72.1
179 171 109.1
179 186 133.2
179 189 164.2
179 191 104.1
179 202 78.1
179 208 83.1
179 239 93.1
179 262 94.1
180 9 128.2
180 33 209.29999999999998
180 67 81.1
180 73 69.1
180 74 141.2
180 99 61.1
180 107 166.2
180 117 149.2
180 124 157.2
180 145 134.2
180 156 106.1
180 162 84.1
180 193 196.2
180 231 74.1
180 248 66.1
181 10 83.1
181 30 151.2
181 54 75.1
181 73 78.1
181 111 146.2
181 129 133.2
181 137 169.2
181 147 66.1
181 173 132.2
181 207 140.2
181 218 74.1
181 235 120.19999999999999
181 244 69.1
181 269 152.2
181 273 188.2
181 280 235.29999999999998
182 2 57.1
182 38 120.19999999999999
182 55 71.1
182 61 74.1
182 62 208.29999999999998
182 92 56.1
182 121 154.2
182 143 76.1
182 187 163.2
182 197 195.29999999999998
182 206 80.1
182 215 127.19999999999999
182 258 234.29999999999998
182 261 151.2
182 267 120.19999999999999
183 16 163.2
183 23 194.2
183 31 87.1
183 39 180.2
183 49 185.2
183 87 87.1
183 90 72.1
183 114 180.29999999999998
183 118 146.2
183 135 108.2
183 142 199.2
183 145 76.1
183 147 63.1
183 148 186.2
183 176 85.1
183 188 127.19999999999999
183 257 86.1
184 1 56.1
184 4 171.2
184 8 131.2
184 10 153.2
184 21 134.2
184 28 142.2
184 51 58.1
184 79 126.19999999999999
184 125 89.1
184 144 204.29999999999998
184 154 77.1
184 157 78.1
184 159 176.2
184 163 127.19999999999999
184 224 148.2
184 231 64.1
185 4 57.1
185 32 61.1
185 45 62.1
185 63 54.1
185 89 116.19999999999999
185 91 107.2
185 109 78.1
185 126 123.2
185 131 107.2
185 136 77.1
185 138 143.2
185 150 55.1
185 161 143.2
185 178 72.1
185 208 51.1
185 250 73.1
185 271 97.2
185 282 75.1
186 3 86.1
186 10 74.1
186 14 76.1
186 20 132.2
186 26 164.2
186 35 75.1
186 45 209.29999999999998
186 78 150.2
186 104 226.29999999999998
186 108 64.1
186 125 163.2
186 133 85.1
186 137 77.1
186 179 179.2
186 189 163.2
186 213 83.1
186 276 81.1
187 37 73.1
187 38 159.2
187 57 57.1
187 62 158.2
187 84 70.1
187 102 70.1
187 121 166.2
187 152 99.1
187 182 172.2
187 197 148.2
187 199 62.1
187 215 206.29999999999998
187 221 85.1
187 258 151.2
187 261 162.2
187 267 223.29999999999998
188 16 178.3
188 23 135.2
188 39 127.19999999999999
188 49 148.2
188 52 64.1
188 95 144.2
188 114 94.2
188 118 165.2
188 123 66.1
188 135 103.2
188 139 70.1
188 144 65.1
188 148 139.2
188 183 138.2
188 266 58.1
189 6 90.1
189 20 196.29999999999998
189 26 121.19999999999999
189 45 136.2
189 52 67.1
189 59 62.1
189 70 60.1
189 78 211.29999999999998
189 80 73.1
189 91 44.1
189 97 76.1
189 104 151.2
189 125 149.2
189 126 83.1
189 131 54.1
189 179 148.2
189 186 126.19999999999999
189 249 114.1
190 46 156.2
190 65 131.2
190 67 65.1
190 85 66.1
190 99 67.1
190 108 50.1
190 145 128.2
190 149 123.19999999999999
190 154 150.2
190 207 69.1
190 231 68.1
190 241 128.2
190 244 150.2
190 247 56.1
190 260 186.2
190 278 84.1
191 35 70.1
191 36 124.19999999999999
191 42 72.1
191 56 99.1
191 65 183.2
191 76 67.1
191 81 157.2
191 136 283.29999999999995
191 149 231.29999999999998
191 174 229.29999999999998
191 179 80.1
191 209 136.2
191 221 76.1
191 252 170.2
191 275 253.29999999999998
191 278 168.2
192 26 51.1
192 37 235.29999999999998
192 47 142.2
192 98 51.1
192 127 143.2
192 132 275.29999999999995
192 141 221.29999999999998
192 160 52.1
192 165 65.1
192 178 67.1
192 195 150.2
192 196 75.1
192 238 88.1
192 240 98.1
192 252 73.1
192 272 164.2
193 9 131.2
193 11 165.2
193 33 148.2
193 57 64.1
193 68 76.1
193 74 234.29999999999998
193 79 66.1
193 104 75.1
193 107 141.2
193 117 226.29999999999998
193 145 147.2
193 157 76.1
193 163 89.1
193 180 188.2
193 248 62.1
193 253 91.1
194 2 103.2
194 18 131.2
194 22 164.3
194 33 57.1
194 110 143.2
194 133 44.1
194 153 61.1
194 168 51.1
194 172 131.2
194 215 56.1
194 219 131.2
194 244 104.2
194 247 60.1
194 255 114.2
194 261 57.1
194 279 124.19999999999999
195 1 61.1
195 37 134.2
195 47 141.2
195 56 68.1
195 64 68.1
195 86 63.1
195 91 67.1
195 127 165.2
195 131 90.1
195 132 143.2
195 138 82.1
195 141 218.29999999999998
195 150 57.1
195 192 156.2
195 228 54.1
195 249 95.1
195 272 148.2
196 24 79.1
196 36 89.1
196 47 98.1
196 55 82.1
196 69 74.1
196 93 62.1
196 102 140.2
196 132 62.1
196 151 129.2
196 152 159.2
196 154 69.1
196 192 86.1
196 210 120.2
196 228 214.29999999999998
196 240 196.2
196 250 126.19999999999999
196 274 158.2
197 9 65.1
197 33 63.1
197 38 135.2
197 58 80.1
197 62 165.2
197 74 83.1
197 96 63.1
197 121 149.2
197 167 65.1
197 182 266.29999999999995
197 187 164.2
197 215 255.29999999999998
197 218 138.2
197 258 150.2
197 261 153.2
197 267 136.2
198 18 65.1
198 42 136.2
198 51 68.1
198 76 136.2
198 92 71.1
198 94 85.1
198 122 139.2
198 156 127.19999999999999
198 167 111.2
198 168 48.1
198 221 58.1
198 226 125.19999999999999
198 232 66.1
198 254 135.2
198 259 51.1
198 261 74.1
199 20 58.1
199 35 241.29999999999998
199 45 67.1
199 48 233.29999999999998
199 63 138.2
199 64 78.1
199 75 148.2
199 93 146.2
199 132 108.1
199 133 67.1
199 141 71.1
199 160 142.2
199 170 64.1
199 187 73.1
199 212 70.1
199 213 171.2
199 234 229.29999999999998
199 251 103.1
200 0 55.1
200 2 72.1
200 12 109.19999999999999
200 29 120.19999999999999
200 41 117.19999999999999
200 56 88.2
200 82 98.2
200 88 137.2
200 92 114.19999999999999
200 133 67.1
200 140 117.19999999999999
200 143 82.1
200 175 65.1
200 258 70.1
200 270 72.1
200 277 64.1
201 35 64.1
201 48 120.19999999999999
201 68 57.1
201 93 52.1
201 101 59.1
201 124 131.2
201 128 127.19999999999999
201 164 130.2
201 214 125.19999999999999
201 234 73.1
201 239 64.1
201 245 114.2
201 253 115.2
201 256 147.2
201 265 75.1
201 272 83.1
202 28 133.2
202 43 65.1
202 69 142.2
202 78 42.1
202 98 117.2
202 107 61.1
202 125 58.1
202 126 86.1
202 134 119.2
202 169 148.2
202 179 71.1
202 222 134.2
202 229 125.19999999999999
202 242 139.2
202 251 191.29999999999998
202 262 69.1
203 6 87.1
203 13 46.1
203 24 127.19999999999999
203 27 140.2
203 52 162.2
203 95 59.1
203 97 156.2
203 113 124.19999999999999
203 119 119.19999999999999
203 120 138.2
203 123 150.2
203 177 69.1
203 218 53.1
203 219 80.1
203 230 67.1
203 243 114.19999999999999
203 257 52.1
204 11 77.1
204 57 51.1
204 101 140.2
204 107 70.1
204 128 143.2
204 157 72.1
204 214 121.19999999999999
204 217 219.29999999999998
204 221 148.2
204 246 140.2
204 253 140.2
204 256 168.2
204 268 145.2
204 276 84.1
205 55 187.3
205 94 125.19999999999999
205 109 122.19999999999999
205 128 71.1
205 152 99.1
205 215 69.1
205 223 211.29999999999998
205 235 90.2
205 238 139.2
205 239 106.2
205 240 143.2
205 245 125.19999999999999
205 265 168.2
205 276 129.2
206 9 59.1
206 39 96.1
206 50 77.1
206 54 180.2
206 61 75.1
206 71 183.3
206 72 159.2
206 77 156.2
206 82 92.1
206 99 151.2
206 105 139.2
206 106 142.2
206 133 78.1
206 155 134.2
206 182 74.1
206 278 104.1
207 3 142.2
207 46 137.2
207 65 62.1
207 111 69.1
207 149 148.2
207 173 137.2
207 181 110.2
207 190 78.1
207 209 121.19999999999999
207 273 147.2
207 278 56.1
207 280 144.2
208 32 137.2
208 40 72.1
208 43 144.2
208 75 55.1
208 78 90.1
208 115 161.2
208 134 88.1
208 150 250.29999999999998
208 154 75.1
208 165 228.29999999999998
208 178 175.2
208 179 68.1
208 185 55.1
208 222 71.1
208 262 128.2
208 264 220.29999999999998
208 282 137.2
209 3 76.1
209 8 58.1
209 46 146.2
209 67 110.2
209 73 188.29999999999998
209 85 47.1
209 105 53.1
209 106 59.1
209 116 113.2
209 149 129.2
209 163 77.1
209 191 112.19999999999999
209 207 154.2
209 275 146.2
210 20 56.1
210 37 82.1
210 40 51.1
210 69 70.1
210 70 59.1
210 102 243.29999999999998
210 109 75.1
210 151 164.2
210 152 158.2
210 196 141.2
210 228 133.2
210 238 74.1
210 240 247.29999999999998
210 250 189.3
210 274 169.2
211 5 74.1
211 9 75.1
211 23 63.1
211 32 54.1
211 37 58.1
211 57 67.1
211 64 121.19999999999999
211 70 104.2
211 75 193.29999999999998
211 79 71.1
211 80 140.2
211 84 142.2
211 116 54.1
211 134 66.1
211 141 75.1
211 171 199.29999999999998
211 234 57.1
211 242 72.1
211 249 160.2
211 250 68.1
212 5 49.1
212 6 192.29999999999998
212 14 136.2
212 25 123.2
212 34 59.1
212 44 61.1
212 60 109.2
212 75 56.1
212 108 101.2
212 139 65.1
212 199 53.1
212 216 102.2
212 237 160.3
212 260 85.1
212 263 113.2
213 11 64.1
213 35 183.29999999999998
213 47 80.1
213 48 132.2
213 63 125.2
213 74 67.1
213 93 127.19999999999999
213 96 75.1
213 126 85.1
213 132 79.1
213 146 56.1
213 160 133.2
213 169 67.1
213 186 59.1
213 199 121.19999999999999
213 234 141.2
213 274 91.1
214 0 46.1
214 72 68.1
214 101 125.19999999999999
214 108 52.1
214 201 119.2
214 204 132.2
214 217 187.3
214 221 126.19999999999999
214 233 144.2
214 246 119.19999999999999
214 253 196.29999999999998
214 256 126.19999999999999
214 268 121.19999999999999
215 23 71.1
215 38 135.2
215 62 151.2
215 111 73.1
215 121 233.29999999999998
215 155 64.1
215 182 135.2
215 187 231.29999999999998
215 194 57.1
215 197 223.29999999999998
215 205 91.1
215 232 82.1
215 258 142.2
215 261 161.2
215 267 129.2
215 279 64.1
215 281 84.1
216 6 156.2
216 14 199.29999999999998
216 25 158.2
216 27 68.1
216 39 94.1
216 49 156.2
216 52 65.1
216 53 88.1
216 60 154.2
216 80 75.1
216 90 73.1
216 108 136.2
216 119 69.1
216 146 80.1
216 147 67.1
216 155 50.1
216 212 131.2
216 237 118.2
216 263 163.2
217 1 60.1
217 4 71.1
217 60 58.1
217 101 146.2
217 144 48.1
217 170 74.1
217 174 59.1
217 204 240.29999999999998
217 214 206.29999999999998
217 221 162.2
217 224 89.1
217 246 151.3
217 253 142.2
217 256 253.29999999999998
217 268 129.2
218 2 77.1
218 11 79.1
218 22 60.1
218 32 69.1
218 33 77.1
218 51 62.1
218 58 78.1
218 61 67.1
218 70 56.1
218 80 64.1
218 86 139.2
218 88 73.1
218 130 67.1
218 131 57.1
218 133 129.2
218 146 122.19999999999999
218 158 74.1
218 178 105.1
218 181 93.1
218 197 127.19999999999999
218 203 59.1
218 240 98.1
218 255 64.1
218 273 102.1
218 279 69.1
219 2 146.2
219 18 156.2
219 22 181.29999999999998
219 56 43.1
219 77 64.1
219 83 77.1
219 110 112.2
219 131 58.1
219 153 54.1
219 155 59.1
219 172 137.2
219 194 139.2
219 203 55.1
219 244 116.19999999999999
219 255 209.29999999999998
219 270 75.1
220 7 170.3
220 12 58.1
220 13 139.2
220 15 157.2
220 72 80.1
220 83 147.2
220 86 56.1
220 87 124.19999999999999
220 110 77.1
220 130 156.2
220 140 71.1
220 144 63.1
220 156 89.1
220 227 148.2
220 229 63.1
220 241 57.1
220 258 78.1
221 15 70.1
221 28 64.1
221 62 72.1
221 76 85.1
221 101 169.2
221 116 71.1
221 135 55.1
221 145 91.1
221 187 79.1
221 191 79.1
221 198 76.1
221 204 175.2
221 214 129.2
221 217 141.2
221 246 134.2
221 253 151.2
221 256 239.29999999999998
221 268 149.2
222 28 101.2
222 38 64.1
222 41 45.1
222 43 54.1
222 69 165.3
222 78 70.1
222 98 85.2
222 115 72.1
222 134 123.19999999999999
222 165 67.1
222 169 145.2
222 171 82.1
222 202 141.2
222 208 68.1
222 229 124.19999999999999
222 242 137.2
222 251 119.2
223 11 55.1
223 40 44.1
223 55 118.19999999999999
223 59 57.1
223 94 121.19999999999999
223 103 46.1
223 107 77.1
223 109 60.1
223 122 56.1
223 166 65.1
223 168 46.1
223 205 202.29999999999998
223 235 88.2
223 238 209.29999999999998
223 239 199.29999999999998
223 265 128.2
223 276 138.2
224 4 136.2
224 8 185.29999999999998
224 10 126.19999999999999
224 21 198.29999999999998
224 79 136.2
224 117 56.1
224 144 100.2
224 149 64.1
224 159 133.2
224 163 121.2
224 184 134.2
224 217 78.1
224 241 89.1
224 245 61.1
224 269 76.1
225 18 67.1
225 54 67.1
225 76 81.1
225 95 64.1
225 100 80.1
225 112 149.2
225 153 68.1
225 166 132.2
225 168 57.1
225 172 76.1
225 232 131.2
225 237 59.1
225 247 208.29999999999998
225 270 143.2
225 277 187.29999999999998
225 281 124.2
226 18 79.1
226 42 242.29999999999998
226 49 74.1
226 51 58.1
226 76 214.29999999999998
226 117 59.1
226 122 139.2
226 145 67.1
226 156 130.2
226 163 65.1
226 167 198.29999999999998
226 168 52.1
226 198 134.2
226 254 138.2
226 261 70.1
227 7 141.2
227 13 137.2
227 15 171.2
227 22 58.1
227 33 62.1
227 65 71.1
227 83 128.2
227 87 178.29999999999998
227 100 95.1
227 106 71.1
227 124 57.1
227 130 173.2
227 145 69.1
227 147 73.1
227 175 59.1
227 220 159.2
228 75 50.1
228 90 59.1
228 102 145.2
228 104 62.1
228 109 62.1
228 134 65.1
228 151 127.19999999999999
228 152 151.2
228 195 53.1
228 196 197.29999999999998
228 210 115.2
228 238 67.1
228 240 147.2
228 250 187.29999999999998
228 260 80.1
228 274 125.19999999999999
229 0 66.1
229 26 63.1
229 28 195.29999999999998
229 56 60.1
229 64 72.1
229 69 144.2
229 84 69.1
229 89 59.1
229 98 145.2
229 134 217.29999999999998
229 150 53.1
229 169 163.2
229 202 145.2
229 220 65.1
229 222 172.2
229 242 154.2
229 243 64.1
229 251 185.29999999999998
230 5 128.2
230 16 60.1
230 17 123.19999999999999
230 19 114.2
230 27 54.1
230 55 82.1
230 90 131.2
230 93 63.1
230 95 151.2
230 120 62.1
230 130 70.1
230 142 133.2
230 161 84.1
230 203 62.1
230 260 97.1
230 266 145.2
231 4 75.1
231 21 79.1
231 53 73.1
231 73 72.1
231 81 62.1
231 85 145.2
231 86 71.1
231 104 52.1
231 110 62.1
231 115 68.1
231 116 132.2
231 145 138.2
231 154 165.2
231 156 125.19999999999999
231 157 85.1
231 180 69.1
231 184 66.1
231 190 57.1
231 241 155.2
231 248 117.19999999999999
232 2 62.1
232 13 64.1
232 34 59.1
232 39 49.1
232 41 63.1
232 90 67.1
232 112 157.2
232 153 59.1
232 166 117.19999999999999
232 198 68.1
232 215 75.1
232 225 128.2
232 247 136.2
232 270 214.29999999999998
232 277 114.2
232 281 141.2
233 1 117.2
233 51 135.2
233 96 125.19999999999999
233 103 129.2
233 117 82.1
233 136 81.1
233 158 120.19999999999999
233 162 122.2
233 170 76.1
233 214 132.2
233 236 224.29999999999998
233 246 53.1
233 248 135.2
233 253 94.1
233 263 77.1
234 20 57.1
234 35 116.2
234 47 53.1
234 48 134.2
234 63 134.2
234 74 130.2
234 93 106.2
234 101 88.1
234 128 63.1
234 158 116.19999999999999
234 160 109.2
234 199 172.3
234 201 71.1
234 211 54.1
234 213 142.2
234 236 103.2
234 276 73.1
235 3 69.1
235 68 48.1
235 74 75.1
235 94 135.2
235 181 110.2
235 205 121.19999999999999
235 223 111.19999999999999
235 238 104.2
235 239 187.29999999999998
235 245 131.2
235 259 121.19999999999999
235 265 219.29999999999998
235 276 153.2
236 1 109.2
236 50 61.1
236 51 136.2
236 74 76.1
236 93 62.1
236 96 111.19999999999999
236 133 66.1
236 158 178.29999999999998
236 160 133.2
236 162 129.2
236 170 86.1
236 233 258.29999999999995
236 234 116.2
236 248 176.29999999999998
236 272 93.1
237 6 155.2
237 9 62.1
237 14 168.3
237 24 89.1
237 25 166.2
237 36 79.1
237 53 71.1
237 60 145.2
237 66 62.1
237 87 53.1
237 108 185.29999999999998
237 119 59.1
237 130 71.1
237 172 71.1
237 212 187.29999999999998
237 216 131.2
237 225 64.1
237 263 171.2
238 55 60.1
238 74 45.1
238 94 123.19999999999999
238 109 46.1
238 127 64.1
238 129 73.1
238 169 69.1
238 192 66.1
238 205 134.2
238 210 58.1
238 223 211.29999999999998
238 228 55.1
238 235 100.2
238 239 100.2
238 250 62.1
238 265 155.2
238 276 138.2
239 5 60.1
239 47 53.1
239 82 65.1
239 94 141.2
239 141 57.1
239 157 70.1
239 164 70.1
239 179 84.1
239 201 73.1
239 205 118.19999999999999
239 223 260.29999999999995
239 235 181.29999999999998
239 238 141.2
239 245 107.2
239 265 146.2
239 276 151.2
240 50 52.1
240 69 67.1
240 80 56.1
240 102 165.2
240 151 123.19999999999999
240 152 162.2
240 171 70.1
240 192 82.1
240 196 168.2
240 205 151.2
240 210 212.29999999999998
240 218 69.1
240 228 123.19999999999999
240 250 129.2
240 274 149.2
241 36 67.1
241 67 200.29999999999998
241 73 105.2
241 85 145.2
241 100 148.2
241 106 63.1
241 116 123.19999999999999
241 124 201.29999999999998
241 155 56.1
241 190 115.19999999999999
241 220 53.1
241 224 75.1
241 231 127.19999999999999
241 254 85.1
241 278 147.2
242 13 55.1
242 20 69.1
242 28 149.2
242 32 64.1
242 45 64.1
242 69 143.2
242 98 137.2
242 134 212.29999999999998
242 169 165.2
242 178 67.1
242 202 134.2
242 211 74.1
242 222 156.2
242 229 127.19999999999999
242 251 153.2
243 14 63.1
243 17 57.1
243 24 128.2
243 27 127.19999999999999
243 31 60.1
243 52 123.19999999999999
243 97 126.19999999999999
243 108 49.1
243 110 63.1
243 113 115.2
243 119 110.2
243 120 117.2
243 123 131.2
243 156 69.1
243 165 59.1
243 203 124.19999999999999
243 229 46.1
243 266 77.1
244 1 56.1
244 2 162.3
244 6 68.1
244 15 58.1
244 18 125.19999999999999
244 22 89.2
244 110 102.19999999999999
244 172 93.2
244 181 60.1
244 190 132.2
244 194 107.2
244 219 107.2
244 255 103.2
244 278 63.1
245 1 46.1
245 48 122.2
245 55 131.2
245 63 109.2
245 128 124.2
245 157 56.1
245 164 189.29999999999998
245 201 103.2
245 205 144.2
245 224 44.1
245 235 105.2
245 239 102.2
245 253 59.1
246 0 52.1
246 101 216.29999999999998
246 103 63.1
246 105 70.1
246 107 49.1
246 159 69.1
246 204 143.2
246 214 137.2
246 217 170.29999999999998
246 221 138.2
246 233 68.1
246 253 154.2
246 256 233.29999999999998
246 265 75.1
246 268 136.2
247 60 62.1
247 73 137.2
247 112 135.2
247 129 76.1
247 162 70.1
247 166 223.29999999999998
247 168 84.1
247 175 69.1
247 190 57.1
247 194 59.1
247 225 211.29999999999998
247 232 155.2
247 270 174.2
247 277 136.2
247 279 162.2
247 281 239.29999999999998
248 1 202.29999999999998
248 22 57.1
248 27 67.1
248 51 116.19999999999999
248 57 65.1
248 96 124.2
248 157 67.1
248 158 203.29999999999998
248 162 117.19999999999999
248 169 77.1
248 170 53.1
248 180 80.1
248 193 69.1
248 231 135.2
248 233 153.2
248 236 192.29999999999998
248 265 103.1
249 11 61.1
249 37 61.1
249 57 45.1
249 64 197.29999999999998
249 70 104.2
249 75 125.19999999999999
249 80 115.2
249 84 137.2
249 102 77.1
249 126 57.1
249 131 35.1
249 138 81.1
249 141 60.1
249 146 47.1
249 151 66.1
249 161 63.1
249 171 163.2
249 189 61.1
249 195 69.1
249 211 137.2
250 20 48.1
250 26 71.1
250 64 58.1
250 70 50.1
250 102 156.2
250 127 61.1
250 151 198.3
250 152 143.2
250 165 68.1
250 185 65.1
250 196 137.2
250 210 173.3
250 211 87.1
250 228 203.29999999999998
250 238 73.1
250 240 142.2
250 274 141.2
251 15 63.1
251 28 99.2
251 39 45.1
251 63 85.1
251 69 139.2
251 98 82.2
251 102 86.1
251 134 133.2
251 169 122.2
251 199 50.1
251 202 187.29999999999998
251 222 116.19999999999999
251 229 152.3
251 242 133.2
251 276 78.1
251 281 52.1
252 36 123.19999999999999
252 51 47.1
252 54 51.1
252 65 145.2
252 76 134.2
252 81 200.29999999999998
252 85 56.1
252 124 54.1
252 136 181.2
252 174 148.2
252 191 141.2
252 192 77.1
252 259 113.2
252 275 235.29999999999998
253 7 79.1
253 68 57.1
253 101 156.2
253 164 130.2
253 193 83.1
253 201 127.19999999999999
253 204 140.2
253 214 179.3
253 217 133.2
253 221 158.2
253 233 76.1
253 245 61.1
253 246 130.2
253 256 158.2
253 268 149.2
254 12 42.1
254 42 142.2
254 62 77.1
254 76 130.2
254 81 59.1
254 112 64.1
254 122 127.19999999999999
254 153 119.2
254 156 186.29999999999998
254 162 63.1
254 166 69.1
254 167 142.2
254 198 156.2
254 226 132.2
254 241 72.1
254 267 68.1
254 276 88.1
255 2 115.2
255 18 137.2
255 22 107.2
255 24 54.1
255 58 53.1
255 76 92.1
255 86 62.1
255 87 52.1
255 110 121.19999999999999
255 133 74.1
255 146 54.1
255 172 87.2
255 194 117.19999999999999
255 218 50.1
255 219 176.3
255 244 106.2
256 1 44.1
256 59 67.1
256 81 66.1
256 101 165.2
256 136 85.1
256 159 72.1
256 164 97.1
256 201 140.2
256 204 164.2
256 214 141.2
256 217 230.29999999999998
256 221 233.29999999999998
256 246 216.29999999999998
256 253 162.2
256 268 138.2
257 17 69.1
257 19 54.1
257 23 114.2
257 27 66.1
257 31 129.2
257 44 151.2
257 53 137.2
257 66 131.2
257 90 69.1
257 95 158.2
257 139 161.2
257 176 143.2
257 177 233.29999999999998
257 183 89.1
257 203 51.1
257 266 92.1
258 29 67.1
258 38 146.2
258 62 152.2
258 86 74.1
258 121 143.2
258 133 61.1
258 182 240.29999999999998
258 187 127.19999999999999
258 197 146.2
258 200 76.1
258 215 140.2
258 220 58.1
258 261 138.2
258 267 138.2
259 3 135.2
259 25 49.1
259 42 135.2
259 51 58.1
259 53 59.1
259 66 55.1
259 94 142.2
259 107 62.1
259 111 57.1
259 117 61.1
259 124 142.2
259 164 137.2
259 173 207.29999999999998
259 198 67.1
259 235 106.2
259 252 113.2
259 269 55.1
260 14 95.1
260 19 82.1
260 31 82.1
260 34 82.1
260 46 179.2
260 55 189.2
260 90 94.1
260 109 92.1
260 114 94.1
260 129 197.2
260 139 91.1
260 142 107.1
260 148 101.1
260 190 152.2
260 212 83.1
260 228 92.1
260 230 96.1
260 263 93.1
260 276 168.2
261 38 130.2
261 62 137.2
261 84 54.1
261 89 56.1
261 91 52.1
261 121 163.2
261 122 85.1
261 167 61.1
261 182 127.19999999999999
261 187 141.2
261 194 62.1
261 197 133.2
261 198 71.1
261 215 149.2
261 226 63.1
261 258 157.2
261 267 126.19999999999999
262 32 185.29999999999998
262 41 58.1
262 43 136.2
262 84 70.1
262 109 62.1
262 115 115.2
262 125 69.1
262 150 139.2
262 165 128.2
262 178 153.2
262 179 62.1
262 202 53.1
262 208 111.2
262 264 112.19999999999999
262 271 63.1
262 282 114.2
263 6 160.2
263 14 163.2
263 19 64.1
263 23 85.1
263 25 220.29999999999998
263 34 79.1
263 54 64.1
263 60 144.2
263 79 63.1
263 108 207.29999999999998
263 113 66.1
263 116 72.1
263 135 49.1
263 147 77.1
263 212 138.2
263 216 143.2
263 233 76.1
263 237 159.2
263 260 138.1
264 26 61.1
264 32 117.19999999999999
264 43 117.19999999999999
264 75 76.1
264 109 66.1
264 115 134.2
264 138 62.1
264 150 134.2
264 161 75.1
264 165 130.2
264 178 140.2
264 208 178.3
264 262 112.2
264 271 62.1
264 282 107.2
265 3 212.29999999999998
265 59 60.1
265 94 243.29999999999998
265 96 66.1
265 128 79.1
265 154 78.1
265 157 62.1
265 164 81.1
265 174 52.1
265 201 55.1
265 205 155.2
265 223 134.2
265 235 203.29999999999998
265 238 136.2
265 239 130.2
265 246 60.1
265 248 54.1
265 276 140.2
266 5 138.2
266 16 61.1
266 17 128.2
266 19 117.2
266 25 71.1
266 44 72.1
266 53 53.1
266 55 73.1
266 90 111.2
266 92 56.1
266 95 139.2
266 130 71.1
266 142 125.19999999999999
266 188 55.1
266 230 145.2
266 243 62.1
266 257 61.1
267 12 61.1
267 38 125.19999999999999
267 41 60.1
267 61 64.1
267 62 142.2
267 106 45.1
267 121 134.2
267 132 85.1
267 182 136.2
267 187 180.3
267 197 128.2
267 215 124.19999999999999
267 254 69.1
267 258 126.19999999999999
267 261 147.2
268 21 45.1
268 56 61.1
268 59 57.1
268 68 56.1
268 77 55.1
268 101 136.2
268 128 59.1
268 167 68.1
268 204 146.2
268 214 131.2
268 217 119.2
268 221 140.2
268 246 121.2
268 253 124.19999999999999
268 256 143.2
269 3 80.1
269 30 201.2
269 72 70.1
269 99 69.1
269 108 47.1
269 111 217.29999999999998
269 116 73.1
269 137 215.29999999999998
269 173 153.2
269 175 72.1
269 181 150.2
269 224 70.1
269 259 74.1
269 270 72.1
269 273 178.2
269 280 152.2
270 12 54.1
270 41 74.1
270 66 69.1
270 109 90.1
270 112 182.2
270 129 74.1
270 143 101.1
270 166 236.29999999999998
270 172 68.1
270 173 69.1
270 200 70.1
270 219 72.1
270 225 128.2
270 232 225.29999999999998
270 247 155.2
270 269 77.1
270 277 127.19999999999999
270 281 161.2
271 43 64.1
271 64 59.1
271 75 55.1
271 89 130.2
271 91 96.2
271 126 125.19999999999999
271 131 129.2
271 138 114.2
271 154 53.1
271 161 164.2
271 171 71.1
271 185 107.2
271 262 60.1
271 264 68.1
271 282 55.1
272 11 58.1
272 37 216.29999999999998
272 47 128.2
272 59 63.1
272 109 69.1
272 127 151.2
272 132 146.2
272 141 125.19999999999999
272 151 147.2
272 154 63.1
272 163 63.1
272 192 150.2
272 195 146.2
272 201 66.1
272 236 46.1
273 13 63.1
273 30 151.2
273 46 149.2
273 65 60.1
273 108 54.1
273 111 138.2
273 137 132.2
273 147 47.1
273 162 66.1
273 173 205.29999999999998
273 181 129.2
273 207 140.2
273 218 70.1
273 269 139.2
273 280 150.2
274 20 58.1
274 26 52.1
274 35 71.1
274 68 53.1
274 69 70.1
274 70 63.1
274 80 54.1
274 84 69.1
274 102 154.2
274 109 60.1
274 151 122.19999999999999
274 152 153.2
274 196 150.2
274 210 141.2
274 213 84.1
274 228 145.2
274 240 150.2
274 250 126.19999999999999
275 36 157.2
275 65 205.3
275 73 121.2
275 81 120.2
275 100 83.1
275 108 63.1
275 116 128.2
275 136 190.2
275 149 77.1
275 150 80.1
275 174 145.2
275 191 199.29999999999998
275 209 132.2
275 252 237.29999999999998
276 14 50.1
276 59 36.1
276 70 41.1
276 94 109.2
276 106 41.1
276 108 39.1
276 122 56.1
276 186 53.1
276 204 73.1
276 205 126.19999999999999
276 223 142.2
276 234 39.1
276 235 111.2
276 238 134.2
276 239 141.2
276 251 51.1
276 254 65.1
276 260 152.2
276 265 155.2
277 5 47.1
277 11 63.1
277 34 45.1
277 60 66.1
277 82 34.1
277 86 46.1
277 112 128.2
277 129 123.2
277 166 123.19999999999999
277 172 39.1
277 200 55.1
277 225 148.3
277 232 106.2
277 247 110.2
277 270 114.2
277 281 112.2
278 13 47.1
278 26 56.1
278 36 61.1
278 46 156.2
278 77 50.1
278 85 63.1
278 100 132.2
278 113 49.1
278 115 60.1
278 137 121.19999999999999
278 145 131.2
278 154 157.2
278 190 71.1
278 191 143.2
278 206 59.1
278 207 53.1
278 241 124.19999999999999
278 244 60.1
278 280 150.2
279 58 117.2
279 61 121.19999999999999
279 129 146.2
279 143 145.2
279 146 56.1
279 147 133.2
279 153 195.3
279 168 125.19999999999999
279 194 102.2
279 215 61.1
279 218 55.1
279 247 144.2
279 281 155.2
280 30 165.2
280 46 119.19999999999999
280 86 50.1
280 94 76.1
280 99 60.1
280 106 56.1
280 111 171.3
280 112 58.1
280 137 121.19999999999999
280 173 195.29999999999998
280 181 202.29999999999998
280 207 125.19999999999999
280 269 133.2
280 273 124.19999999999999
280 278 155.2
281 86 57.1
281 112 128.2
281 121 57.1
281 146 54.1
281 166 116.19999999999999
281 167 48.1
281 168 57.1
281 215 63.1
281 225 110.19999999999999
281 232 118.2
281 247 228.29999999999998
281 251 40.1
281 270 158.2
281 277 115.2
281 279 123.19999999999999
282 32 101.2
282 43 115.2
282 115 72.2
282 132 39.1
282 141 42.1
282 150 101.2
282 165 84.2
282 178 90.2
282 185 53.1
282 208 110.2
282 262 94.2
282 264 90.2
282 271 52.1
