0 1 4.199999999999999
0 2 3.2
0 3 3.2
0 4 0.2
0 5 2.2
0 6 3.2
0 7 2.2
0 8 1.2000000000000002
0 9 3.2
0 10 4.2
0 11 1.2000000000000002
0 12 3.2
0 13 2.2
0 14 3.2
0 15 5.2
0 16 3.2
0 17 1.2000000000000002
0 18 1.2000000000000002
0 19 4.2
1 0 3.2
1 2 2.2
1 3 1.2000000000000002
1 4 0.2
1 5 2.2
1 6 5.2
1 7 6.2
1 8 4.2
1 9 2.2
1 10 1.2000000000000002
1 11 2.2
1 12 1.2000000000000002
1 13 0.2
1 14 5.2
1 15 2.2
1 16 3.2
1 17 2.2
1 18 1.2000000000000002
1 19 4.2
2 0 4.2
2 1 2.2
2 3 0.2
2 4 1.2000000000000002
2 5 5.199999999999999
2 6 2.2
2 7 4.2
2 8 1.2000000000000002
2 9 2.2
2 10 3.2
2 11 3.2
2 12 3.2
2 13 2.2
2 14 3.2
2 15 6.2
2 16 0.2
2 17 6.199999999999999
2 18 0.2
2 19 5.2
3 0 3.2
3 1 4.2
3 2 5.199999999999999
3 4 4.199999999999999
3 5 3.2
3 6 7.199999999999999
3 7 2.2
3 8 0.2
3 9 3.2
3 10 3.2
3 11 3.2
3 12 1.2000000000000002
3 13 3.2
3 14 9.2
3 15 6.2
3 16 1.2000000000000002
3 17 3.2
3 18 2.2
3 19 7.199999999999999
4 0 2.2
4 1 3.2
4 2 3.2
4 3 5.2
4 5 2.2
4 6 5.199999999999999
4 7 3.2
4 8 2.2
4 9 0.2
4 10 1.2000000000000002
4 11 2.2
4 12 2.2
4 13 4.2
4 14 2.2
4 15 4.2
4 16 0.2
4 17 2.2
4 18 1.2000000000000002
4 19 2.2
5 0 4.2
5 1 5.199999999999999
5 2 4.2
5 3 2.2
5 4 3.2
5 6 0.2
5 7 6.2
5 8 4.2
5 9 0.2
5 10 6.2
5 11 3.2
5 12 2.2
5 13 5.2
5 14 3.2
5 15 0.2
5 16 3.2
5 17 3.2
5 18 0.2
5 19 2.2
6 0 2.2
6 1 5.199999999999999
6 2 2.2
6 3 0.2
6 4 3.2
6 5 1.2000000000000002
6 7 4.2
6 8 2.2
6 9 0.2
6 10 2.2
6 11 2.2
6 12 1.2000000000000002
6 13 3.2
6 14 3.2
6 15 4.2
6 16 1.2000000000000002
6 17 2.2
6 18 0.2
6 19 3.2
7 0 2.2
7 1 2.2
7 2 2.2
7 3 1.2000000000000002
7 4 6.2
7 5 4.2
7 6 1.2000000000000002
7 8 1.2000000000000002
7 9 3.2
7 10 0.2
7 11 2.2
7 12 1.2000000000000002
7 13 2.2
7 14 4.2
7 15 1.2000000000000002
7 16 2.2
7 17 2.2
7 18 5.2
7 19 5.199999999999999
8 0 3.2
8 1 3.2
8 2 3.2
8 3 3.2
8 4 4.2
8 5 1.2000000000000002
8 6 2.2
8 7 3.2
8 9 5.2
8 10 2.2
8 11 5.199999999999999
8 12 2.2
8 13 2.2
8 14 2.2
8 15 4.2
8 16 6.199999999999999
8 17 4.2
8 18 3.2
8 19 2.2
9 0 5.2
9 1 8.2
9 2 3.2
9 3 3.2
9 4 2.2
9 5 2.2
9 6 6.199999999999999
9 7 3.2
9 8 4.2
9 10 1.2000000000000002
9 11 6.199999999999999
9 12 4.2
9 13 4.2
9 14 4.2
9 15 7.199999999999999
9 16 4.2
9 17 3.2
9 18 2.2
9 19 7.199999999999999
10 0 5.199999999999999
10 1 2.2
10 2 5.199999999999999
10 3 3.2
10 4 1.2000000000000002
10 5 5.2
10 6 5.2
10 7 4.2
10 8 2.2
10 9 1.2000000000000002
10 11 5.2
10 12 4.2
10 13 2.2
10 14 4.2
10 15 4.2
10 16 4.2
10 17 4.199999999999999
10 18 3.2
10 19 9.2
11 0 1.2000000000000002
11 1 3.2
11 2 4.2
11 3 2.2
11 4 4.2
11 5 2.2
11 6 1.2000000000000002
11 7 1.2000000000000002
11 8 0.2
11 9 1.2000000000000002
11 10 1.2000000000000002
11 12 1.2000000000000002
11 13 3.2
11 14 2.2
11 15 3.2
11 16 1.2000000000000002
11 17 1.2000000000000002
11 18 2.2
11 19 4.2
12 0 2.2
12 1 2.2
12 2 1.2000000000000002
12 3 2.2
12 4 4.2
12 5 3.2
12 6 1.2000000000000002
12 7 4.2
12 8 4.2
12 9 3.2
12 10 2.2
12 11 3.2
12 13 1.2000000000000002
12 14 1.2000000000000002
12 15 3.2
12 16 2.2
12 17 2.2
12 18 4.2
12 19 7.199999999999999
13 0 3.2
13 1 3.2
13 2 3.2
13 3 1.2000000000000002
13 4 3.2
13 5 3.2
13 6 2.2
13 7 4.2
13 8 2.2
13 9 2.2
13 10 3.2
13 11 3.2
13 12 2.2
13 14 4.2
13 15 1.2000000000000002
13 16 0.2
13 17 6.199999999999999
13 18 1.2000000000000002
13 19 0.2
14 0 3.2
14 1 1.2000000000000002
14 2 1.2000000000000002
14 3 1.2000000000000002
14 4 4.2
14 5 3.2
14 6 2.2
14 7 2.2
14 8 2.2
14 9 3.2
14 10 5.2
14 11 6.2
14 12 5.199999999999999
14 13 1.2000000000000002
14 15 5.2
14 16 2.2
14 17 6.2
14 18 0.2
14 19 4.2
15 0 1.2000000000000002
15 1 2.2
15 2 1.2000000000000002
15 3 1.2000000000000002
15 4 0.2
15 5 1.2000000000000002
15 6 5.2
15 7 3.2
15 8 3.2
15 9 2.2
15 10 0.2
15 11 2.2
15 12 3.2
15 13 4.2
15 14 5.2
15 16 4.2
15 17 1.2000000000000002
15 18 2.2
15 19 3.2
16 0 3.2
16 1 4.2
16 2 3.2
16 3 0.2
16 4 3.2
16 5 1.2000000000000002
16 6 3.2
16 7 3.2
16 8 2.2
16 9 2.2
16 10 3.2
16 11 3.2
16 12 1.2000000000000002
16 13 4.2
16 14 4.2
16 15 2.2
16 17 1.2000000000000002
16 18 2.2
16 19 5.2
17 0 6.199999999999999
17 1 1.2000000000000002
17 2 2.2
17 3 3.2
17 4 6.199999999999999
17 5 1.2000000000000002
17 6 3.2
17 7 5.199999999999999
17 8 3.2
17 9 0.2
17 10 5.199999999999999
17 11 4.2
17 12 2.2
17 13 1.2000000000000002
17 14 4.2
17 15 7.199999999999999
17 16 0.2
17 18 2.2
17 19 1.2000000000000002
18 0 4.199999999999999
18 1 2.2
18 2 3.2
18 3 1.2000000000000002
18 4 5.199999999999999
18 5 1.2000000000000002
18 6 3.2
18 7 5.199999999999999
18 8 3.2
18 9 1.2000000000000002
18 10 0.2
18 11 2.2
18 12 2.2
18 13 4.2
18 14 5.2
18 15 5.2
18 16 5.199999999999999
18 17 5.2
18 19 4.2
19 0 3.2
19 1 3.2
19 2 6.199999999999999
19 3 1.2000000000000002
19 4 3.2
19 5 4.2
19 6 5.199999999999999
19 7 2.2
19 8 4.2
19 9 4.2
19 10 1.2000000000000002
19 11 1.2000000000000002
19 12 5.2
19 13 1.2000000000000002
19 14 4.2
19 15 1.2000000000000002
19 16 2.2
19 17 3.2
19 18 2.2
