0 2 163.2
0 19 78.1
0 22 141.2
0 26 125.19999999999999
0 37 105.2
0 71 65.1
0 73 47.1
0 85 76.1
0 101 111.2
0 107 82.1
0 113 117.19999999999999
0 119 133.2
0 131 208.29999999999998
0 152 58.1
0 156 79.1
0 159 73.1
0 166 69.1
0 236 80.1
0 251 89.1
0 271 70.1
0 294 63.1
1 2 85.1
1 3 149.2
1 6 70.1
1 28 74.1
1 29 67.1
1 39 130.2
1 58 74.1
1 71 163.2
1 78 151.2
1 89 128.2
1 95 76.1
1 97 140.2
1 105 68.1
1 110 137.2
1 118 72.1
1 120 89.1
1 132 156.2
1 156 65.1
1 162 86.1
1 200 160.2
1 211 59.1
1 218 73.1
1 286 63.1
2 0 166.2
2 1 69.1
2 7 72.1
2 8 86.1
2 22 161.2
2 26 136.2
2 37 210.29999999999998
2 57 85.1
2 101 142.2
2 113 165.2
2 119 140.2
2 131 151.2
2 132 61.1
2 165 87.1
2 195 87.1
2 212 89.1
2 213 69.1
2 255 100.1
2 264 104.1
2 283 84.1
2 294 104.1
2 300 103.1
3 1 130.2
3 4 44.1
3 7 51.1
3 8 66.1
3 41 157.2
3 64 146.2
3 92 120.19999999999999
3 106 132.2
3 110 77.1
3 111 133.2
3 114 185.29999999999998
3 120 50.1
3 138 68.1
3 169 108.2
3 198 117.2
3 207 65.1
3 221 64.1
3 230 62.1
3 249 62.1
3 287 128.2
4 3 41.1
4 53 131.2
4 67 183.2
4 69 152.2
4 76 185.2
4 79 89.1
4 104 98.1
4 123 89.1
4 124 81.1
4 125 226.29999999999998
4 126 71.1
4 151 71.1
4 174 48.1
4 185 155.2
4 189 143.2
4 201 71.1
4 228 79.1
4 232 85.1
4 253 80.1
4 278 91.1
4 286 85.1
5 7 54.1
5 11 67.1
5 15 67.1
5 30 131.2
5 31 64.1
5 44 128.2
5 50 246.29999999999998
5 73 68.1
5 74 77.1
5 77 137.2
5 84 131.2
5 85 134.2
5 86 73.1
5 91 74.1
5 102 53.1
5 115 60.1
5 130 67.1
5 135 68.1
5 143 71.1
5 182 70.1
5 206 73.1
5 290 84.1
5 297 81.1
6 1 54.1
6 8 61.1
6 41 38.1
6 45 45.1
6 46 45.1
6 55 151.3
6 58 124.19999999999999
6 81 62.1
6 82 56.1
6 93 102.2
6 107 63.1
6 111 63.1
6 122 52.1
6 141 118.19999999999999
6 158 64.1
6 176 56.1
6 203 58.1
6 213 57.1
6 219 61.1
6 226 65.1
6 233 63.1
6 241 53.1
6 259 81.1
6 290 85.1
7 2 67.1
7 3 55.1
7 5 72.1
7 38 131.2
7 45 74.1
7 77 78.1
7 82 80.1
7 83 283.29999999999995
7 86 68.1
7 98 157.2
7 115 77.1
7 117 76.1
7 144 112.2
7 176 77.1
7 198 56.1
7 206 145.2
7 212 64.1
7 213 77.1
7 215 153.2
7 244 123.19999999999999
7 246 67.1
7 257 152.2
7 292 79.1
8 2 57.1
8 3 61.1
8 6 81.1
8 9 92.1
8 12 87.1
8 13 52.1
8 21 153.2
8 25 139.2
8 33 69.1
8 46 66.1
8 72 126.19999999999999
8 74 92.1
8 99 131.2
8 118 74.1
8 133 129.2
8 152 117.19999999999999
8 156 125.19999999999999
8 190 82.1
8 203 135.2
8 217 75.1
8 265 85.1
9 8 84.1
9 12 121.19999999999999
9 21 146.2
9 25 74.1
9 33 153.2
9 36 77.1
9 41 79.1
9 43 66.1
9 71 70.1
9 72 129.2
9 98 59.1
9 99 61.1
9 133 116.2
9 145 72.1
9 152 121.2
9 156 61.1
9 162 62.1
9 208 80.1
9 209 93.1
9 217 117.2
9 220 72.1
9 263 58.1
9 264 100.1
10 11 179.2
10 38 77.1
10 45 81.1
10 84 83.1
10 87 187.2
10 103 158.2
10 113 83.1
10 132 71.1
10 136 160.2
10 137 173.2
10 144 69.1
10 147 191.2
10 153 156.2
10 177 111.1
10 183 88.1
10 193 163.2
10 210 93.1
10 213 142.2
10 221 118.1
11 5 68.1
11 10 155.2
11 15 68.1
11 80 85.1
11 87 125.19999999999999
11 88 74.1
11 103 130.2
11 136 128.2
11 137 145.2
11 147 130.2
11 153 128.2
11 165 53.1
11 177 83.1
11 186 57.1
11 193 122.19999999999999
11 209 79.1
11 213 143.2
11 226 86.1
11 288 111.1
12 8 83.1
12 9 145.2
12 21 62.1
12 25 142.2
12 33 146.2
12 55 57.1
12 72 175.2
12 73 80.1
12 82 92.1
12 99 77.1
12 115 81.1
12 133 126.19999999999999
12 152 65.1
12 156 73.1
12 158 88.1
12 164 137.1
12 177 127.1
12 203 79.1
12 217 131.2
12 240 95.1
12 245 77.1
13 8 59.1
13 35 124.19999999999999
13 43 173.2
13 54 63.1
13 62 151.2
13 63 92.1
13 75 82.1
13 95 149.2
13 96 71.1
13 105 110.2
13 125 81.1
13 139 73.1
13 158 85.1
13 188 81.1
13 195 136.2
13 196 76.1
13 214 228.29999999999998
13 228 154.2
13 252 78.1
13 256 89.1
14 19 206.29999999999998
14 24 68.1
14 27 130.2
14 47 130.2
14 59 68.1
14 67 71.1
14 75 124.2
14 79 61.1
14 81 65.1
14 83 80.1
14 100 159.2
14 108 140.2
14 128 80.1
14 207 181.29999999999998
14 226 191.29999999999998
14 253 129.2
14 295 85.1
15 5 49.1
15 11 77.1
15 153 82.1
15 154 139.2
15 156 65.1
15 161 79.1
15 171 68.1
15 204 71.1
15 207 75.1
15 208 246.29999999999998
15 235 183.2
15 236 81.1
15 247 177.2
15 251 88.1
15 260 136.2
15 272 88.1
15 283 174.2
15 284 90.1
15 291 174.2
15 304 88.1
16 56 91.1
16 68 89.1
16 109 139.2
16 112 72.1
16 116 65.1
16 121 192.2
16 140 53.1
16 144 67.1
16 150 65.1
16 168 65.1
16 179 75.1
16 180 80.1
16 182 114.2
16 184 117.2
16 220 75.1
16 222 150.2
16 224 70.1
16 256 61.1
16 257 75.1
16 269 80.1
16 302 173.2
17 20 156.2
17 48 133.2
17 106 42.1
17 115 55.1
17 143 60.1
17 172 45.1
17 180 147.3
17 183 192.29999999999998
17 184 97.2
17 202 109.19999999999999
17 248 54.1
17 267 154.2
17 273 143.2
18 47 66.1
18 56 155.2
18 63 83.1
18 75 73.1
18 123 140.2
18 128 125.19999999999999
18 134 77.1
18 148 145.2
18 170 64.1
18 189 60.1
18 191 73.1
18 199 71.1
18 201 82.1
18 210 143.2
18 211 108.2
18 255 57.1
18 256 118.19999999999999
18 286 67.1
19 0 71.1
19 14 193.29999999999998
19 21 88.1
19 27 145.2
19 47 158.2
19 52 57.1
19 75 162.2
19 100 183.2
19 108 235.29999999999998
19 119 66.1
19 159 78.1
19 207 143.2
19 212 65.1
19 226 117.19999999999999
19 227 82.1
19 253 144.2
19 270 83.1
19 292 91.1
20 17 143.2
20 38 53.1
20 42 55.1
20 48 150.2
20 80 69.1
20 87 46.1
20 127 81.1
20 147 54.1
20 162 87.1
20 180 136.2
20 183 130.2
20 202 143.2
20 224 65.1
20 267 141.2
20 273 143.2
20 302 80.1
21 8 135.2
21 9 151.2
21 12 75.1
21 19 78.1
21 22 65.1
21 25 146.2
21 33 82.1
21 72 72.1
21 81 85.1
21 84 64.1
21 99 132.2
21 106 73.1
21 133 65.1
21 149 95.1
21 152 147.2
21 154 57.1
21 156 121.19999999999999
21 210 63.1
21 217 65.1
21 221 106.1
21 247 80.1
21 282 68.1
21 288 102.1
22 0 137.2
22 2 145.2
22 21 79.1
22 26 122.19999999999999
22 37 115.19999999999999
22 101 182.29999999999998
22 113 146.2
22 119 121.2
22 120 87.1
22 131 131.2
22 167 94.1
22 228 67.1
22 229 100.1
22 244 79.1
22 260 93.1
22 266 96.1
22 285 76.1
22 288 108.1
23 32 84.1
23 33 75.1
23 42 190.2
23 44 101.1
23 49 150.2
23 72 60.1
23 83 81.1
23 84 86.1
23 86 157.2
23 98 146.2
23 111 71.1
23 129 178.2
23 136 75.1
23 143 83.1
23 162 85.1
23 172 163.2
23 184 75.1
23 244 161.2
23 252 102.1
23 253 87.1
23 254 83.1
23 277 142.2
24 14 73.1
24 30 56.1
24 40 68.1
24 44 75.1
24 63 86.1
24 72 57.1
24 79 72.1
24 81 77.1
24 90 137.2
24 122 69.1
24 126 86.1
24 131 68.1
24 149 159.2
24 173 130.2
24 186 63.1
24 212 123.19999999999999
24 223 112.19999999999999
24 225 134.2
24 232 71.1
24 246 59.1
24 252 121.2
25 8 141.2
25 9 83.1
25 12 139.2
25 21 165.2
25 26 61.1
25 33 157.2
25 59 73.1
25 72 56.1
25 87 64.1
25 91 62.1
25 99 132.2
25 107 91.1
25 131 73.1
25 133 66.1
25 152 226.29999999999998
25 156 190.29999999999998
25 203 70.1
25 216 85.1
25 217 53.1
25 223 60.1
25 257 84.1
25 261 90.1
25 272 85.1
26 0 110.2
26 2 117.2
26 22 133.2
26 25 62.1
26 37 151.3
26 101 118.2
26 108 58.1
26 113 118.19999999999999
26 119 130.2
26 131 131.2
26 138 91.1
26 156 59.1
26 158 56.1
26 165 65.1
26 188 55.1
26 243 74.1
26 246 58.1
26 251 74.1
27 14 115.19999999999999
27 19 183.2
27 35 58.1
27 47 219.29999999999998
27 63 70.1
27 75 138.2
27 100 157.2
27 105 62.1
27 108 124.19999999999999
27 124 89.1
27 142 77.1
27 148 63.1
27 185 75.1
27 189 81.1
27 207 224.29999999999998
27 226 154.2
27 253 166.2
28 1 78.1
28 29 131.2
28 39 70.1
28 56 84.1
28 71 162.2
28 73 85.1
28 78 172.2
28 83 73.1
28 89 101.2
28 97 138.2
28 103 88.1
28 110 145.2
28 132 144.2
28 158 60.1
28 200 162.2
28 213 79.1
28 223 92.1
28 229 86.1
28 237 91.1
28 239 68.1
28 292 92.1
28 293 94.1
29 1 75.1
29 28 133.2
29 33 60.1
29 39 147.2
29 71 117.19999999999999
29 73 88.1
29 78 150.2
29 89 126.19999999999999
29 97 143.2
29 103 59.1
29 110 67.1
29 114 72.1
29 127 93.1
29 130 74.1
29 132 151.2
29 146 81.1
29 200 145.2
29 225 65.1
29 267 90.1
29 281 90.1
29 287 79.1
30 5 178.2
30 24 85.1
30 31 140.2
30 33 82.1
30 37 84.1
30 44 86.1
30 50 87.1
30 55 72.1
30 73 260.29999999999995
30 76 134.1
30 77 70.1
30 84 86.1
30 85 89.1
30 91 191.2
30 103 85.1
30 105 73.1
30 119 80.1
30 130 221.29999999999998
30 135 167.2
30 140 79.1
30 162 76.1
30 213 96.1
30 256 107.1
30 268 105.1
31 5 59.1
31 30 117.2
31 44 121.19999999999999
31 50 58.1
31 73 139.2
31 77 67.1
31 84 63.1
31 85 67.1
31 90 54.1
31 91 117.2
31 110 43.1
31 130 106.2
31 135 138.2
31 169 73.1
31 198 59.1
31 237 84.1
31 241 73.1
31 243 85.1
31 268 80.1
31 282 62.1
32 23 44.1
32 83 68.1
32 119 54.1
32 121 67.1
32 138 244.29999999999998
32 150 69.1
32 155 219.29999999999998
32 165 102.2
32 175 70.1
32 208 67.1
32 223 47.1
32 226 64.1
32 236 206.29999999999998
32 268 120.19999999999999
32 271 144.2
32 278 69.1
32 287 55.1
32 299 84.1
32 303 149.2
33 8 62.1
33 9 138.2
33 12 123.19999999999999
33 21 88.1
33 23 79.1
33 25 113.2
33 29 70.1
33 30 53.1
33 72 126.19999999999999
33 99 52.1
33 113 48.1
33 115 59.1
33 132 59.1
33 133 141.2
33 152 133.2
33 156 48.1
33 158 87.1
33 161 50.1
33 164 90.1
33 199 64.1
33 217 147.2
33 289 96.1
33 297 74.1
34 43 55.1
34 46 51.1
34 112 81.1
34 130 62.1
34 189 72.1
34 237 229.29999999999998
34 243 135.2
34 278 148.2
34 282 125.19999999999999
34 292 136.2
34 294 129.2
34 295 164.2
34 297 145.2
34 299 254.29999999999998
35 13 119.2
35 27 74.1
35 43 67.1
35 58 61.1
35 62 196.29999999999998
35 86 43.1
35 95 60.1
35 96 71.1
35 99 65.1
35 105 121.19999999999999
35 139 112.2
35 170 78.1
35 188 206.29999999999998
35 195 61.1
35 196 54.1
35 214 150.2
35 228 61.1
35 260 83.1
35 288 74.1
35 300 68.1
36 9 74.1
36 64 66.1
36 94 54.1
36 96 77.1
36 113 49.1
36 180 66.1
36 190 148.2
36 219 205.29999999999998
36 229 154.2
36 230 155.2
36 238 168.2
36 254 241.29999999999998
36 259 160.2
36 262 91.1
36 270 83.1
36 281 142.2
36 298 176.2
37 0 100.2
37 2 172.29999999999998
37 22 118.19999999999999
37 26 185.29999999999998
37 30 56.1
37 65 67.1
37 78 44.1
37 101 105.2
37 113 154.3
37 119 96.2
37 131 179.29999999999998
37 155 57.1
37 203 67.1
37 247 70.1
37 251 68.1
37 260 68.1
37 301 75.1
38 7 114.2
38 10 84.1
38 20 69.1
38 44 68.1
38 52 67.1
38 56 94.1
38 80 76.1
38 83 138.2
38 98 103.1
38 112 170.2
38 129 216.29999999999998
38 133 75.1
38 144 215.29999999999998
38 177 98.1
38 206 153.2
38 215 123.2
38 235 96.1
38 244 150.2
38 257 164.2
39 1 112.2
39 28 58.1
39 29 114.2
39 42 70.1
39 58 58.1
39 68 64.1
39 71 56.1
39 78 124.19999999999999
39 87 52.1
39 89 97.2
39 92 47.1
39 97 114.2
39 110 132.2
39 129 62.1
39 132 133.2
39 190 60.1
39 200 118.19999999999999
39 214 42.1
39 228 73.1
39 230 61.1
39 234 70.1
40 24 63.1
40 59 142.2
40 61 179.2
40 72 145.2
40 88 177.29999999999998
40 100 84.1
40 116 56.1
40 122 65.1
40 135 66.1
40 145 157.2
40 147 67.1
40 151 208.29999999999998
40 175 78.1
40 178 200.29999999999998
40 191 65.1
40 229 95.1
40 232 176.2
40 254 74.1
40 263 134.2
40 278 57.1
41 3 134.2
41 6 67.1
41 9 58.1
41 49 92.1
41 50 78.1
41 64 261.29999999999995
41 92 147.2
41 96 58.1
41 106 132.2
41 111 139.2
41 112 78.1
41 114 158.2
41 122 62.1
41 169 117.19999999999999
41 178 74.1
41 198 142.2
41 204 98.1
41 254 78.1
41 269 67.1
41 287 143.2
42 20 80.1
42 23 163.2
42 39 82.1
42 49 132.2
42 86 130.2
42 98 135.2
42 117 77.1
42 129 125.2
42 136 66.1
42 140 87.1
42 153 50.1
42 172 164.2
42 179 93.1
42 200 81.1
42 215 142.2
42 257 89.1
42 277 160.2
42 302 100.1
43 9 70.1
43 13 154.2
43 34 75.1
43 35 63.1
43 62 77.1
43 86 78.1
43 95 194.29999999999998
43 96 91.1
43 105 136.2
43 116 77.1
43 139 92.1
43 155 106.1
43 156 53.1
43 165 73.1
43 170 79.1
43 175 65.1
43 188 87.1
43 195 192.29999999999998
43 196 166.2
43 214 63.1
43 226 85.1
43 228 176.2
43 286 78.1
44 5 143.2
44 23 111.1
44 24 84.1
44 30 77.1
44 31 146.2
44 38 77.1
44 49 77.1
44 50 162.2
44 73 84.1
44 77 127.19999999999999
44 83 89.1
44 84 139.2
44 85 157.2
44 91 78.1
44 112 105.1
44 130 131.2
44 135 87.1
44 141 96.1
44 233 94.1
44 248 99.1
44 265 80.1
45 6 59.1
45 7 88.1
45 10 62.1
45 46 217.29999999999998
45 55 64.1
45 58 69.1
45 81 139.2
45 86 76.1
45 90 87.1
45 93 54.1
45 94 55.1
45 120 63.1
45 122 69.1
45 141 143.2
45 158 83.1
45 176 81.1
45 194 86.1
45 195 70.1
45 199 92.1
45 203 56.1
45 235 97.1
45 246 49.1
45 265 90.1
45 289 91.1
46 6 62.1
46 8 62.1
46 34 84.1
46 45 199.29999999999998
46 55 54.1
46 58 71.1
46 66 74.1
46 81 134.2
46 88 57.1
46 93 52.1
46 121 93.1
46 122 139.2
46 127 76.1
46 141 124.19999999999999
46 157 70.1
46 158 79.1
46 163 63.1
46 176 124.19999999999999
46 186 61.1
46 203 51.1
46 217 64.1
46 270 134.2
46 274 70.1
46 295 83.1
47 14 124.19999999999999
47 18 73.1
47 19 139.2
47 27 196.29999999999998
47 54 65.1
47 75 138.2
47 100 167.2
47 108 157.2
47 128 61.1
47 148 80.1
47 207 108.2
47 221 54.1
47 226 155.2
47 253 126.19999999999999
47 285 74.1
47 300 63.1
48 17 169.2
48 20 171.2
48 82 84.1
48 110 51.1
48 116 80.1
48 135 66.1
48 144 48.1
48 168 84.1
48 180 232.29999999999998
48 182 91.1
48 183 169.2
48 202 227.29999999999998
48 237 92.1
48 257 97.1
48 267 157.2
48 269 68.1
48 273 156.2
49 23 155.2
49 41 87.1
49 42 142.2
49 44 74.1
49 83 61.1
49 86 116.19999999999999
49 91 68.1
49 98 137.2
49 106 85.1
49 109 78.1
49 129 126.19999999999999
49 172 138.2
49 212 57.1
49 252 72.1
49 257 161.2
49 269 72.1
49 273 92.1
49 277 143.2
49 281 76.1
50 5 205.29999999999998
50 30 68.1
50 31 75.1
50 41 77.1
50 44 152.2
50 65 73.1
50 73 66.1
50 77 128.2
50 84 143.2
50 85 126.19999999999999
50 91 70.1
50 130 52.1
50 135 71.1
50 180 77.1
50 192 67.1
50 205 65.1
50 217 68.1
50 231 94.1
50 241 79.1
50 263 74.1
50 287 87.1
50 289 76.1
50 301 66.1
51 70 142.2
51 72 75.1
51 97 86.1
51 111 73.1
51 135 126.19999999999999
51 157 147.2
51 174 85.1
51 175 229.29999999999998
51 178 104.1
51 191 272.29999999999995
51 204 73.1
51 234 178.2
51 249 164.2
51 258 159.2
51 279 90.1
51 280 184.2
51 286 87.1
51 296 155.2
52 19 81.1
52 38 57.1
52 63 139.2
52 76 72.1
52 78 59.1
52 123 45.1
52 134 211.29999999999998
52 172 70.1
52 187 75.1
52 199 136.2
52 211 74.1
52 216 62.1
52 221 65.1
52 255 147.2
52 256 69.1
52 277 62.1
52 286 221.29999999999998
52 300 239.29999999999998
52 303 69.1
53 4 127.19999999999999
53 67 114.2
53 69 111.2
53 76 202.29999999999998
53 96 53.1
53 118 52.1
53 122 51.1
53 125 238.29999999999998
53 156 45.1
53 170 50.1
53 185 202.29999999999998
53 186 53.1
53 189 135.2
53 191 47.1
53 247 80.1
53 249 67.1
53 270 63.1
53 280 69.1
53 286 63.1
54 13 53.1
54 47 55.1
54 118 186.29999999999998
54 125 54.1
54 142 116.19999999999999
54 146 117.19999999999999
54 164 128.2
54 170 123.19999999999999
54 187 125.19999999999999
54 189 68.1
54 209 123.19999999999999
54 234 68.1
54 241 132.2
54 276 107.2
54 293 157.2
54 303 61.1
55 6 204.29999999999998
55 12 92.1
55 30 65.1
55 45 65.1
55 46 74.1
55 58 173.2
55 70 91.1
55 81 76.1
55 90 69.1
55 93 250.29999999999998
55 111 101.1
55 122 77.1
55 135 84.1
55 139 105.1
55 141 63.1
55 147 82.1
55 152 83.1
55 158 70.1
55 166 81.1
55 175 102.1
55 176 97.1
55 193 100.1
55 203 63.1
55 246 55.1
55 254 80.1
55 264 99.1
55 299 90.1
56 16 81.1
56 18 104.2
56 28 59.1
56 38 56.1
56 96 61.1
56 123 115.19999999999999
56 126 62.1
56 127 77.1
56 128 106.2
56 140 57.1
56 142 64.1
56 148 138.2
56 210 112.2
56 211 105.2
56 234 80.1
56 255 77.1
56 256 113.2
56 300 86.1
57 2 58.1
57 60 176.2
57 75 75.1
57 101 45.1
57 107 158.2
57 122 68.1
57 124 87.1
57 133 59.1
57 159 151.2
57 171 146.2
57 185 73.1
57 206 55.1
57 216 144.2
57 252 64.1
57 261 81.1
57 264 80.1
57 270 133.2
57 275 174.2
58 1 57.1
58 6 99.2
58 35 45.1
58 39 56.1
58 45 61.1
58 46 56.1
58 55 107.2
58 62 41.1
58 76 68.1
58 81 64.1
58 92 50.1
58 93 152.3
58 122 54.1
58 141 48.1
58 158 54.1
58 173 49.1
58 176 76.1
58 203 49.1
58 212 58.1
58 218 49.1
58 246 60.1
58 259 84.1
59 14 66.1
59 25 60.1
59 40 148.2
59 61 165.2
59 88 136.2
59 125 81.1
59 145 131.2
59 151 139.2
59 178 182.3
59 212 68.1
59 216 57.1
59 232 127.19999999999999
59 263 108.2
59 266 65.1
59 283 83.1
59 284 146.2
60 57 107.2
60 99 40.1
60 107 54.1
60 110 45.1
60 130 49.1
60 138 59.1
60 159 145.2
60 171 56.1
60 182 49.1
60 196 59.1
60 216 115.19999999999999
60 223 41.1
60 251 139.2
60 261 108.2
60 264 54.1
60 268 78.1
60 270 123.19999999999999
60 275 129.2
61 40 147.2
61 59 155.2
61 88 155.2
61 91 85.1
61 109 78.1
61 119 93.1
61 121 107.1
61 145 147.2
61 151 224.29999999999998
61 167 176.2
61 178 143.2
61 187 96.1
61 200 72.1
61 232 154.2
61 263 124.2
61 280 86.1
61 298 107.1
62 13 132.2
62 35 195.29999999999998
62 43 74.1
62 58 68.1
62 95 70.1
62 96 142.2
62 104 77.1
62 105 106.2
62 139 137.2
62 167 75.1
62 184 56.1
62 188 133.2
62 195 78.1
62 196 70.1
62 203 74.1
62 214 147.2
62 228 55.1
62 243 92.1
62 252 58.1
62 292 87.1
63 13 76.1
63 18 55.1
63 24 56.1
63 27 67.1
63 52 121.2
63 75 76.1
63 94 51.1
63 126 50.1
63 128 69.1
63 134 136.2
63 148 65.1
63 185 78.1
63 199 206.29999999999998
63 225 56.1
63 255 146.2
63 256 66.1
63 278 61.1
63 286 151.2
63 295 66.1
63 300 163.2
64 3 129.2
64 36 92.1
64 41 224.29999999999998
64 68 67.1
64 92 184.3
64 106 130.2
64 111 148.2
64 114 157.2
64 120 48.1
64 124 71.1
64 157 77.1
64 169 106.2
64 198 120.19999999999999
64 259 74.1
64 261 88.1
64 287 143.2
64 293 85.1
65 37 52.1
65 50 68.1
65 94 128.2
65 102 153.2
65 117 73.1
65 163 115.2
65 166 175.2
65 218 230.29999999999998
65 233 151.2
65 235 80.1
65 240 61.1
65 265 64.1
65 266 153.2
65 288 189.2
65 301 132.2
66 46 69.1
66 71 84.1
66 76 104.1
66 90 86.1
66 96 88.1
66 124 175.2
66 142 188.2
66 181 196.2
66 187 186.2
66 188 76.1
66 200 73.1
66 201 174.2
66 221 242.2
66 227 286.29999999999995
66 242 251.29999999999998
66 284 90.1
66 285 287.29999999999995
67 4 166.2
67 14 51.1
67 53 108.2
67 69 149.2
67 76 213.29999999999998
67 78 55.1
67 95 75.1
67 100 84.1
67 119 61.1
67 125 125.19999999999999
67 139 65.1
67 165 139.2
67 181 60.1
67 185 160.2
67 189 114.2
67 232 85.1
67 242 69.1
67 303 79.1
68 16 68.1
68 39 57.1
68 64 59.1
68 95 62.1
68 104 140.2
68 120 104.2
68 174 126.19999999999999
68 189 71.1
68 197 149.2
68 204 134.2
68 238 66.1
68 239 114.19999999999999
68 250 136.3
68 279 145.2
68 287 55.1
68 293 107.1
68 296 74.1
69 4 160.2
69 53 90.2
69 67 110.2
69 76 152.2
69 108 56.1
69 124 55.1
69 125 132.2
69 126 61.1
69 153 59.1
69 185 104.19999999999999
69 188 61.1
69 189 184.3
69 211 49.1
69 232 58.1
69 242 55.1
69 263 58.1
69 278 73.1
69 285 63.1
69 286 53.1
70 51 144.2
70 55 61.1
70 90 71.1
70 145 69.1
70 157 147.2
70 173 92.1
70 175 259.29999999999995
70 191 135.2
70 192 65.1
70 231 63.1
70 234 152.2
70 238 91.1
70 249 202.29999999999998
70 258 143.2
70 279 89.1
70 280 150.2
70 296 212.29999999999998
71 0 75.1
71 1 171.2
71 9 67.1
71 28 157.2
71 29 134.2
71 39 75.1
71 66 104.1
71 78 85.1
71 79 82.1
71 89 130.2
71 97 161.2
71 106 64.1
71 110 149.2
71 132 125.19999999999999
71 135 70.1
71 167 114.1
71 188 77.1
71 196 76.1
71 200 133.2
71 274 101.1
71 304 94.1
72 8 127.19999999999999
72 9 113.19999999999999
72 12 157.2
72 21 69.1
72 23 62.1
72 24 36.1
72 25 54.1
72 33 137.2
72 40 151.2
72 51 59.1
72 99 53.1
72 101 43.1
72 103 45.1
72 133 136.2
72 152 65.1
72 156 61.1
72 178 72.1
72 205 78.1
72 217 132.2
72 231 95.1
72 263 54.1
72 291 77.1
73 0 45.1
73 5 67.1
73 12 76.1
73 28 69.1
73 29 77.1
73 30 223.29999999999998
73 31 145.2
73 44 73.1
73 50 82.1
73 77 169.2
73 84 154.2
73 85 57.1
73 91 153.2
73 101 65.1
73 102 81.1
73 106 73.1
73 130 124.19999999999999
73 135 206.29999999999998
73 254 64.1
73 262 111.1
73 270 83.1
73 293 76.1
73 304 90.1
74 5 74.1
74 8 56.1
74 102 148.2
74 127 249.29999999999998
74 141 66.1
74 164 90.1
74 167 186.2
74 177 206.29999999999998
74 229 91.1
74 231 297.29999999999995
74 262 164.2
74 284 194.2
74 289 159.2
74 290 157.2
74 298 68.1
75 13 40.1
75 14 114.2
75 18 56.1
75 19 101.2
75 27 129.2
75 47 130.2
75 57 57.1
75 63 78.1
75 95 47.1
75 100 137.2
75 108 105.2
75 128 58.1
75 134 81.1
75 207 129.2
75 226 156.3
75 227 57.1
75 253 115.2
76 4 160.2
76 30 73.1
76 52 74.1
76 53 190.3
76 58 60.1
76 66 84.1
76 67 207.29999999999998
76 69 138.2
76 125 140.2
76 170 145.2
76 185 143.2
76 186 73.1
76 188 40.1
76 189 102.2
76 216 82.1
76 221 76.1
76 253 88.1
76 300 75.1
77 5 152.2
77 7 75.1
77 30 68.1
77 31 63.1
77 44 128.2
77 50 156.2
77 73 153.2
77 80 84.1
77 84 149.2
77 85 207.29999999999998
77 91 146.2
77 97 82.1
77 130 55.1
77 135 84.1
77 146 74.1
77 192 95.1
77 203 47.1
77 235 89.1
77 237 88.1
77 254 83.1
77 292 83.1
78 1 112.2
78 28 135.2
78 29 112.2
78 37 41.1
78 39 132.2
78 52 76.1
78 67 70.1
78 71 70.1
78 89 90.2
78 97 62.1
78 99 42.1
78 103 63.1
78 110 115.2
78 132 123.19999999999999
78 169 61.1
78 181 64.1
78 200 118.2
78 257 75.1
78 270 73.1
79 4 84.1
79 14 69.1
79 24 83.1
79 71 72.1
79 84 79.1
79 90 79.1
79 96 96.1
79 124 115.1
79 126 195.2
79 149 85.1
79 173 97.1
79 185 91.1
79 186 157.2
79 212 207.29999999999998
79 223 140.2
79 225 92.1
79 228 70.1
79 245 93.1
79 246 233.29999999999998
79 252 121.2
79 256 86.1
80 11 81.1
80 20 66.1
80 38 55.1
80 77 51.1
80 83 66.1
80 117 131.2
80 183 68.1
80 192 131.2
80 194 141.2
80 198 51.1
80 205 114.19999999999999
80 215 49.1
80 220 59.1
80 233 64.1
80 240 132.2
80 248 123.2
80 265 155.2
80 274 142.2
81 6 65.1
81 14 49.1
81 21 53.1
81 24 65.1
81 45 123.2
81 46 128.2
81 55 56.1
81 58 54.1
81 93 36.1
81 122 64.1
81 139 50.1
81 141 94.2
81 142 47.1
81 145 70.1
81 158 122.19999999999999
81 176 74.1
81 200 60.1
81 203 59.1
81 234 58.1
81 242 66.1
81 247 66.1
81 260 76.1
81 288 78.1
82 6 52.1
82 7 48.1
82 12 52.1
82 48 80.1
82 86 59.1
82 106 49.1
82 115 165.3
82 125 51.1
82 140 56.1
82 144 40.1
82 145 59.1
82 146 75.1
82 160 76.1
82 183 131.2
82 202 59.1
82 224 71.1
82 232 68.1
82 273 68.1
82 302 76.1
83 7 227.29999999999998
83 14 81.1
83 23 106.1
83 28 67.1
83 32 80.1
83 38 144.2
83 44 93.1
83 49 72.1
83 80 88.1
83 86 163.2
83 97 97.1
83 144 236.29999999999998
83 145 81.1
83 194 107.1
83 206 166.2
83 215 143.2
83 217 86.1
83 218 79.1
83 235 118.1
83 240 93.1
83 244 165.2
83 257 193.2
83 273 89.1
84 5 182.2
84 10 78.1
84 21 82.1
84 23 98.1
84 30 61.1
84 31 104.1
84 44 153.2
84 50 142.2
84 73 153.2
84 77 145.2
84 79 86.1
84 85 154.2
84 91 60.1
84 96 66.1
84 130 57.1
84 135 150.2
84 137 86.1
84 144 68.1
84 158 78.1
84 220 71.1
85 0 64.1
85 5 115.2
85 30 60.1
85 31 76.1
85 44 131.2
85 50 128.2
85 73 61.1
85 77 176.3
85 84 133.2
85 91 64.1
85 114 70.1
85 130 57.1
85 135 72.1
85 172 59.1
85 211 38.1
85 220 78.1
85 239 61.1
85 241 74.1
85 261 83.1
85 291 86.1
85 297 68.1
86 5 54.1
86 7 65.1
86 23 160.2
86 35 55.1
86 42 157.2
86 43 57.1
86 45 83.1
86 49 155.2
86 82 72.1
86 83 180.2
86 98 148.2
86 129 129.2
86 172 126.19999999999999
86 182 69.1
86 183 77.1
86 193 80.1
86 244 71.1
86 267 61.1
86 277 159.2
86 288 85.1
86 302 69.1
87 10 164.2
87 11 148.2
87 20 80.1
87 25 61.1
87 39 68.1
87 98 95.1
87 103 164.2
87 132 79.1
87 136 163.2
87 137 129.2
87 147 142.2
87 150 135.2
87 153 124.2
87 168 74.1
87 180 65.1
87 193 158.2
87 213 142.2
87 224 75.1
87 302 91.1
88 11 57.1
88 40 203.3
88 46 55.1
88 59 116.2
88 61 156.2
88 119 64.1
88 134 63.1
88 145 196.29999999999998
88 151 129.2
88 154 68.1
88 165 69.1
88 171 71.1
88 178 146.2
88 223 46.1
88 232 131.2
88 263 116.2
88 278 67.1
89 1 137.2
89 28 135.2
89 29 102.2
89 39 121.19999999999999
89 71 114.19999999999999
89 78 113.19999999999999
89 93 52.1
89 96 57.1
89 97 121.19999999999999
89 110 99.2
89 132 58.1
89 157 74.1
89 186 77.1
89 197 61.1
89 200 42.1
89 203 49.1
89 246 64.1
89 256 52.1
89 263 68.1
90 24 149.2
90 31 95.1
90 45 85.1
90 55 71.1
90 66 94.1
90 70 92.1
90 79 91.1
90 108 79.1
90 126 75.1
90 149 152.2
90 166 98.1
90 173 170.2
90 179 81.1
90 186 83.1
90 212 65.1
90 223 183.2
90 225 162.2
90 246 130.2
90 252 87.1
90 280 113.1
90 295 95.1
91 5 78.1
91 25 52.1
91 30 142.2
91 31 136.2
91 44 80.1
91 49 84.1
91 50 74.1
91 61 81.1
91 73 171.2
91 77 107.19999999999999
91 84 83.1
91 85 77.1
91 130 124.19999999999999
91 135 148.2
91 158 82.1
91 172 76.1
91 194 81.1
91 205 82.1
91 217 78.1
91 222 76.1
91 223 63.1
91 241 82.1
91 251 65.1
91 287 82.1
92 3 147.2
92 39 67.1
92 41 158.2
92 58 75.1
92 64 251.29999999999998
92 106 128.2
92 111 236.29999999999998
92 114 228.29999999999998
92 149 64.1
92 169 133.2
92 198 141.2
92 214 69.1
92 238 87.1
92 239 78.1
92 250 71.1
92 258 81.1
92 287 155.2
93 6 125.19999999999999
93 45 53.1
93 46 68.1
93 55 235.29999999999998
93 58 215.29999999999998
93 81 71.1
93 89 59.1
93 122 106.2
93 130 67.1
93 141 61.1
93 158 79.1
93 162 72.1
93 173 65.1
93 176 76.1
93 197 82.1
93 203 110.2
93 211 62.1
93 216 74.1
93 225 86.1
93 226 59.1
93 250 55.1
93 271 66.1
93 289 104.1
94 36 66.1
94 45 78.1
94 63 68.1
94 65 127.19999999999999
94 102 148.2
94 128 64.1
94 141 71.1
94 145 61.1
94 162 54.1
94 163 110.2
94 166 148.2
94 218 179.3
94 233 163.2
94 245 72.1
94 266 179.2
94 288 259.29999999999995
94 301 165.2
95 1 75.1
95 13 135.2
95 35 69.1
95 43 208.29999999999998
95 62 57.1
95 67 92.1
95 68 70.1
95 75 68.1
95 96 145.2
95 105 71.1
95 139 53.1
95 156 56.1
95 188 75.1
95 195 127.19999999999999
95 196 156.2
95 214 64.1
95 228 160.2
95 242 73.1
95 265 84.1
95 276 69.1
96 13 83.1
96 35 69.1
96 36 75.1
96 41 82.1
96 43 82.1
96 53 80.1
96 56 74.1
96 62 125.19999999999999
96 66 100.1
96 79 79.1
96 84 74.1
96 89 59.1
96 95 156.2
96 105 62.1
96 139 229.29999999999998
96 179 83.1
96 188 149.2
96 195 218.29999999999998
96 196 228.29999999999998
96 214 84.1
96 228 66.1
96 256 58.1
97 1 159.2
97 28 152.2
97 29 118.2
97 39 150.2
97 51 83.1
97 71 135.2
97 77 58.1
97 78 67.1
97 83 69.1
97 89 112.2
97 109 86.1
97 110 149.2
97 123 69.1
97 132 132.2
97 150 86.1
97 156 87.1
97 158 72.1
97 200 94.1
97 230 75.1
97 249 65.1
98 7 133.2
98 9 60.1
98 23 114.2
98 38 70.1
98 42 141.2
98 49 126.19999999999999
98 86 136.2
98 87 54.1
98 116 70.1
98 129 150.2
98 140 51.1
98 143 66.1
98 160 92.1
98 162 76.1
98 172 140.2
98 174 63.1
98 245 65.1
98 277 150.2
99 8 128.2
99 9 65.1
99 12 54.1
99 21 104.2
99 25 105.2
99 33 66.1
99 35 78.1
99 60 54.1
99 72 54.1
99 78 41.1
99 122 51.1
99 133 48.1
99 152 99.2
99 156 104.19999999999999
99 190 62.1
99 193 71.1
99 203 57.1
99 217 89.2
99 251 60.1
99 272 70.1
99 298 85.1
100 14 132.2
100 19 149.2
100 27 147.2
100 40 82.1
100 47 173.2
100 67 89.1
100 75 142.2
100 108 133.2
100 131 76.1
100 134 76.1
100 178 75.1
100 196 86.1
100 207 213.29999999999998
100 210 74.1
100 226 138.2
100 253 227.29999999999998
100 303 75.1
101 0 120.19999999999999
101 2 149.2
101 22 182.29999999999998
101 26 144.2
101 37 112.2
101 57 69.1
101 72 74.1
101 73 73.1
101 113 214.29999999999998
101 119 124.19999999999999
101 131 125.19999999999999
101 144 70.1
101 151 80.1
101 171 86.1
101 223 61.1
101 251 68.1
101 252 71.1
101 275 92.1
101 283 90.1
102 5 56.1
102 65 152.2
102 73 47.1
102 74 170.2
102 94 132.2
102 163 121.19999999999999
102 166 125.19999999999999
102 190 79.1
102 218 137.2
102 219 70.1
102 233 147.2
102 266 168.2
102 288 262.29999999999995
102 301 151.2
103 10 159.2
103 11 144.2
103 28 89.1
103 29 75.1
103 30 67.1
103 72 78.1
103 78 76.1
103 87 164.2
103 121 77.1
103 131 64.1
103 136 146.2
103 137 170.2
103 147 158.2
103 153 133.2
103 193 168.2
103 213 127.19999999999999
103 231 97.1
103 245 78.1
103 252 59.1
103 299 86.1
104 4 63.1
104 62 67.1
104 68 127.19999999999999
104 110 78.1
104 120 107.2
104 132 74.1
104 136 65.1
104 172 67.1
104 174 199.29999999999998
104 191 50.1
104 197 130.2
104 198 70.1
104 204 139.2
104 239 169.29999999999998
104 250 113.2
104 276 69.1
104 279 153.2
104 280 71.1
105 1 61.1
105 13 122.2
105 27 104.1
105 30 65.1
105 35 118.19999999999999
105 43 119.19999999999999
105 62 120.19999999999999
105 95 65.1
105 96 47.1
105 117 66.1
105 119 64.1
105 125 68.1
105 139 66.1
105 148 72.1
105 188 67.1
105 195 58.1
105 196 79.1
105 214 185.29999999999998
105 228 122.2
105 252 64.1
105 253 89.1
106 3 138.2
106 17 59.1
106 21 74.1
106 41 148.2
106 49 77.1
106 64 153.2
106 71 63.1
106 73 71.1
106 82 60.1
106 92 114.19999999999999
106 111 211.29999999999998
106 114 118.2
106 135 52.1
106 169 126.19999999999999
106 176 145.2
106 198 129.2
106 241 70.1
106 282 63.1
106 287 153.2
107 0 55.1
107 6 43.1
107 25 67.1
107 57 131.2
107 60 67.1
107 152 62.1
107 154 53.1
107 159 65.1
107 171 138.2
107 216 59.1
107 236 57.1
107 251 131.2
107 261 162.2
107 264 137.2
107 270 92.2
107 271 81.1
107 275 144.2
107 294 73.1
108 14 123.19999999999999
108 19 226.29999999999998
108 26 47.1
108 27 129.2
108 47 153.2
108 69 55.1
108 75 117.19999999999999
108 90 43.1
108 100 150.2
108 126 63.1
108 188 54.1
108 207 131.2
108 208 55.1
108 226 153.2
108 253 145.2
108 260 65.1
109 16 147.2
109 49 79.1
109 61 70.1
109 97 71.1
109 111 75.1
109 112 140.2
109 121 157.2
109 137 68.1
109 143 64.1
109 150 51.1
109 168 53.1
109 180 70.1
109 182 82.1
109 184 136.2
109 193 70.1
109 220 69.1
109 222 153.2
109 269 71.1
109 282 84.1
109 302 171.2
109 304 76.1
110 1 128.2
110 3 86.1
110 28 131.2
110 29 69.1
110 31 75.1
110 39 133.2
110 48 83.1
110 60 83.1
110 71 117.19999999999999
110 78 140.2
110 89 126.19999999999999
110 97 124.2
110 104 83.1
110 132 126.19999999999999
110 174 84.1
110 200 136.2
110 239 90.1
110 296 83.1
111 3 138.2
111 6 72.1
111 23 86.1
111 41 161.2
111 51 76.1
111 55 60.1
111 64 156.2
111 92 235.29999999999998
111 106 242.29999999999998
111 109 90.1
111 114 152.2
111 150 87.1
111 164 105.1
111 169 164.3
111 198 130.2
111 205 75.1
111 263 64.1
111 266 81.1
111 287 166.2
111 298 99.1
112 16 76.1
112 34 93.1
112 38 154.2
112 41 91.1
112 44 122.1
112 109 172.2
112 121 86.1
112 150 159.2
112 168 139.2
112 182 220.29999999999998
112 184 80.1
112 215 127.19999999999999
112 220 155.2
112 222 74.1
112 268 64.1
112 269 157.2
112 302 81.1
113 0 137.2
113 2 164.2
113 10 72.1
113 22 161.2
113 26 145.2
113 33 67.1
113 36 99.1
113 37 168.29999999999998
113 101 217.29999999999998
113 119 222.29999999999998
113 131 168.2
113 151 86.1
113 152 86.1
113 193 99.1
113 211 69.1
113 214 82.1
113 252 83.1
113 275 105.1
113 282 106.1
114 3 202.29999999999998
114 29 63.1
114 41 171.2
114 64 152.2
114 85 82.1
114 92 235.29999999999998
114 106 105.2
114 111 149.2
114 115 133.2
114 135 69.1
114 169 122.2
114 198 126.19999999999999
114 215 78.1
114 241 84.1
114 250 68.1
114 287 157.2
115 5 71.1
115 7 70.1
115 12 86.1
115 17 78.1
115 33 58.1
115 82 210.29999999999998
115 114 129.2
115 118 76.1
115 141 61.1
115 180 174.2
115 192 153.2
115 195 46.1
115 209 167.2
115 239 153.2
115 274 189.2
115 290 160.2
116 16 54.1
116 40 47.1
116 43 64.1
116 48 54.1
116 98 64.1
116 140 128.2
116 143 197.29999999999998
116 160 117.19999999999999
116 162 128.2
116 168 52.1
116 179 119.2
116 184 52.1
116 222 81.1
116 224 136.2
116 245 102.2
116 250 49.1
116 267 57.1
116 281 54.1
117 7 60.1
117 42 81.1
117 65 67.1
117 80 144.2
117 105 49.1
117 146 61.1
117 164 52.1
117 192 200.29999999999998
117 194 127.19999999999999
117 205 152.2
117 231 78.1
117 235 75.1
117 240 226.29999999999998
117 248 186.2
117 265 155.2
117 271 74.1
117 274 141.2
118 1 51.1
118 8 66.1
118 53 66.1
118 54 229.29999999999998
118 115 72.1
118 146 224.29999999999998
118 164 145.2
118 170 136.2
118 197 71.1
118 204 88.1
118 209 272.29999999999995
118 239 77.1
118 241 171.2
118 250 50.1
118 255 88.1
118 276 121.19999999999999
118 293 161.2
119 0 117.19999999999999
119 2 120.2
119 19 76.1
119 22 137.2
119 26 121.19999999999999
119 30 63.1
119 32 67.1
119 37 111.2
119 61 106.1
119 67 67.1
119 88 75.1
119 101 114.2
119 105 61.1
119 113 200.29999999999998
119 131 143.2
119 138 95.1
119 151 83.1
119 152 93.1
119 223 58.1
119 252 75.1
119 303 57.1
120 1 84.1
120 3 61.1
120 22 68.1
120 45 66.1
120 64 70.1
120 68 151.2
120 104 163.2
120 157 67.1
120 159 84.1
120 166 75.1
120 169 55.1
120 174 122.19999999999999
120 195 54.1
120 197 197.29999999999998
120 204 144.2
120 208 83.1
120 239 216.29999999999998
120 250 163.3
120 279 137.2
121 16 175.2
121 32 65.1
121 46 81.1
121 61 86.1
121 103 59.1
121 109 147.2
121 112 101.1
121 129 84.1
121 150 72.1
121 160 72.1
121 168 66.1
121 179 87.1
121 182 88.1
121 184 157.2
121 202 99.1
121 220 72.1
121 222 148.2
121 225 78.1
121 253 89.1
121 269 74.1
121 277 74.1
121 302 163.2
122 6 81.1
122 24 76.1
122 40 64.1
122 41 71.1
122 45 63.1
122 46 153.2
122 53 54.1
122 55 67.1
122 57 70.1
122 58 58.1
122 81 69.1
122 93 118.19999999999999
122 99 72.1
122 141 58.1
122 152 60.1
122 158 216.29999999999998
122 176 180.2
122 178 75.1
122 193 61.1
122 203 147.2
122 216 75.1
122 275 96.1
122 296 96.1
123 4 67.1
123 18 128.2
123 52 60.1
123 56 136.2
123 97 55.1
123 128 120.2
123 148 140.2
123 170 70.1
123 190 78.1
123 199 69.1
123 210 117.2
123 211 89.2
123 255 77.1
123 256 120.2
123 273 65.1
123 286 59.1
123 300 69.1
123 304 67.1
124 4 58.1
124 27 90.1
124 57 73.1
124 64 74.1
124 66 143.2
124 69 59.1
124 79 66.1
124 142 227.29999999999998
124 181 142.2
124 187 161.2
124 188 50.1
124 189 63.1
124 201 170.2
124 221 165.2
124 227 149.2
124 242 194.29999999999998
124 285 142.2
125 4 214.29999999999998
125 13 79.1
125 53 183.29999999999998
125 54 56.1
125 59 64.1
125 67 112.2
125 69 117.19999999999999
125 76 132.2
125 82 78.1
125 105 58.1
125 126 53.1
125 162 60.1
125 185 132.2
125 189 183.3
125 201 86.1
125 234 82.1
125 245 62.1
125 285 84.1
125 286 82.1
126 4 69.1
126 24 66.1
126 56 66.1
126 63 64.1
126 69 57.1
126 79 130.2
126 90 64.1
126 108 70.1
126 125 57.1
126 149 60.1
126 173 66.1
126 186 119.19999999999999
126 208 82.1
126 212 119.19999999999999
126 223 85.2
126 225 73.1
126 228 65.1
126 246 98.2
126 252 112.2
126 260 65.1
126 288 77.1
127 20 55.1
127 29 73.1
127 46 65.1
127 56 59.1
127 74 201.29999999999998
127 141 52.1
127 163 54.1
127 167 121.19999999999999
127 177 125.19999999999999
127 194 80.1
127 205 71.1
127 231 133.2
127 239 64.1
127 262 159.2
127 289 151.2
127 290 127.19999999999999
127 291 68.1
128 14 72.1
128 18 124.19999999999999
128 47 69.1
128 56 144.2
128 63 60.1
128 75 67.1
128 94 59.1
128 123 150.2
128 134 63.1
128 148 135.2
128 199 89.1
128 210 144.2
128 211 112.2
128 255 77.1
128 256 134.2
128 278 57.1
128 286 71.1
128 300 74.1
129 23 154.2
129 38 201.29999999999998
129 39 79.1
129 42 159.2
129 49 140.2
129 86 132.2
129 98 170.2
129 121 86.1
129 131 59.1
129 143 51.1
129 157 83.1
129 160 83.1
129 167 80.1
129 172 168.2
129 174 80.1
129 203 67.1
129 277 155.2
129 301 76.1
130 5 63.1
130 29 81.1
130 30 177.3
130 31 116.2
130 34 82.1
130 44 136.2
130 50 61.1
130 60 77.1
130 73 155.2
130 77 82.1
130 84 56.1
130 85 71.1
130 91 110.19999999999999
130 93 64.1
130 135 146.2
130 185 64.1
130 215 59.1
130 230 57.1
130 287 74.1
130 290 87.1
130 301 66.1
131 0 207.29999999999998
131 2 143.2
131 22 143.2
131 24 74.1
131 25 65.1
131 26 153.2
131 37 192.29999999999998
131 100 93.1
131 101 123.19999999999999
131 103 80.1
131 113 166.2
131 119 152.2
131 129 76.1
131 199 108.1
131 210 103.1
131 214 66.1
131 232 81.1
131 252 61.1
131 293 94.1
131 299 93.1
131 303 67.1
132 1 151.2
132 2 62.1
132 10 73.1
132 28 139.2
132 29 154.2
132 33 70.1
132 39 168.2
132 71 118.19999999999999
132 78 148.2
132 87 85.1
132 89 53.1
132 97 147.2
132 104 80.1
132 110 159.2
132 157 87.1
132 169 66.1
132 174 75.1
132 188 76.1
132 200 157.2
132 203 72.1
132 214 78.1
133 8 128.2
133 9 100.2
133 12 162.2
133 21 67.1
133 25 73.1
133 33 153.2
133 38 64.1
133 57 56.1
133 72 148.2
133 99 70.1
133 152 63.1
133 154 78.1
133 156 143.2
133 176 93.1
133 198 68.1
133 208 74.1
133 216 75.1
133 217 128.2
133 243 91.1
133 289 71.1
134 18 63.1
134 52 209.29999999999998
134 63 159.2
134 75 89.1
134 88 74.1
134 100 68.1
134 128 66.1
134 153 68.1
134 186 69.1
134 199 230.29999999999998
134 214 60.1
134 244 52.1
134 251 65.1
134 255 138.2
134 275 68.1
134 277 78.1
134 286 139.2
134 300 179.2
135 5 77.1
135 30 142.2
135 31 140.2
135 40 72.1
135 44 74.1
135 48 83.1
135 50 60.1
135 51 128.2
135 55 73.1
135 71 56.1
135 73 222.29999999999998
135 77 77.1
135 84 160.2
135 85 74.1
135 91 150.2
135 106 71.1
135 114 77.1
135 130 141.2
135 137 75.1
135 237 88.1
135 241 76.1
135 248 79.1
136 10 144.2
136 11 161.2
136 23 87.1
136 42 91.1
136 87 169.2
136 103 128.2
136 104 88.1
136 137 245.29999999999998
136 147 146.2
136 153 130.2
136 168 61.1
136 182 99.1
136 193 138.2
136 213 154.2
136 246 82.1
136 250 67.1
137 10 112.19999999999999
137 11 146.2
137 84 83.1
137 87 125.19999999999999
137 103 138.2
137 109 56.1
137 135 67.1
137 136 206.29999999999998
137 147 150.2
137 153 140.2
137 160 81.1
137 169 72.1
137 193 130.2
137 209 63.1
137 213 137.2
138 3 47.1
138 26 60.1
138 32 211.29999999999998
138 60 64.1
138 119 47.1
138 145 81.1
138 149 92.1
138 151 67.1
138 155 163.2
138 159 76.1
138 165 217.29999999999998
138 230 82.1
138 236 149.2
138 258 65.1
138 268 143.2
138 271 150.2
138 275 70.1
138 303 160.2
139 13 64.1
139 35 110.2
139 43 62.1
139 55 65.1
139 62 134.2
139 67 76.1
139 81 65.1
139 95 70.1
139 96 197.29999999999998
139 105 57.1
139 188 107.2
139 189 57.1
139 195 130.2
139 196 127.19999999999999
139 201 73.1
139 211 66.1
139 214 67.1
139 228 72.1
139 253 78.1
139 303 62.1
140 16 77.1
140 30 72.1
140 42 70.1
140 56 89.1
140 82 80.1
140 98 66.1
140 116 130.2
140 143 139.2
140 153 70.1
140 160 167.2
140 162 119.2
140 179 140.2
140 184 57.1
140 222 72.1
140 224 220.29999999999998
140 245 200.29999999999998
140 302 70.1
141 6 114.2
141 44 79.1
141 45 113.2
141 46 126.19999999999999
141 55 49.1
141 58 56.1
141 74 70.1
141 81 132.2
141 93 44.1
141 94 62.1
141 115 53.1
141 122 53.1
141 127 70.1
141 158 72.1
141 163 55.1
141 176 81.1
141 177 68.1
141 192 55.1
141 203 54.1
141 225 50.1
141 231 56.1
141 265 75.1
141 266 63.1
142 27 53.1
142 54 128.2
142 56 58.1
142 66 156.2
142 81 51.1
142 124 205.29999999999998
142 181 123.19999999999999
142 187 131.2
142 201 141.2
142 221 170.3
142 227 122.19999999999999
142 242 110.2
142 243 69.1
142 256 73.1
142 285 157.2
142 300 74.1
143 5 70.1
143 17 69.1
143 23 81.1
143 98 64.1
143 109 71.1
143 116 241.29999999999998
143 129 56.1
143 140 141.2
143 160 132.2
143 162 148.2
143 168 58.1
143 176 72.1
143 179 222.29999999999998
143 222 94.1
143 224 131.2
143 240 92.1
143 245 187.29999999999998
143 267 56.1
144 7 140.2
144 10 61.1
144 16 74.1
144 38 221.29999999999998
144 48 83.1
144 82 60.1
144 83 264.29999999999995
144 84 80.1
144 101 59.1
144 172 166.2
144 197 77.1
144 206 217.29999999999998
144 215 142.2
144 244 153.2
144 257 146.2
144 269 60.1
144 302 77.1
145 9 69.1
145 40 135.2
145 59 134.2
145 61 165.2
145 70 66.1
145 81 75.1
145 82 81.1
145 83 94.1
145 88 201.29999999999998
145 94 46.1
145 138 77.1
145 151 142.2
145 178 137.2
145 198 50.1
145 214 58.1
145 232 145.2
145 263 156.2
145 266 79.1
146 29 66.1
146 54 136.2
146 77 62.1
146 82 71.1
146 117 68.1
146 118 217.29999999999998
146 164 172.2
146 169 52.1
146 170 246.29999999999998
146 197 139.2
146 209 165.2
146 241 163.2
146 259 79.1
146 276 205.29999999999998
146 293 178.2
147 10 174.2
147 11 144.2
147 20 81.1
147 40 57.1
147 55 69.1
147 87 165.2
147 103 119.19999999999999
147 136 137.2
147 137 164.2
147 150 68.1
147 153 142.2
147 160 80.1
147 178 73.1
147 179 85.1
147 193 152.2
147 213 155.2
147 257 95.1
148 18 123.2
148 27 62.1
148 47 72.1
148 56 125.19999999999999
148 63 73.1
148 105 39.1
148 123 128.2
148 128 112.2
148 185 64.1
148 199 158.2
148 206 57.1
148 210 114.2
148 211 96.2
148 236 61.1
148 255 72.1
148 256 123.19999999999999
148 300 82.1
149 21 85.1
149 24 111.2
149 79 83.1
149 90 152.2
149 92 91.1
149 126 59.1
149 138 102.1
149 166 82.1
149 173 144.2
149 186 96.1
149 187 79.1
149 196 65.1
149 212 74.1
149 214 73.1
149 223 138.2
149 225 165.2
149 237 57.1
149 246 115.19999999999999
149 252 71.1
149 258 67.1
149 280 71.1
150 16 73.1
150 32 65.1
150 87 130.2
150 97 63.1
150 109 53.1
150 111 71.1
150 112 102.2
150 121 51.1
150 147 52.1
150 168 110.2
150 175 71.1
150 182 134.2
150 184 54.1
150 202 143.2
150 220 135.2
150 222 54.1
150 269 110.2
150 302 57.1
151 4 66.1
151 40 176.3
151 59 142.2
151 61 257.29999999999995
151 88 132.2
151 101 55.1
151 113 75.1
151 119 66.1
151 138 62.1
151 145 116.19999999999999
151 178 152.2
151 232 131.2
151 238 78.1
151 251 152.2
151 263 114.2
151 275 83.1
151 283 69.1
152 0 39.1
152 8 139.2
152 9 134.2
152 12 78.1
152 21 156.2
152 25 219.29999999999998
152 33 154.2
152 55 97.1
152 72 73.1
152 99 142.2
152 107 100.1
152 113 75.1
152 119 70.1
152 122 75.1
152 133 86.1
152 156 156.2
152 171 85.1
152 217 66.1
152 236 81.1
152 251 64.1
152 268 74.1
152 294 79.1
153 10 156.2
153 11 167.2
153 15 78.1
153 42 97.1
153 69 81.1
153 87 157.2
153 103 137.2
153 134 85.1
153 136 155.2
153 137 164.2
153 140 72.1
153 147 139.2
153 165 88.1
153 193 166.2
153 213 177.2
153 228 83.1
154 15 100.2
154 21 47.1
154 88 73.1
154 107 49.1
154 133 50.1
154 161 96.2
154 171 52.1
154 197 56.1
154 206 52.1
154 208 149.2
154 235 68.1
154 247 156.2
154 260 115.2
154 272 52.1
154 276 54.1
154 283 132.2
154 284 86.1
154 291 62.1
154 304 75.1
155 32 180.29999999999998
155 37 28.1
155 43 51.1
155 138 159.2
155 165 146.2
155 171 62.1
155 217 55.1
155 236 136.2
155 247 83.1
155 260 79.1
155 268 129.2
155 271 145.2
155 272 73.1
155 275 78.1
155 303 135.2
156 0 71.1
156 1 99.1
156 8 140.2
156 9 75.1
156 12 83.1
156 15 92.1
156 21 177.2
156 25 263.29999999999995
156 26 88.1
156 33 84.1
156 43 87.1
156 53 68.1
156 72 90.1
156 95 80.1
156 97 101.1
156 99 148.2
156 133 157.2
156 152 145.2
156 158 74.1
156 195 93.1
156 200 81.1
156 217 169.2
156 264 82.1
156 268 105.1
156 279 90.1
157 46 82.1
157 51 145.2
157 64 93.1
157 70 146.2
157 89 59.1
157 120 71.1
157 129 75.1
157 132 63.1
157 164 96.1
157 175 257.29999999999995
157 191 133.2
157 192 81.1
157 234 149.2
157 249 130.2
157 258 144.2
157 271 93.1
157 280 132.2
157 296 136.2
158 6 62.1
158 12 91.1
158 13 89.1
158 26 60.1
158 28 70.1
158 33 93.1
158 45 71.1
158 46 93.1
158 55 81.1
158 58 71.1
158 81 144.2
158 84 85.1
158 91 92.1
158 93 71.1
158 97 88.1
158 122 224.29999999999998
158 141 75.1
158 156 54.1
158 173 80.1
158 176 162.2
158 203 117.2
158 213 74.1
158 229 102.1
158 246 44.1
158 273 92.1
158 279 65.1
159 0 57.1
159 19 89.1
159 57 161.2
159 60 144.2
159 107 76.1
159 120 57.1
159 138 81.1
159 171 81.1
159 196 91.1
159 216 223.29999999999998
159 261 229.29999999999998
159 264 96.1
159 266 71.1
159 268 172.2
159 270 232.29999999999998
159 275 171.2
159 284 68.1
159 298 115.1
160 82 70.1
160 98 88.1
160 116 121.19999999999999
160 121 81.1
160 129 64.1
160 137 64.1
160 140 145.2
160 143 114.2
160 147 77.1
160 161 62.1
160 162 105.2
160 179 135.2
160 182 54.1
160 224 126.19999999999999
160 245 213.29999999999998
160 269 48.1
160 281 91.1
161 15 59.1
161 33 53.1
161 154 106.2
161 160 55.1
161 205 46.1
161 208 150.2
161 220 78.1
161 231 77.1
161 235 154.2
161 238 77.1
161 247 68.1
161 254 63.1
161 260 72.1
161 272 141.2
161 283 41.1
161 284 159.2
161 287 67.1
161 291 130.2
161 304 171.2
162 1 74.1
162 9 77.1
162 20 89.1
162 23 77.1
162 30 64.1
162 93 79.1
162 94 63.1
162 98 65.1
162 116 134.2
162 125 64.1
162 140 147.2
162 143 144.2
162 160 130.2
162 174 77.1
162 179 203.29999999999998
162 184 59.1
162 224 133.2
162 245 146.2
162 259 90.1
163 46 74.1
163 65 150.2
163 94 116.19999999999999
163 102 151.2
163 127 57.1
163 141 36.1
163 166 151.2
163 217 51.1
163 218 144.3
163 233 182.29999999999998
163 265 69.1
163 266 191.3
163 288 169.2
163 295 81.1
163 301 137.2
164 12 70.1
164 33 59.1
164 54 142.2
164 74 106.1
164 111 81.1
164 117 85.1
164 118 142.2
164 146 150.2
164 157 81.1
164 167 148.2
164 170 153.2
164 209 177.2
164 241 173.2
164 272 146.2
164 276 142.2
164 293 184.2
165 2 49.1
165 11 55.1
165 26 40.1
165 32 101.2
165 43 56.1
165 67 142.2
165 88 57.1
165 138 211.29999999999998
165 153 52.1
165 155 131.2
165 204 72.1
165 207 61.1
165 216 126.19999999999999
165 223 50.1
165 236 150.2
165 268 132.2
165 271 131.2
165 278 71.1
165 297 65.1
165 303 144.2
166 0 55.1
166 55 57.1
166 65 150.2
166 90 73.1
166 94 111.19999999999999
166 102 131.2
166 120 73.1
166 149 89.1
166 163 125.19999999999999
166 218 129.2
166 230 73.1
166 233 210.29999999999998
166 250 53.1
166 266 166.2
166 288 188.2
166 301 148.2
167 22 49.1
167 61 147.2
167 62 37.1
167 71 34.1
167 74 169.2
167 127 130.2
167 129 54.1
167 164 126.19999999999999
167 173 50.1
167 177 117.2
167 200 40.1
167 231 113.19999999999999
167 240 64.1
167 262 159.2
167 284 169.2
167 289 125.19999999999999
167 290 202.29999999999998
168 16 86.1
168 48 80.1
168 87 69.1
168 109 78.1
168 112 137.2
168 116 65.1
168 121 73.1
168 136 58.1
168 143 57.1
168 150 135.2
168 175 73.1
168 182 124.19999999999999
168 184 105.2
168 202 70.1
168 220 137.2
168 222 57.1
168 224 73.1
168 257 65.1
168 269 101.2
168 283 72.1
168 302 67.1
169 3 119.19999999999999
169 31 61.1
169 41 118.2
169 64 136.2
169 78 57.1
169 92 136.2
169 106 119.2
169 111 176.29999999999998
169 114 144.2
169 120 67.1
169 132 64.1
169 137 60.1
169 146 66.1
169 198 133.2
169 246 63.1
169 287 206.29999999999998
169 293 90.1
170 18 44.1
170 35 61.1
170 43 45.1
170 53 53.1
170 54 140.2
170 76 137.2
170 118 117.2
170 123 62.1
170 146 260.29999999999995
170 164 161.2
170 186 69.1
170 209 158.2
170 241 154.2
170 243 85.1
170 261 63.1
170 276 137.2
170 293 256.29999999999995
171 15 63.1
171 57 119.2
171 60 63.1
171 88 78.1
171 101 52.1
171 107 154.2
171 152 55.1
171 154 50.1
171 155 86.1
171 159 80.1
171 216 63.1
171 236 147.2
171 261 149.2
171 264 139.2
171 270 125.19999999999999
171 275 157.2
172 17 89.1
172 23 152.2
172 42 180.2
172 49 143.2
172 52 83.1
172 85 58.1
172 86 135.2
172 91 69.1
172 98 146.2
172 104 71.1
172 129 144.2
172 144 130.2
172 182 86.1
172 206 89.1
172 224 72.1
172 269 62.1
172 277 139.2
172 293 89.1
173 24 95.2
173 58 71.1
173 70 72.1
173 79 68.1
173 90 151.2
173 93 61.1
173 126 69.1
173 149 149.2
173 158 67.1
173 167 81.1
173 186 144.2
173 212 82.1
173 223 111.2
173 225 123.19999999999999
173 246 50.1
173 252 69.1
173 262 91.1
173 279 72.1
173 292 83.1
173 295 89.1
173 298 105.1
174 4 66.1
174 51 77.1
174 68 146.2
174 98 56.1
174 104 211.29999999999998
174 110 86.1
174 120 111.2
174 129 68.1
174 132 59.1
174 162 84.1
174 197 113.19999999999999
174 203 55.1
174 204 135.2
174 234 78.1
174 239 117.19999999999999
174 249 44.1
174 250 116.19999999999999
174 279 138.2
174 281 63.1
175 32 72.1
175 40 79.1
175 43 68.1
175 51 232.29999999999998
175 55 79.1
175 70 235.29999999999998
175 150 81.1
175 157 259.29999999999995
175 168 61.1
175 177 84.1
175 191 156.2
175 234 204.2
175 249 150.2
175 258 132.2
175 280 155.2
175 287 96.1
175 296 164.2
176 6 51.1
176 7 79.1
176 45 77.1
176 46 120.19999999999999
176 55 64.1
176 58 78.1
176 81 94.1
176 93 67.1
176 106 148.2
176 122 145.2
176 133 71.1
176 141 64.1
176 143 65.1
176 158 144.2
176 192 80.1
176 203 144.2
176 240 98.1
176 248 69.1
176 257 89.1
176 292 74.1
177 10 83.1
177 11 69.1
177 12 74.1
177 38 45.1
177 74 226.29999999999998
177 127 143.2
177 141 54.1
177 167 124.19999999999999
177 175 69.1
177 203 58.1
177 213 67.1
177 229 75.1
177 231 143.2
177 240 71.1
177 262 256.29999999999995
177 289 154.2
177 290 194.29999999999998
177 291 92.1
178 40 208.29999999999998
178 41 67.1
178 51 92.1
178 59 191.29999999999998
178 61 152.2
178 72 75.1
178 88 135.2
178 100 83.1
178 122 55.1
178 145 133.2
178 147 68.1
178 151 136.2
178 232 153.2
178 263 167.3
178 273 68.1
178 278 89.1
178 303 71.1
179 16 70.1
179 42 81.1
179 90 65.1
179 96 76.1
179 116 116.19999999999999
179 121 70.1
179 140 142.2
179 143 195.29999999999998
179 147 60.1
179 160 133.2
179 162 186.29999999999998
179 183 56.1
179 193 78.1
179 222 67.1
179 224 135.2
179 245 146.2
179 256 79.1
179 267 77.1
180 16 73.1
180 17 245.29999999999998
180 20 147.2
180 36 63.1
180 48 244.29999999999998
180 50 71.1
180 87 71.1
180 109 80.1
180 115 136.2
180 183 138.2
180 194 69.1
180 202 133.2
180 224 67.1
180 232 77.1
180 267 236.29999999999998
180 273 146.2
181 66 168.2
181 67 74.1
181 78 57.1
181 124 142.2
181 142 138.2
181 187 142.2
181 195 66.1
181 201 149.2
181 214 70.1
181 221 161.2
181 225 89.1
181 227 223.29999999999998
181 242 120.2
181 263 64.1
181 268 72.1
181 285 126.19999999999999
181 299 82.1
182 5 50.1
182 16 151.2
182 48 101.1
182 60 68.1
182 86 78.1
182 109 85.1
182 112 231.29999999999998
182 121 95.1
182 136 79.1
182 150 156.2
182 160 73.1
182 168 140.2
182 172 64.1
182 184 115.2
182 215 65.1
182 220 156.2
182 222 79.1
182 269 131.2
182 273 76.1
182 302 74.1
183 10 70.1
183 17 222.29999999999998
183 20 155.2
183 48 173.2
183 80 87.1
183 82 143.2
183 86 67.1
183 179 77.1
183 180 154.2
183 194 91.1
183 202 150.2
183 240 81.1
183 267 234.29999999999998
183 273 164.2
184 16 148.2
184 17 168.2
184 23 71.1
184 62 73.1
184 109 149.2
184 112 76.1
184 116 54.1
184 121 160.2
184 140 63.1
184 150 64.1
184 162 77.1
184 168 131.2
184 182 126.2
184 220 55.1
184 222 138.2
184 257 80.1
184 269 148.2
184 302 159.2
185 4 116.2
185 27 74.1
185 53 154.3
185 57 64.1
185 63 95.1
185 67 131.2
185 69 120.19999999999999
185 76 138.2
185 79 57.1
185 125 130.2
185 130 54.1
185 148 46.1
185 189 110.2
185 201 80.1
185 227 86.1
185 274 72.1
185 276 65.1
185 285 95.1
185 286 81.1
186 11 68.1
186 24 74.1
186 46 63.1
186 53 65.1
186 76 88.1
186 79 139.2
186 89 68.1
186 90 59.1
186 126 138.2
186 134 85.1
186 149 85.1
186 170 67.1
186 173 151.2
186 212 189.3
186 223 80.1
186 225 68.1
186 243 89.1
186 244 58.1
186 246 126.19999999999999
186 252 127.19999999999999
186 286 70.1
187 52 55.1
187 54 132.2
187 61 95.1
187 66 165.2
187 124 137.2
187 142 151.2
187 149 68.1
187 181 136.2
187 201 159.2
187 214 42.1
187 221 129.2
187 227 135.2
187 242 220.29999999999998
187 276 137.2
187 285 124.19999999999999
188 13 80.1
188 26 67.1
188 35 206.29999999999998
188 43 91.1
188 62 125.19999999999999
188 66 73.1
188 69 68.1
188 71 39.1
188 76 62.1
188 95 70.1
188 96 126.19999999999999
188 105 71.1
188 108 77.1
188 124 77.1
188 132 61.1
188 139 120.19999999999999
188 195 124.19999999999999
188 196 77.1
188 214 135.2
188 228 66.1
189 4 138.2
189 18 62.1
189 27 69.1
189 34 56.1
189 53 95.2
189 54 58.1
189 67 118.19999999999999
189 68 50.1
189 69 172.3
189 76 128.2
189 124 56.1
189 125 190.3
189 139 55.1
189 185 121.2
189 208 66.1
189 228 54.1
189 242 54.1
189 282 58.1
189 303 62.1
190 8 61.1
190 36 149.2
190 39 72.1
190 99 73.1
190 102 69.1
190 123 63.1
190 219 167.2
190 229 116.2
190 230 134.2
190 238 160.2
190 254 151.2
190 259 234.29999999999998
190 277 68.1
190 281 213.29999999999998
190 298 190.2
191 18 85.1
191 40 57.1
191 51 224.29999999999998
191 53 58.1
191 70 101.2
191 104 75.1
191 157 141.2
191 175 133.2
191 234 168.2
191 236 80.1
191 249 128.2
191 258 158.2
191 261 87.1
191 279 74.1
191 280 144.2
191 296 140.2
192 50 63.1
192 70 49.1
192 77 68.1
192 80 138.2
192 115 118.2
192 117 184.29999999999998
192 141 59.1
192 157 64.1
192 176 83.1
192 194 123.19999999999999
192 203 61.1
192 205 229.29999999999998
192 240 136.2
192 248 178.2
192 265 154.2
192 274 165.2
193 10 152.2
193 11 147.2
193 55 81.1
193 86 75.1
193 87 198.2
193 99 59.1
193 103 164.2
193 109 77.1
193 113 84.1
193 122 65.1
193 136 151.2
193 137 154.2
193 147 161.2
193 153 154.2
193 179 97.1
193 200 79.1
193 213 147.2
193 302 107.1
194 45 67.1
194 80 146.2
194 83 76.1
194 91 52.1
194 117 129.2
194 127 67.1
194 180 48.1
194 183 57.1
194 192 102.2
194 205 126.19999999999999
194 240 170.3
194 248 147.2
194 265 159.2
194 274 137.2
194 301 115.19999999999999
195 2 79.1
195 13 142.2
195 35 59.1
195 43 210.29999999999998
195 45 85.1
195 62 67.1
195 95 143.2
195 96 216.29999999999998
195 105 65.1
195 115 64.1
195 120 62.1
195 139 163.2
195 156 56.1
195 181 91.1
195 188 147.2
195 196 157.2
195 210 89.1
195 212 81.1
195 214 89.1
195 227 75.1
195 228 88.1
195 263 87.1
196 13 89.1
196 35 82.1
196 43 178.2
196 60 110.1
196 62 68.1
196 71 61.1
196 95 143.2
196 96 220.29999999999998
196 100 100.1
196 105 62.1
196 139 137.2
196 149 90.1
196 159 103.1
196 188 90.1
196 195 153.2
196 214 74.1
196 221 90.1
196 223 76.1
196 228 248.29999999999998
196 258 83.1
197 68 116.2
197 89 41.1
197 93 55.1
197 104 121.19999999999999
197 118 46.1
197 120 141.3
197 144 63.1
197 146 110.2
197 154 68.1
197 174 99.2
197 204 122.19999999999999
197 209 55.1
197 239 116.2
197 248 76.1
197 250 95.2
197 279 197.29999999999998
198 3 129.2
198 7 53.1
198 31 74.1
198 41 148.2
198 64 115.2
198 80 70.1
198 92 124.19999999999999
198 104 72.1
198 106 125.19999999999999
198 111 137.2
198 114 137.2
198 133 65.1
198 145 80.1
198 169 121.19999999999999
198 206 62.1
198 287 208.29999999999998
198 289 95.1
199 18 50.1
199 33 43.1
199 45 73.1
199 52 117.2
199 63 199.29999999999998
199 123 59.1
199 128 68.1
199 131 67.1
199 134 184.29999999999998
199 148 122.19999999999999
199 210 83.1
199 211 54.1
199 255 150.2
199 256 64.1
199 285 76.1
199 286 150.2
199 300 170.2
200 1 149.2
200 28 147.2
200 29 118.2
200 39 102.2
200 42 75.1
200 61 102.1
200 66 97.1
200 71 115.19999999999999
200 78 125.19999999999999
200 81 56.1
200 89 60.1
200 97 77.1
200 110 131.2
200 132 154.2
200 156 65.1
200 167 81.1
200 193 68.1
200 266 94.1
200 296 71.1
201 4 79.1
201 18 79.1
201 66 128.2
201 124 137.2
201 125 71.1
201 139 67.1
201 142 150.2
201 181 169.2
201 185 62.1
201 187 130.2
201 208 84.1
201 221 144.2
201 227 134.2
201 228 91.1
201 242 140.2
201 285 214.29999999999998
201 292 73.1
202 17 163.2
202 20 148.2
202 48 195.29999999999998
202 82 67.1
202 121 64.1
202 150 136.2
202 168 75.1
202 180 140.2
202 183 118.2
202 224 83.1
202 248 160.2
202 267 164.2
202 273 158.2
202 283 88.1
203 6 59.1
203 8 121.2
203 12 63.1
203 25 68.1
203 37 46.1
203 45 62.1
203 46 48.1
203 55 75.1
203 58 51.1
203 62 65.1
203 77 61.1
203 81 60.1
203 89 46.1
203 93 99.2
203 99 47.1
203 122 135.2
203 129 60.1
203 132 73.1
203 141 68.1
203 158 143.2
203 174 64.1
203 176 152.2
203 177 65.1
203 192 83.1
203 231 76.1
204 15 67.1
204 41 70.1
204 51 81.1
204 68 121.19999999999999
204 104 147.2
204 118 83.1
204 120 136.2
204 165 73.1
204 174 106.2
204 197 131.2
204 239 196.29999999999998
204 249 113.2
204 250 113.19999999999999
204 279 129.2
204 281 67.1
204 293 106.1
205 50 56.1
205 72 61.1
205 80 150.2
205 91 70.1
205 111 73.1
205 117 135.2
205 127 69.1
205 161 58.1
205 192 194.29999999999998
205 194 123.19999999999999
205 218 56.1
205 235 83.1
205 240 173.2
205 248 141.2
205 265 161.2
205 274 229.29999999999998
205 291 92.1
206 5 54.1
206 7 104.2
206 38 130.2
206 57 72.1
206 83 134.2
206 144 178.3
206 148 81.1
206 154 72.1
206 172 93.1
206 198 44.1
206 215 132.2
206 220 64.1
206 235 86.1
206 244 117.2
206 257 149.2
206 277 137.2
206 289 100.1
206 296 74.1
207 3 61.1
207 14 201.29999999999998
207 15 65.1
207 19 151.2
207 27 248.29999999999998
207 47 152.2
207 75 157.2
207 100 259.29999999999995
207 108 147.2
207 165 69.1
207 210 58.1
207 212 62.1
207 225 58.1
207 226 145.2
207 242 77.1
207 252 48.1
207 253 132.2
207 300 92.1
208 9 65.1
208 15 229.29999999999998
208 32 51.1
208 108 54.1
208 120 67.1
208 126 90.1
208 133 64.1
208 154 163.2
208 161 171.2
208 189 60.1
208 201 71.1
208 235 94.1
208 238 74.1
208 247 187.2
208 260 161.2
208 272 143.2
208 275 91.1
208 283 173.2
208 284 71.1
208 291 81.1
208 304 78.1
209 9 50.1
209 11 86.1
209 54 132.2
209 115 147.2
209 118 246.29999999999998
209 137 78.1
209 146 152.2
209 164 174.2
209 170 159.2
209 197 54.1
209 239 72.1
209 241 229.29999999999998
209 250 52.1
209 276 131.2
209 293 167.2
210 10 51.1
210 18 142.2
210 21 71.1
210 56 135.2
210 100 80.1
210 123 130.2
210 128 152.2
210 131 73.1
210 148 128.2
210 195 62.1
210 199 79.1
210 207 52.1
210 211 132.2
210 212 61.1
210 225 67.1
210 244 63.1
210 246 45.1
210 256 117.2
210 300 100.1
211 1 49.1
211 18 117.2
211 52 62.1
211 56 132.2
211 69 54.1
211 85 46.1
211 93 66.1
211 113 60.1
211 123 136.2
211 128 141.2
211 139 71.1
211 148 139.2
211 199 75.1
211 210 160.2
211 215 76.1
211 242 48.1
211 244 59.1
211 256 107.2
211 300 73.1
212 2 60.1
212 7 67.1
212 19 77.1
212 24 133.2
212 49 71.1
212 58 71.1
212 59 64.1
212 79 210.29999999999998
212 90 79.1
212 126 148.2
212 149 82.1
212 173 89.1
212 186 243.29999999999998
212 195 65.1
212 207 63.1
212 210 66.1
212 223 68.1
212 225 62.1
212 246 121.2
212 250 64.1
212 252 150.2
212 281 74.1
213 2 73.1
213 6 64.1
213 7 76.1
213 10 150.2
213 11 171.2
213 28 63.1
213 30 83.1
213 87 171.2
213 103 132.2
213 136 159.2
213 137 155.2
213 147 166.2
213 153 148.2
213 158 71.1
213 177 93.1
213 193 178.2
213 243 87.1
213 258 72.1
213 267 95.1
214 13 204.29999999999998
214 35 139.2
214 39 60.1
214 43 65.1
214 62 146.2
214 92 50.1
214 95 88.1
214 96 70.1
214 105 196.3
214 113 61.1
214 131 63.1
214 132 85.1
214 134 49.1
214 139 75.1
214 145 55.1
214 149 75.1
214 181 85.1
214 187 79.1
214 188 119.19999999999999
214 195 95.1
214 196 59.1
214 228 130.2
215 7 109.2
215 38 120.19999999999999
215 42 154.2
215 80 61.1
215 83 128.2
215 112 129.2
215 114 87.1
215 130 48.1
215 144 106.2
215 182 77.1
215 206 118.2
215 211 64.1
215 244 143.2
215 257 156.2
216 25 67.1
216 52 71.1
216 57 158.2
216 59 48.1
216 60 143.2
216 76 74.1
216 93 37.1
216 107 55.1
216 122 63.1
216 133 63.1
216 159 222.29999999999998
216 165 160.2
216 171 74.1
216 261 75.1
216 264 236.29999999999998
216 270 57.1
216 273 71.1
216 275 142.2
217 8 61.1
217 9 122.19999999999999
217 12 97.2
217 21 79.1
217 25 48.1
217 33 135.2
217 46 57.1
217 50 63.1
217 72 149.2
217 83 66.1
217 91 72.1
217 99 110.19999999999999
217 133 109.2
217 152 56.1
217 155 80.1
217 156 103.2
217 163 60.1
217 219 86.1
217 233 75.1
217 264 80.1
217 272 66.1
217 295 95.1
218 1 44.1
218 58 73.1
218 65 214.29999999999998
218 83 76.1
218 94 190.3
218 102 146.2
218 163 136.3
218 166 155.2
218 205 77.1
218 233 137.2
218 254 65.1
218 259 76.1
218 266 139.2
218 288 154.2
218 301 99.2
219 6 54.1
219 36 224.29999999999998
219 102 69.1
219 190 147.2
219 217 72.1
219 229 231.29999999999998
219 230 168.2
219 238 143.2
219 254 163.2
219 259 170.2
219 281 240.29999999999998
219 290 171.2
219 298 160.2
220 9 55.1
220 16 81.1
220 80 47.1
220 84 56.1
220 85 84.1
220 109 78.1
220 112 139.2
220 121 73.1
220 150 122.19999999999999
220 161 71.1
220 168 109.2
220 182 147.2
220 184 52.1
220 206 59.1
220 222 80.1
220 244 64.1
220 269 109.2
220 302 75.1
221 3 50.1
221 10 54.1
221 21 69.1
221 47 50.1
221 52 56.1
221 66 194.2
221 76 78.1
221 124 146.2
221 142 167.3
221 181 143.2
221 187 119.2
221 196 75.1
221 201 130.2
221 227 135.2
221 242 121.2
221 260 58.1
221 285 140.2
222 16 143.2
222 91 55.1
222 109 136.2
222 112 65.1
222 116 67.1
222 121 143.2
222 140 70.1
222 143 86.1
222 150 69.1
222 168 60.1
222 179 81.1
222 182 65.1
222 184 126.19999999999999
222 220 74.1
222 245 73.1
222 267 58.1
222 269 129.2
222 280 65.1
222 302 135.2
223 24 97.2
223 25 57.1
223 28 68.1
223 32 59.1
223 60 83.1
223 79 115.2
223 88 71.1
223 90 139.2
223 91 56.1
223 101 44.1
223 119 57.1
223 126 106.2
223 149 139.2
223 165 66.1
223 173 113.2
223 186 92.1
223 196 65.1
223 212 50.1
223 225 113.2
223 246 41.1
223 252 63.1
223 261 76.1
223 271 63.1
224 16 77.1
224 20 80.1
224 82 47.1
224 87 62.1
224 116 137.2
224 140 202.29999999999998
224 143 152.2
224 160 155.2
224 162 127.19999999999999
224 168 64.1
224 172 61.1
224 179 148.2
224 180 63.1
224 202 90.1
224 245 123.19999999999999
224 248 87.1
224 273 91.1
225 24 129.2
225 29 60.1
225 63 73.1
225 79 61.1
225 90 134.2
225 93 53.1
225 121 71.1
225 126 94.1
225 141 62.1
225 149 156.2
225 173 125.2
225 181 87.1
225 186 72.1
225 207 63.1
225 210 60.1
225 212 59.1
225 223 105.2
225 232 75.1
225 246 67.1
225 252 99.2
225 299 72.1
226 6 68.1
226 11 73.1
226 14 161.3
226 19 118.2
226 27 115.2
226 32 53.1
226 43 65.1
226 47 149.2
226 75 195.29999999999998
226 93 68.1
226 100 141.2
226 108 147.2
226 207 108.2
226 253 119.19999999999999
226 263 58.1
226 268 57.1
226 276 60.1
227 19 70.1
227 66 255.29999999999998
227 75 49.1
227 124 142.2
227 142 139.2
227 181 226.29999999999998
227 185 81.1
227 187 154.2
227 195 61.1
227 201 153.2
227 221 134.2
227 242 119.19999999999999
227 253 76.1
227 280 68.1
227 285 128.2
227 303 66.1
228 4 66.1
228 13 121.19999999999999
228 22 56.1
228 35 51.1
228 39 63.1
228 43 126.19999999999999
228 62 51.1
228 79 72.1
228 95 157.2
228 96 73.1
228 105 128.2
228 126 80.1
228 139 75.1
228 153 81.1
228 188 62.1
228 189 65.1
228 195 67.1
228 196 204.29999999999998
228 201 113.1
228 214 124.19999999999999
229 22 62.1
229 28 73.1
229 36 145.2
229 40 85.1
229 74 74.1
229 158 54.1
229 177 86.1
229 190 158.2
229 219 222.29999999999998
229 230 140.2
229 234 79.1
229 238 156.2
229 254 128.2
229 259 145.2
229 270 49.1
229 281 155.2
229 298 175.2
230 3 58.1
230 36 132.2
230 39 55.1
230 97 45.1
230 130 36.1
230 138 59.1
230 166 56.1
230 190 121.2
230 219 137.2
230 229 149.2
230 238 147.2
230 254 164.2
230 259 154.2
230 274 83.1
230 281 127.19999999999999
230 298 162.2
231 50 63.1
231 70 67.1
231 72 64.1
231 74 255.29999999999998
231 103 60.1
231 117 73.1
231 127 128.2
231 141 51.1
231 161 80.1
231 167 142.2
231 177 140.2
231 203 53.1
231 262 147.2
231 269 41.1
231 289 253.29999999999998
231 290 154.2
231 301 82.1
232 4 72.1
232 24 51.1
232 40 141.2
232 59 123.2
232 61 154.2
232 67 59.1
232 69 70.1
232 82 72.1
232 88 140.2
232 131 74.1
232 145 141.2
232 151 120.19999999999999
232 178 138.2
232 180 68.1
232 225 59.1
232 263 163.3
232 299 85.1
233 6 57.1
233 44 83.1
233 65 161.2
233 80 94.1
233 94 150.2
233 102 157.2
233 163 156.3
233 166 210.29999999999998
233 217 63.1
233 218 134.2
233 266 163.2
233 288 180.2
233 290 78.1
233 301 138.2
234 39 49.1
234 51 153.2
234 54 64.1
234 56 84.1
234 70 137.2
234 81 46.1
234 125 63.1
234 157 150.2
234 174 90.1
234 175 161.2
234 191 146.2
234 229 76.1
234 249 145.2
234 258 150.2
234 280 121.19999999999999
234 296 158.2
235 15 144.2
235 38 64.1
235 45 74.1
235 65 70.1
235 77 45.1
235 83 87.1
235 117 78.1
235 154 62.1
235 161 130.2
235 205 77.1
235 206 73.1
235 208 79.1
235 247 64.1
235 260 65.1
235 272 147.2
235 283 63.1
235 284 140.2
235 291 168.2
235 304 164.2
236 0 57.1
236 15 68.1
236 32 209.29999999999998
236 107 67.1
236 138 150.2
236 148 55.1
236 152 85.1
236 155 151.2
236 165 143.2
236 171 157.2
236 191 66.1
236 268 211.29999999999998
236 271 221.29999999999998
236 285 53.1
236 294 73.1
236 303 144.2
237 28 55.1
237 31 80.1
237 34 255.29999999999998
237 48 91.1
237 77 64.1
237 135 72.1
237 149 91.1
237 243 163.2
237 278 157.2
237 282 212.29999999999998
237 286 69.1
237 292 178.2
237 294 163.2
237 295 166.2
237 296 77.1
237 297 212.29999999999998
237 299 189.2
238 36 137.2
238 68 63.1
238 70 40.1
238 92 64.1
238 151 60.1
238 161 72.1
238 190 129.2
238 208 85.1
238 219 116.2
238 229 154.2
238 230 121.19999999999999
238 253 69.1
238 254 152.2
238 259 159.2
238 281 134.2
238 298 132.2
239 28 63.1
239 68 140.2
239 85 54.1
239 92 58.1
239 104 201.29999999999998
239 110 60.1
239 115 139.2
239 118 68.1
239 120 194.29999999999998
239 127 59.1
239 174 119.19999999999999
239 197 132.2
239 204 222.29999999999998
239 209 68.1
239 250 101.2
239 279 130.2
239 293 77.1
240 12 68.1
240 65 71.1
240 80 166.2
240 83 74.1
240 117 210.29999999999998
240 143 64.1
240 167 79.1
240 176 79.1
240 177 89.1
240 183 75.1
240 192 136.2
240 194 223.29999999999998
240 205 185.2
240 248 173.2
240 262 103.1
240 265 212.2
240 274 173.2
240 289 97.1
241 6 74.1
241 31 53.1
241 50 71.1
241 54 113.19999999999999
241 85 73.1
241 91 61.1
241 106 68.1
241 114 59.1
241 118 129.2
241 135 64.1
241 146 142.2
241 164 184.2
241 170 147.2
241 209 218.29999999999998
241 276 132.2
241 293 146.2
242 66 242.29999999999998
242 67 75.1
242 69 76.1
242 81 57.1
242 95 66.1
242 124 230.29999999999998
242 142 127.19999999999999
242 181 112.2
242 187 223.29999999999998
242 189 66.1
242 201 156.2
242 207 66.1
242 211 46.1
242 221 160.2
242 227 120.2
242 285 160.2
242 288 82.1
243 26 58.1
243 31 66.1
243 34 129.2
243 62 64.1
243 133 57.1
243 142 80.1
243 170 70.1
243 186 54.1
243 213 72.1
243 237 124.19999999999999
243 278 126.19999999999999
243 282 159.2
243 292 135.2
243 294 146.2
243 295 121.19999999999999
243 297 197.29999999999998
243 299 171.2
244 7 108.19999999999999
244 22 54.1
244 23 130.2
244 38 125.19999999999999
244 83 161.2
244 86 61.1
244 134 69.1
244 144 124.19999999999999
244 186 53.1
244 206 115.2
244 210 70.1
244 211 54.1
244 215 152.2
244 220 62.1
244 257 130.2
244 262 78.1
244 289 82.1
245 12 63.1
245 79 76.1
245 94 68.1
245 98 53.1
245 103 63.1
245 116 115.2
245 125 70.1
245 140 200.29999999999998
245 143 182.3
245 160 225.29999999999998
245 162 139.2
245 179 167.2
245 222 68.1
245 224 121.19999999999999
245 262 76.1
245 302 77.1
246 7 60.1
246 24 71.1
246 26 76.1
246 45 67.1
246 55 70.1
246 58 73.1
246 79 220.29999999999998
246 89 57.1
246 90 133.2
246 126 131.2
246 136 62.1
246 149 147.2
246 158 67.1
246 169 69.1
246 173 75.1
246 186 123.19999999999999
246 210 69.1
246 212 132.2
246 223 45.1
246 225 70.1
246 252 119.19999999999999
247 15 124.2
247 21 63.1
247 37 52.1
247 53 55.1
247 81 47.1
247 154 129.2
247 155 78.1
247 161 65.1
247 208 130.2
247 235 56.1
247 260 121.19999999999999
247 271 71.1
247 272 85.1
247 276 74.1
247 282 69.1
247 283 160.2
247 284 74.1
247 291 92.1
247 304 77.1
248 17 68.1
248 44 51.1
248 80 134.2
248 117 163.2
248 135 76.1
248 176 49.1
248 192 162.2
248 194 132.2
248 197 82.1
248 202 156.2
248 205 148.2
248 224 61.1
248 240 162.2
248 265 184.2
248 274 158.2
249 3 78.1
249 51 136.2
249 53 46.1
249 70 171.29999999999998
249 97 56.1
249 157 128.2
249 174 60.1
249 175 158.2
249 191 125.2
249 204 116.19999999999999
249 234 170.2
249 258 220.29999999999998
249 279 58.1
249 280 130.2
249 293 90.1
249 296 132.2
250 68 159.3
250 92 61.1
250 93 39.1
250 104 120.19999999999999
250 114 51.1
250 116 57.1
250 118 44.1
250 120 153.3
250 136 58.1
250 166 66.1
250 174 82.2
250 197 124.2
250 204 135.2
250 209 49.1
250 212 59.1
250 239 124.19999999999999
250 279 141.2
251 0 49.1
251 15 64.1
251 26 49.1
251 37 39.1
251 60 128.2
251 91 58.1
251 99 41.1
251 101 51.1
251 107 123.2
251 134 89.1
251 151 110.2
251 152 41.1
251 255 86.1
251 264 129.2
251 270 46.1
251 275 86.1
251 277 70.1
251 283 70.1
251 304 172.2
252 13 90.1
252 23 81.1
252 24 117.19999999999999
252 49 90.1
252 57 77.1
252 62 53.1
252 79 128.2
252 90 84.1
252 101 47.1
252 103 55.1
252 105 61.1
252 113 69.1
252 119 68.1
252 126 150.2
252 131 78.1
252 149 73.1
252 173 67.1
252 186 137.2
252 207 69.1
252 212 131.2
252 223 47.1
252 225 120.19999999999999
252 246 137.2
252 263 47.1
253 4 73.1
253 14 100.2
253 19 121.19999999999999
253 23 71.1
253 27 143.2
253 47 142.2
253 75 114.2
253 76 74.1
253 100 205.29999999999998
253 105 37.1
253 108 125.19999999999999
253 121 73.1
253 139 63.1
253 207 118.2
253 226 112.2
253 227 70.1
253 238 79.1
254 23 77.1
254 36 237.29999999999998
254 40 61.1
254 41 68.1
254 55 57.1
254 73 50.1
254 77 52.1
254 161 57.1
254 190 160.2
254 218 69.1
254 219 150.2
254 229 149.2
254 230 144.2
254 238 146.2
254 259 130.2
254 281 158.2
254 298 174.2
255 2 38.1
255 18 59.1
255 52 150.2
255 56 72.1
255 63 148.2
255 118 48.1
255 123 64.1
255 128 64.1
255 134 120.19999999999999
255 148 75.1
255 199 141.2
255 251 72.1
255 256 70.1
255 285 64.1
255 286 299.4
255 300 160.2
256 13 72.1
256 16 57.1
256 18 106.2
256 30 49.1
256 52 51.1
256 56 124.2
256 63 72.1
256 79 49.1
256 89 30.1
256 96 44.1
256 123 98.2
256 128 102.2
256 142 55.1
256 148 122.19999999999999
256 179 70.1
256 199 59.1
256 210 100.2
256 211 74.2
256 255 51.1
257 7 121.19999999999999
257 16 67.1
257 25 65.1
257 38 80.2
257 42 86.1
257 48 80.1
257 49 121.2
257 78 53.1
257 83 141.2
257 144 100.2
257 147 44.1
257 168 58.1
257 176 69.1
257 184 58.1
257 206 112.2
257 215 125.19999999999999
257 244 103.2
257 269 64.1
258 51 148.2
258 70 130.2
258 92 69.1
258 138 83.1
258 149 85.1
258 157 155.2
258 175 142.2
258 191 151.2
258 196 68.1
258 213 61.1
258 234 183.2
258 249 204.29999999999998
258 267 80.1
258 279 74.1
258 280 138.2
258 296 151.2
259 6 59.1
259 36 127.19999999999999
259 58 58.1
259 64 68.1
259 146 78.1
259 162 80.1
259 190 226.29999999999998
259 218 88.1
259 219 148.2
259 229 155.2
259 230 121.19999999999999
259 238 156.2
259 254 157.2
259 281 145.2
259 298 165.2
260 15 124.19999999999999
260 22 56.1
260 35 74.1
260 37 53.1
260 81 68.1
260 108 61.1
260 126 69.1
260 154 134.2
260 155 72.1
260 161 64.1
260 208 154.2
260 221 59.1
260 235 85.1
260 247 159.2
260 272 81.1
260 283 107.2
260 284 63.1
260 291 76.1
260 300 96.1
260 304 81.1
261 25 56.1
261 57 63.1
261 60 131.2
261 64 76.1
261 85 38.1
261 107 114.2
261 159 164.29999999999998
261 170 61.1
261 171 124.19999999999999
261 191 68.1
261 216 76.1
261 223 41.1
261 264 132.2
261 270 125.19999999999999
261 271 21.1
261 272 49.1
261 275 61.1
261 295 82.1
261 304 73.1
262 36 67.1
262 73 69.1
262 74 156.2
262 127 157.2
262 167 168.2
262 173 56.1
262 177 229.29999999999998
262 231 158.2
262 240 95.1
262 244 59.1
262 245 72.1
262 266 65.1
262 289 168.2
262 290 178.2
262 291 98.1
263 9 51.1
263 40 119.19999999999999
263 50 54.1
263 59 110.2
263 61 140.2
263 69 64.1
263 72 71.1
263 88 121.19999999999999
263 89 35.1
263 111 63.1
263 145 144.2
263 151 109.2
263 178 179.3
263 181 71.1
263 195 38.1
263 226 72.1
263 232 163.3
263 252 46.1
263 283 63.1
264 2 54.1
264 9 48.1
264 55 72.1
264 57 71.1
264 60 65.1
264 107 153.2
264 156 55.1
264 159 76.1
264 171 138.2
264 216 210.29999999999998
264 217 55.1
264 251 164.2
264 261 138.2
264 270 128.2
264 275 84.1
264 281 76.1
264 304 93.1
265 8 37.1
265 44 73.1
265 45 62.1
265 65 59.1
265 80 157.2
265 95 75.1
265 117 149.2
265 141 56.1
265 163 66.1
265 192 165.2
265 194 141.2
265 205 159.2
265 240 185.2
265 248 180.2
265 274 158.2
265 291 99.1
266 22 70.1
266 59 56.1
266 65 158.2
266 94 165.2
266 102 170.2
266 111 74.1
266 141 84.1
266 145 59.1
266 159 61.1
266 163 170.29999999999998
266 166 158.2
266 200 88.1
266 218 109.2
266 233 151.2
266 262 91.1
266 288 182.2
266 301 208.29999999999998
267 17 192.2
267 20 155.2
267 29 65.1
267 48 179.2
267 86 59.1
267 116 68.1
267 143 54.1
267 179 74.1
267 180 216.29999999999998
267 183 232.29999999999998
267 202 151.2
267 213 73.1
267 222 75.1
267 258 73.1
267 273 221.29999999999998
267 302 77.1
268 30 73.1
268 31 54.1
268 32 132.2
268 60 69.1
268 112 65.1
268 138 142.2
268 152 80.1
268 155 144.2
268 156 51.1
268 159 165.2
268 165 142.2
268 181 69.1
268 226 65.1
268 236 207.29999999999998
268 271 141.2
268 272 73.1
268 303 174.3
269 16 91.1
269 41 64.1
269 48 80.1
269 49 73.1
269 109 58.1
269 112 134.2
269 121 85.1
269 144 41.1
269 150 124.19999999999999
269 160 63.1
269 168 131.2
269 172 59.1
269 182 127.19999999999999
269 184 125.19999999999999
269 220 151.2
269 222 152.2
269 231 72.1
269 257 61.1
269 302 87.1
270 19 74.1
270 36 73.1
270 46 129.2
270 53 49.1
270 57 151.2
270 60 152.2
270 73 74.1
270 78 63.1
270 107 149.2
270 159 246.29999999999998
270 171 143.2
270 216 70.1
270 229 67.1
270 251 83.1
270 261 143.2
270 264 153.2
270 271 75.1
270 275 175.2
271 0 47.1
271 32 113.2
271 93 42.1
271 107 83.1
271 117 58.1
271 138 134.2
271 155 143.2
271 157 58.1
271 165 127.19999999999999
271 223 45.1
271 236 196.3
271 247 77.1
271 261 61.1
271 268 134.2
271 270 69.1
271 303 128.2
272 15 63.1
272 25 47.1
272 99 53.1
272 154 57.1
272 155 64.1
272 161 132.2
272 164 150.2
272 208 116.2
272 217 48.1
272 235 170.2
272 247 68.1
272 260 67.1
272 261 68.1
272 268 72.1
272 283 64.1
272 284 149.2
272 291 139.2
272 304 162.2
273 17 176.2
273 20 165.2
273 48 184.2
273 49 82.1
273 82 62.1
273 83 76.1
273 123 80.1
273 158 78.1
273 178 63.1
273 180 118.19999999999999
273 182 73.1
273 183 135.2
273 202 147.2
273 216 96.1
273 224 76.1
273 267 224.29999999999998
273 277 70.1
274 46 55.1
274 71 55.1
274 80 143.2
274 115 149.2
274 117 136.2
274 185 64.1
274 192 149.2
274 194 146.2
274 205 193.29999999999998
274 230 68.1
274 240 151.2
274 248 183.2
274 265 157.2
274 284 75.1
274 291 92.1
275 57 144.2
275 60 154.2
275 101 63.1
275 107 149.2
275 113 61.1
275 122 76.1
275 134 62.1
275 138 68.1
275 151 77.1
275 155 96.1
275 159 174.2
275 171 160.2
275 208 63.1
275 216 150.2
275 251 65.1
275 261 75.1
275 264 65.1
275 270 138.2
276 54 120.19999999999999
276 95 48.1
276 104 61.1
276 118 112.19999999999999
276 146 176.29999999999998
276 154 72.1
276 164 127.19999999999999
276 170 107.2
276 185 70.1
276 187 114.2
276 209 118.19999999999999
276 226 57.1
276 241 139.2
276 247 83.1
276 279 69.1
276 293 161.2
277 23 154.2
277 42 136.2
277 49 120.19999999999999
277 52 58.1
277 86 131.2
277 98 122.19999999999999
277 121 62.1
277 129 136.2
277 134 59.1
277 172 123.2
277 190 88.1
277 206 124.19999999999999
277 251 93.1
277 273 67.1
278 4 72.1
278 32 42.1
278 34 140.2
278 40 46.1
278 63 56.1
278 69 61.1
278 88 63.1
278 128 60.1
278 165 59.1
278 178 58.1
278 237 130.2
278 243 131.2
278 282 128.2
278 292 154.2
278 294 149.2
278 295 159.2
278 297 137.2
278 299 171.2
279 51 63.1
279 68 128.2
279 70 58.1
279 104 147.2
279 120 122.19999999999999
279 156 62.1
279 158 57.1
279 173 63.1
279 174 125.2
279 191 71.1
279 197 205.29999999999998
279 204 132.2
279 239 115.2
279 249 68.1
279 250 128.2
279 258 59.1
279 276 63.1
280 51 157.2
280 53 48.1
280 61 99.1
280 70 103.2
280 90 111.1
280 104 63.1
280 149 55.1
280 157 140.2
280 175 151.2
280 191 145.2
280 222 58.1
280 227 65.1
280 234 181.2
280 249 129.2
280 258 131.2
280 296 125.19999999999999
281 29 58.1
281 36 147.2
281 49 71.1
281 116 58.1
281 160 87.1
281 174 49.1
281 190 238.29999999999998
281 204 64.1
281 212 58.1
281 219 242.29999999999998
281 229 156.2
281 230 156.2
281 238 147.2
281 254 168.2
281 259 171.2
281 264 69.1
281 298 305.29999999999995
282 21 59.1
282 31 54.1
282 34 143.2
282 106 57.1
282 109 79.1
282 113 62.1
282 189 71.1
282 237 178.3
282 243 162.2
282 247 57.1
282 278 134.2
282 292 155.2
282 294 118.19999999999999
282 295 217.29999999999998
282 297 166.2
282 299 153.2
283 2 59.1
283 15 110.2
283 59 60.1
283 101 53.1
283 151 54.1
283 154 158.2
283 161 60.1
283 168 41.1
283 202 75.1
283 208 142.2
283 235 61.1
283 247 151.2
283 251 84.1
283 260 111.2
283 263 61.1
283 272 65.1
283 284 60.1
283 291 132.2
283 304 68.1
284 15 74.1
284 59 103.2
284 66 81.1
284 74 171.2
284 154 78.1
284 159 54.1
284 161 136.2
284 167 143.2
284 208 68.1
284 235 139.2
284 247 75.1
284 260 56.1
284 272 157.2
284 274 72.1
284 283 76.1
284 291 156.2
284 304 147.2
285 22 48.1
285 47 65.1
285 66 248.29999999999998
285 69 48.1
285 124 125.19999999999999
285 125 75.1
285 142 143.2
285 181 118.19999999999999
285 185 62.1
285 187 100.2
285 199 63.1
285 201 204.29999999999998
285 221 134.2
285 227 114.2
285 236 51.1
285 242 120.19999999999999
285 255 79.1
286 1 48.1
286 4 68.1
286 18 54.1
286 43 57.1
286 51 75.1
286 52 209.29999999999998
286 53 56.1
286 63 160.2
286 69 76.1
286 123 74.1
286 125 77.1
286 128 62.1
286 134 120.19999999999999
286 185 93.1
286 186 55.1
286 199 153.2
286 237 59.1
286 255 344.4
286 300 165.2
287 3 116.2
287 29 59.1
287 32 51.1
287 41 122.2
287 50 55.1
287 64 127.19999999999999
287 68 68.1
287 91 80.1
287 92 116.19999999999999
287 106 136.2
287 111 139.2
287 114 123.19999999999999
287 130 50.1
287 161 65.1
287 169 160.3
287 175 81.1
287 198 203.29999999999998
288 11 69.1
288 21 82.1
288 22 84.1
288 35 57.1
288 65 182.2
288 81 43.1
288 86 79.1
288 94 187.3
288 102 248.29999999999998
288 126 74.1
288 163 119.19999999999999
288 166 160.2
288 218 135.2
288 233 169.2
288 242 70.1
288 266 178.2
288 301 140.2
289 33 56.1
289 45 62.1
289 50 63.1
289 74 141.2
289 93 49.1
289 127 147.2
289 133 42.1
289 167 130.2
289 177 147.2
289 198 62.1
289 206 65.1
289 231 229.29999999999998
289 240 75.1
289 244 53.1
289 262 170.2
289 290 152.2
290 5 72.1
290 6 45.1
290 74 167.2
290 115 115.19999999999999
290 127 151.2
290 130 58.1
290 167 220.29999999999998
290 177 179.3
290 219 148.2
290 231 150.2
290 233 66.1
290 262 173.2
290 289 156.2
291 15 131.2
291 72 63.1
291 85 55.1
291 127 67.1
291 154 64.1
291 161 130.2
291 177 53.1
291 205 87.1
291 208 70.1
291 235 172.2
291 247 89.1
291 260 62.1
291 262 91.1
291 265 91.1
291 272 151.2
291 274 73.1
291 283 127.19999999999999
291 284 130.2
291 304 158.2
292 7 50.1
292 19 63.1
292 28 51.1
292 34 147.2
292 62 51.1
292 77 56.1
292 173 55.1
292 176 63.1
292 201 59.1
292 237 149.2
292 243 138.2
292 278 145.2
292 282 135.2
292 294 206.29999999999998
292 295 140.2
292 297 140.2
292 299 165.2
293 28 57.1
293 54 181.2
293 64 65.1
293 68 82.1
293 73 46.1
293 118 117.2
293 131 44.1
293 146 134.2
293 164 155.2
293 169 68.1
293 170 185.29999999999998
293 172 66.1
293 204 64.1
293 209 128.2
293 239 66.1
293 241 160.2
293 249 89.1
293 276 156.2
294 0 44.1
294 2 54.1
294 34 147.2
294 107 58.1
294 152 60.1
294 236 62.1
294 237 162.2
294 243 150.2
294 278 131.2
294 282 150.2
294 292 228.29999999999998
294 295 145.2
294 297 189.29999999999998
294 299 130.2
295 14 54.1
295 34 159.2
295 46 50.1
295 63 59.1
295 90 64.1
295 163 53.1
295 173 58.1
295 217 57.1
295 237 153.2
295 243 128.2
295 261 72.1
295 278 168.2
295 282 211.29999999999998
295 292 149.2
295 294 133.2
295 297 145.2
295 299 148.2
296 51 138.2
296 68 59.1
296 70 182.29999999999998
296 110 64.1
296 122 82.1
296 157 148.2
296 175 136.2
296 191 149.2
296 200 55.1
296 206 68.1
296 234 148.2
296 237 66.1
296 249 148.2
296 258 119.2
296 280 118.19999999999999
297 5 67.1
297 33 62.1
297 34 134.2
297 85 62.1
297 165 62.1
297 237 207.29999999999998
297 243 219.29999999999998
297 278 153.2
297 282 147.2
297 292 169.2
297 294 185.3
297 295 170.2
297 299 150.2
298 36 158.2
298 61 98.1
298 74 64.1
298 99 63.1
298 111 81.1
298 159 93.1
298 173 75.1
298 190 155.2
298 219 151.2
298 229 180.2
298 230 157.2
298 238 143.2
298 254 158.2
298 259 146.2
298 281 272.29999999999995
299 32 70.1
299 34 239.29999999999998
299 55 46.1
299 103 61.1
299 131 55.1
299 181 62.1
299 225 59.1
299 232 74.1
299 237 145.2
299 243 149.2
299 278 155.2
299 282 160.2
299 292 154.2
299 294 144.2
299 295 145.2
299 297 138.2
300 2 51.1
300 35 32.1
300 47 58.1
300 52 172.29999999999998
300 56 66.1
300 63 152.2
300 76 51.1
300 123 68.1
300 128 58.1
300 134 137.2
300 142 69.1
300 148 72.1
300 199 157.2
300 207 73.1
300 210 58.1
300 211 42.1
300 255 150.2
300 260 72.1
300 286 131.2
300 303 78.1
301 37 25.1
301 50 57.1
301 65 126.19999999999999
301 94 104.2
301 102 118.19999999999999
301 129 48.1
301 130 42.1
301 163 109.2
301 166 114.2
301 194 106.2
301 218 90.2
301 231 59.1
301 233 89.2
301 266 194.29999999999998
301 288 134.2
302 16 126.19999999999999
302 20 53.1
302 42 88.1
302 82 65.1
302 86 59.1
302 87 53.1
302 109 132.2
302 112 47.1
302 121 140.2
302 140 49.1
302 144 50.1
302 150 40.1
302 168 46.1
302 182 76.1
302 184 98.2
302 193 45.1
302 220 74.1
302 222 126.19999999999999
302 245 44.1
302 267 53.1
302 269 50.1
303 32 118.19999999999999
303 52 73.1
303 54 52.1
303 67 67.1
303 100 60.1
303 119 34.1
303 131 31.1
303 138 132.2
303 139 51.1
303 155 133.2
303 165 124.19999999999999
303 178 58.1
303 189 35.1
303 227 49.1
303 236 142.2
303 268 144.3
303 271 104.2
303 300 87.1
304 15 64.1
304 71 53.1
304 73 63.1
304 109 45.1
304 123 39.1
304 154 67.1
304 161 148.2
304 208 69.1
304 235 138.2
304 247 60.1
304 251 149.2
304 260 64.1
304 261 58.1
304 264 84.1
304 272 129.2
304 283 56.1
304 284 105.2
304 291 129.2
