0 3 91.1
0 9 127.19999999999999
0 20 80.1
0 25 149.2
0 27 162.2
0 45 142.2
0 55 155.2
0 72 76.1
0 83 66.1
0 109 187.29999999999998
0 120 247.29999999999998
0 130 109.1
0 155 149.2
0 159 58.1
0 164 147.2
0 182 75.1
0 183 95.1
0 191 76.1
0 230 80.1
0 280 100.1
1 3 92.1
1 4 84.1
1 5 78.1
1 25 75.1
1 31 147.2
1 69 132.2
1 70 83.1
1 72 174.2
1 87 148.2
1 105 136.2
1 119 151.2
1 125 71.1
1 126 64.1
1 132 81.1
1 139 141.2
1 142 138.2
1 146 105.1
1 203 79.1
1 215 103.1
1 222 73.1
1 232 164.2
1 244 87.1
1 259 85.1
2 3 151.2
2 5 84.1
2 7 83.1
2 29 87.1
2 33 300.29999999999995
2 69 84.1
2 73 184.2
2 74 236.29999999999998
2 78 73.1
2 82 266.29999999999995
2 107 83.1
2 141 176.2
2 153 171.2
2 197 150.2
2 205 96.1
2 217 73.1
2 223 104.1
2 226 86.1
2 245 113.1
2 261 91.1
2 265 114.1
2 272 81.1
3 0 99.1
3 1 106.1
3 2 157.2
3 4 87.1
3 8 254.29999999999998
3 20 243.29999999999998
3 29 262.29999999999995
3 35 76.1
3 49 168.2
3 72 97.1
3 81 172.2
3 94 103.1
3 100 104.1
3 116 182.2
3 145 79.1
3 151 87.1
3 156 109.1
3 157 87.1
3 164 89.1
3 166 187.2
3 173 102.1
3 234 102.1
3 249 111.1
4 1 73.1
4 3 76.1
4 14 161.2
4 30 93.1
4 48 207.29999999999998
4 53 169.2
4 88 147.2
4 100 249.29999999999998
4 103 150.2
4 109 84.1
4 113 153.2
4 145 186.3
4 150 63.1
4 164 89.1
4 172 79.1
4 187 89.1
4 201 88.1
4 216 65.1
4 237 129.2
4 283 90.1
5 1 102.1
5 2 86.1
5 6 107.1
5 25 89.1
5 34 266.29999999999995
5 36 100.1
5 41 256.29999999999995
5 44 155.2
5 52 135.1
5 57 159.2
5 60 150.2
5 77 106.1
5 90 179.2
5 112 163.2
5 125 99.1
5 175 94.1
5 183 92.1
5 195 95.1
5 200 120.1
5 251 105.1
5 263 215.29999999999998
5 283 91.1
6 5 81.1
6 13 139.2
6 21 80.1
6 22 123.19999999999999
6 37 80.1
6 43 85.1
6 78 51.1
6 82 58.1
6 83 157.2
6 94 132.2
6 102 144.2
6 108 63.1
6 132 234.29999999999998
6 150 107.2
6 166 77.1
6 197 81.1
6 212 70.1
6 219 109.1
6 220 104.1
6 227 108.2
6 235 97.1
6 247 77.1
7 2 71.1
7 11 63.1
7 12 161.2
7 26 261.29999999999995
7 28 102.1
7 58 89.1
7 62 165.2
7 64 166.2
7 85 93.1
7 91 87.1
7 95 213.29999999999998
7 104 79.1
7 108 248.29999999999998
7 154 71.1
7 177 76.1
7 203 85.1
7 227 73.1
7 244 61.1
7 260 97.1
7 267 70.1
7 270 118.1
7 275 87.1
8 3 233.29999999999998
8 16 101.1
8 20 167.2
8 25 80.1
8 29 168.2
8 30 117.1
8 49 238.29999999999998
8 73 102.1
8 81 159.2
8 97 90.1
8 113 87.1
8 116 166.2
8 125 102.1
8 145 75.1
8 166 253.29999999999998
8 168 93.1
8 199 95.1
8 232 86.1
8 256 98.1
8 278 100.1
8 283 94.1
9 0 140.2
9 25 147.2
9 27 163.2
9 35 54.1
9 45 156.2
9 53 84.1
9 55 141.2
9 109 231.29999999999998
9 120 154.2
9 155 198.29999999999998
9 158 86.1
9 162 63.1
9 164 213.29999999999998
9 221 80.1
9 223 79.1
9 265 102.1
9 277 86.1
9 280 94.1
10 12 144.2
10 25 77.1
10 28 82.1
10 37 115.1
10 108 72.1
10 119 60.1
10 122 222.29999999999998
10 183 74.1
10 190 67.1
10 207 82.1
10 231 176.2
10 241 108.1
10 257 268.29999999999995
10 269 273.29999999999995
10 270 93.1
10 282 176.2
10 284 186.2
11 7 53.1
11 30 72.1
11 63 171.2
11 92 122.19999999999999
11 97 68.1
11 177 43.1
11 178 140.2
11 180 233.29999999999998
11 182 64.1
11 205 206.29999999999998
11 207 133.2
11 214 65.1
11 221 67.1
11 225 64.1
11 274 118.2
11 277 142.2
11 285 164.2
12 7 154.2
12 10 145.2
12 26 149.2
12 50 91.1
12 56 44.1
12 62 124.19999999999999
12 64 156.2
12 70 66.1
12 71 133.2
12 95 180.29999999999998
12 105 53.1
12 108 122.19999999999999
12 125 69.1
12 137 138.2
12 244 69.1
12 260 166.2
12 284 66.1
13 6 136.2
13 14 87.1
13 22 208.29999999999998
13 30 86.1
13 44 77.1
13 59 90.1
13 83 174.2
13 86 87.1
13 94 159.2
13 100 87.1
13 102 167.2
13 104 93.1
13 132 160.2
13 133 78.1
13 150 156.2
13 174 87.1
13 216 69.1
13 222 170.2
13 227 167.2
14 4 146.2
14 13 74.1
14 25 71.1
14 39 57.1
14 48 147.2
14 52 99.1
14 53 157.2
14 73 71.1
14 88 184.29999999999998
14 100 124.19999999999999
14 103 149.2
14 109 73.1
14 112 73.1
14 113 164.2
14 135 92.1
14 145 114.2
14 197 70.1
14 237 158.2
14 239 78.1
14 255 76.1
14 269 88.1
15 18 163.2
15 19 189.2
15 32 189.2
15 38 150.2
15 96 77.1
15 97 153.2
15 98 80.1
15 131 163.2
15 146 269.29999999999995
15 163 60.1
15 192 73.1
15 202 228.29999999999998
15 243 242.29999999999998
15 260 79.1
15 279 171.2
16 8 53.1
16 30 78.1
16 65 169.2
16 67 71.1
16 75 50.1
16 92 44.1
16 101 142.2
16 112 47.1
16 115 64.1
16 123 151.2
16 143 68.1
16 144 119.19999999999999
16 166 47.1
16 189 57.1
16 213 67.1
16 227 45.1
16 228 95.2
16 244 63.1
16 256 70.1
16 277 166.2
16 278 69.1
16 287 77.1
17 42 87.1
17 45 101.1
17 65 100.1
17 89 78.1
17 97 91.1
17 107 112.1
17 109 114.1
17 112 67.1
17 162 185.2
17 177 161.2
17 182 85.1
17 183 100.1
17 186 77.1
17 203 238.29999999999998
17 211 113.1
17 213 237.29999999999998
17 214 113.1
17 223 217.2
17 226 161.2
17 277 230.2
18 15 177.2
18 19 195.2
18 37 78.1
18 38 158.2
18 97 136.2
18 115 94.1
18 131 170.2
18 143 68.1
18 146 137.2
18 183 62.1
18 202 217.29999999999998
18 235 68.1
18 236 76.1
18 243 147.2
18 279 136.2
18 280 172.2
18 284 80.1
19 15 170.2
19 18 183.2
19 20 86.1
19 29 62.1
19 38 139.2
19 55 70.1
19 97 228.29999999999998
19 99 109.1
19 131 179.2
19 144 84.1
19 146 170.2
19 202 176.2
19 243 183.2
19 279 147.2
20 0 69.1
20 3 223.29999999999998
20 8 147.2
20 19 121.1
20 29 154.2
20 35 62.1
20 49 144.2
20 68 87.1
20 69 167.2
20 81 137.2
20 116 154.2
20 125 90.1
20 130 97.1
20 142 72.1
20 166 159.2
20 171 78.1
20 199 92.1
20 203 65.1
20 252 95.1
20 287 101.1
20 289 88.1
20 291 94.1
21 6 67.1
21 23 138.2
21 39 114.19999999999999
21 88 51.1
21 89 71.1
21 93 159.2
21 103 64.1
21 126 138.2
21 173 136.2
21 193 65.1
21 216 108.2
21 270 338.29999999999995
21 272 145.2
21 290 167.2
22 6 128.2
22 13 217.29999999999998
22 39 72.1
22 44 60.1
22 46 85.1
22 69 87.1
22 71 80.1
22 79 96.1
22 83 134.2
22 94 138.2
22 102 118.2
22 106 89.1
22 132 149.2
22 142 72.1
22 150 157.3
22 171 63.1
22 227 162.2
22 237 74.1
22 269 98.1
23 21 143.2
23 24 180.2
23 43 156.2
23 79 148.2
23 82 83.1
23 103 50.1
23 133 160.2
23 156 174.2
23 172 223.29999999999998
23 193 196.3
23 250 163.2
23 272 239.29999999999998
23 290 66.1
24 23 122.19999999999999
24 39 76.1
24 66 62.1
24 79 164.2
24 123 66.1
24 133 154.2
24 150 50.1
24 156 158.2
24 163 70.1
24 172 108.2
24 193 152.3
24 216 48.1
24 227 57.1
24 250 135.2
24 272 145.2
25 0 148.2
25 1 52.1
25 5 73.1
25 8 55.1
25 9 131.2
25 10 85.1
25 14 89.1
25 27 142.2
25 32 82.1
25 41 60.1
25 45 142.2
25 55 161.2
25 58 54.1
25 109 122.19999999999999
25 120 140.2
25 125 65.1
25 155 135.2
25 164 184.29999999999998
25 171 56.1
25 203 75.1
25 241 91.1
25 266 78.1
26 7 261.29999999999995
26 12 156.2
26 28 91.1
26 62 165.2
26 64 167.2
26 70 65.1
26 73 80.1
26 95 117.2
26 99 99.1
26 105 90.1
26 108 180.2
26 123 100.1
26 137 84.1
26 145 82.1
26 151 70.1
26 158 96.1
26 194 107.1
26 232 162.2
26 249 95.1
26 273 98.1
27 0 177.2
27 9 152.2
27 25 163.2
27 29 79.1
27 45 295.29999999999995
27 47 88.1
27 55 208.2
27 69 100.1
27 77 109.1
27 82 90.1
27 109 206.2
27 118 91.1
27 120 163.2
27 155 217.2
27 158 96.1
27 164 160.2
27 204 94.1
27 231 101.1
27 263 82.1
28 7 77.1
28 10 72.1
28 26 83.1
28 30 90.1
28 49 63.1
28 62 166.2
28 88 73.1
28 101 88.1
28 105 105.2
28 125 131.2
28 139 67.1
28 151 151.2
28 154 68.1
28 161 76.1
28 166 67.1
28 170 69.1
28 175 63.1
28 179 73.1
28 190 84.1
28 201 78.1
28 205 66.1
28 223 93.1
28 260 91.1
29 2 73.1
29 3 205.29999999999998
29 8 132.2
29 19 69.1
29 20 140.2
29 27 77.1
29 49 117.2
29 81 215.29999999999998
29 101 78.1
29 107 68.1
29 116 156.2
29 132 51.1
29 163 74.1
29 166 111.2
29 176 61.1
29 185 74.1
29 205 73.1
29 213 51.1
29 229 74.1
29 285 97.1
30 4 59.1
30 8 102.1
30 11 88.1
30 13 107.1
30 16 90.1
30 28 106.1
30 34 91.1
30 36 99.1
30 46 104.1
30 65 89.1
30 73 87.1
30 83 93.1
30 95 71.1
30 100 66.1
30 104 81.1
30 109 81.1
30 151 79.1
30 157 77.1
30 158 200.2
30 210 102.1
30 214 191.2
30 259 77.1
30 263 79.1
30 267 83.1
30 269 111.1
30 281 102.1
30 285 108.1
31 1 145.2
31 33 91.1
31 69 157.2
31 72 227.2
31 87 188.2
31 105 160.2
31 114 108.1
31 119 161.2
31 139 178.2
31 142 183.2
31 152 100.1
31 164 91.1
31 175 107.1
31 226 79.1
31 232 182.2
31 240 80.1
31 255 102.1
31 276 121.1
32 15 198.2
32 25 85.1
32 46 104.1
32 68 78.1
32 118 197.2
32 124 188.2
32 155 81.1
32 174 162.2
32 188 151.2
32 189 260.29999999999995
32 208 259.29999999999995
32 221 190.2
32 235 76.1
32 241 91.1
32 264 162.2
32 265 104.1
32 292 165.2
33 2 282.29999999999995
33 31 80.1
33 43 132.1
33 46 124.1
33 47 173.2
33 73 217.2
33 74 176.2
33 82 192.2
33 83 100.1
33 87 97.1
33 90 91.1
33 98 128.1
33 115 94.1
33 141 184.2
33 145 82.1
33 146 115.1
33 153 311.29999999999995
33 158 152.1
33 197 323.29999999999995
33 212 104.1
33 264 111.1
33 270 136.1
34 5 252.29999999999998
34 30 106.1
34 41 148.2
34 42 93.1
34 44 171.2
34 57 175.2
34 59 93.1
34 60 145.2
34 75 75.1
34 85 102.1
34 90 184.2
34 106 78.1
34 111 100.1
34 112 150.2
34 135 105.1
34 152 79.1
34 160 76.1
34 165 93.1
34 263 151.2
35 3 68.1
35 9 49.1
35 20 50.1
35 80 241.29999999999998
35 138 208.29999999999998
35 143 198.29999999999998
35 157 57.1
35 166 74.1
35 183 76.1
35 192 56.1
35 199 139.2
35 204 75.1
35 223 68.1
35 228 68.1
35 236 157.2
35 239 139.2
35 259 74.1
35 278 152.2
35 286 87.1
36 5 81.1
36 30 94.1
36 41 70.1
36 44 61.1
36 75 55.1
36 89 222.29999999999998
36 125 63.1
36 129 167.2
36 159 69.1
36 160 154.2
36 176 128.2
36 198 181.2
36 211 82.1
36 215 262.29999999999995
36 232 69.1
36 242 167.2
36 261 218.29999999999998
36 291 168.2
37 6 85.1
37 10 90.1
37 18 82.1
37 50 73.1
37 70 225.29999999999998
37 71 163.2
37 78 72.1
37 89 80.1
37 92 88.1
37 104 147.2
37 108 160.2
37 112 102.1
37 122 79.1
37 123 97.1
37 179 251.29999999999998
37 190 63.1
37 194 165.2
37 217 213.29999999999998
37 235 130.2
37 267 73.1
37 273 80.1
38 15 178.2
38 18 120.19999999999999
38 19 127.19999999999999
38 76 77.1
38 97 133.2
38 121 80.1
38 131 101.2
38 141 44.1
38 146 146.2
38 178 61.1
38 186 46.1
38 202 137.2
38 220 70.1
38 243 123.19999999999999
38 279 121.19999999999999
39 14 54.1
39 21 129.2
39 22 76.1
39 24 90.1
39 53 76.1
39 93 127.19999999999999
39 99 82.1
39 125 79.1
39 126 179.29999999999998
39 153 73.1
39 156 88.1
39 168 94.1
39 173 118.19999999999999
39 187 67.1
39 216 115.2
39 218 76.1
39 270 218.2
39 290 165.2
40 43 88.1
40 47 136.2
40 53 84.1
40 66 133.2
40 84 212.29999999999998
40 93 76.1
40 99 173.2
40 126 64.1
40 153 88.1
40 169 138.2
40 173 73.1
40 187 139.2
40 197 71.1
40 209 140.2
40 222 141.2
40 230 199.29999999999998
40 237 77.1
40 270 95.1
41 5 223.29999999999998
41 25 63.1
41 34 164.2
41 36 96.1
41 44 137.2
41 49 84.1
41 57 208.2
41 60 222.29999999999998
41 73 92.1
41 90 155.2
41 96 90.1
41 102 86.1
41 112 161.2
41 121 107.1
41 135 81.1
41 148 88.1
41 151 83.1
41 159 64.1
41 170 78.1
41 171 74.1
41 263 160.2
42 17 82.1
42 34 88.1
42 50 183.2
42 107 71.1
42 115 167.2
42 124 116.1
42 134 104.1
42 157 174.2
42 162 92.1
42 182 301.29999999999995
42 186 69.1
42 188 108.1
42 214 262.29999999999995
42 219 308.29999999999995
42 220 86.1
42 241 110.1
42 246 70.1
42 252 88.1
42 259 176.2
43 6 73.1
43 23 142.2
43 33 64.1
43 40 55.1
43 46 78.1
43 51 53.1
43 52 82.1
43 66 50.1
43 74 75.1
43 103 73.1
43 107 76.1
43 128 109.1
43 133 73.1
43 186 58.1
43 192 70.1
43 216 54.1
43 221 236.29999999999998
43 225 81.1
43 250 160.2
43 273 154.2
43 287 91.1
44 5 134.2
44 13 83.1
44 22 65.1
44 34 156.2
44 36 62.1
44 41 123.2
44 57 210.29999999999998
44 60 123.19999999999999
44 85 63.1
44 87 72.1
44 90 158.2
44 112 141.2
44 151 67.1
44 170 151.2
44 184 71.1
44 262 86.1
44 263 119.19999999999999
44 281 71.1
45 0 148.2
45 9 169.2
45 17 90.1
45 25 136.2
45 27 301.29999999999995
45 55 173.2
45 94 77.1
45 109 235.29999999999998
45 120 167.2
45 155 167.2
45 164 134.2
45 213 81.1
45 219 111.1
45 226 76.1
45 244 94.1
45 249 91.1
45 269 118.1
45 286 84.1
46 22 84.1
46 30 123.1
46 32 109.1
46 33 95.1
46 43 117.1
46 68 184.2
46 98 174.2
46 107 250.29999999999998
46 110 96.1
46 141 85.1
46 158 119.1
46 161 182.2
46 163 294.29999999999995
46 164 79.1
46 173 82.1
46 192 215.2
46 212 271.29999999999995
46 230 117.1
46 233 174.2
46 249 103.1
46 264 87.1
47 27 87.1
47 33 169.2
47 40 161.2
47 66 158.2
47 81 89.1
47 84 222.29999999999998
47 98 110.1
47 99 300.29999999999995
47 145 75.1
47 151 86.1
47 160 88.1
47 169 257.29999999999995
47 173 88.1
47 187 196.2
47 203 74.1
47 209 164.2
47 222 196.2
47 226 90.1
47 230 201.2
47 261 62.1
48 4 178.3
48 14 128.2
48 52 97.1
48 53 240.29999999999998
48 88 120.19999999999999
48 100 131.2
48 103 143.2
48 106 84.1
48 113 143.2
48 125 74.1
48 142 64.1
48 145 139.2
48 146 86.1
48 198 91.1
48 217 71.1
48 230 81.1
48 237 130.2
48 253 74.1
48 274 71.1
48 290 81.1
49 3 173.2
49 8 200.29999999999998
49 20 143.2
49 28 80.1
49 29 150.2
49 41 67.1
49 60 61.1
49 61 99.1
49 81 167.2
49 99 99.1
49 107 75.1
49 116 245.29999999999998
49 120 84.1
49 166 169.2
49 182 86.1
49 203 71.1
49 223 113.1
49 234 87.1
49 262 88.1
49 286 92.1
50 12 81.1
50 37 88.1
50 42 166.2
50 93 64.1
50 95 66.1
50 114 77.1
50 115 199.29999999999998
50 122 79.1
50 157 156.2
50 181 84.1
50 182 241.29999999999998
50 203 69.1
50 214 145.2
50 217 56.1
50 219 130.2
50 254 105.1
50 259 154.2
50 266 84.1
50 275 85.1
50 284 75.1
51 43 79.1
51 63 105.1
51 65 87.1
51 74 68.1
51 81 67.1
51 123 170.2
51 133 92.1
51 148 211.2
51 154 78.1
51 158 179.2
51 175 97.1
51 188 102.1
51 193 126.19999999999999
51 196 77.1
51 225 173.2
51 231 87.1
51 245 72.1
51 248 88.1
51 257 175.2
51 276 196.2
51 277 75.1
52 5 93.1
52 14 73.1
52 43 91.1
52 48 61.1
52 56 66.1
52 66 62.1
52 93 78.1
52 94 82.1
52 111 67.1
52 128 173.2
52 160 99.1
52 172 80.1
52 178 94.1
52 184 94.1
52 216 130.2
52 224 63.1
52 227 82.1
52 270 294.2
52 282 94.1
52 285 112.1
52 288 74.1
53 4 125.19999999999999
53 9 83.1
53 14 123.2
53 39 80.1
53 40 80.1
53 48 230.29999999999998
53 71 106.1
53 88 148.2
53 94 77.1
53 100 177.2
53 103 139.2
53 113 193.2
53 145 145.2
53 160 99.1
53 192 89.1
53 233 81.1
53 237 170.2
53 250 82.1
54 75 61.1
54 80 73.1
54 96 116.2
54 106 78.1
54 110 72.1
54 135 84.1
54 149 77.1
54 152 160.2
54 170 199.29999999999998
54 171 150.2
54 183 137.2
54 184 150.2
54 185 80.1
54 187 74.1
54 208 79.1
54 246 134.2
54 278 78.1
54 283 95.1
55 0 138.2
55 9 122.19999999999999
55 19 74.1
55 25 153.2
55 27 168.2
55 45 145.2
55 109 150.2
55 112 83.1
55 120 126.19999999999999
55 121 89.1
55 155 209.29999999999998
55 164 139.2
55 181 74.1
55 219 76.1
55 243 87.1
55 247 109.1
55 259 85.1
55 277 95.1
56 12 54.1
56 52 85.1
56 58 143.2
56 65 89.1
56 71 80.1
56 114 143.2
56 139 63.1
56 142 70.1
56 154 218.29999999999998
56 175 157.2
56 180 76.1
56 189 75.1
56 190 120.19999999999999
56 232 77.1
56 240 221.29999999999998
56 244 144.2
56 245 199.29999999999998
56 260 63.1
57 5 150.2
57 34 128.2
57 41 161.2
57 44 206.29999999999998
57 60 124.19999999999999
57 61 74.1
57 90 159.2
57 111 87.1
57 112 148.2
57 125 83.1
57 140 90.1
57 143 75.1
57 152 80.1
57 246 70.1
57 252 84.1
57 256 70.1
57 263 181.29999999999998
57 285 74.1
58 7 75.1
58 25 56.1
58 56 124.19999999999999
58 64 62.1
58 114 125.19999999999999
58 119 72.1
58 127 87.1
58 147 69.1
58 154 183.29999999999998
58 175 149.2
58 190 119.19999999999999
58 191 51.1
58 225 73.1
58 240 125.19999999999999
58 244 118.19999999999999
58 245 129.2
58 276 74.1
59 13 65.1
59 34 65.1
59 61 131.2
59 67 68.1
59 72 61.1
59 73 45.1
59 75 74.1
59 106 133.2
59 110 71.1
59 136 155.2
59 140 83.1
59 159 88.2
59 160 82.1
59 210 134.2
59 230 62.1
59 256 171.2
59 283 169.2
60 5 140.2
60 34 139.2
60 41 197.29999999999998
60 44 143.2
60 49 68.1
60 57 163.2
60 90 144.2
60 106 75.1
60 112 124.19999999999999
60 117 67.1
60 135 94.1
60 142 73.1
60 173 76.1
60 204 93.1
60 227 68.1
60 242 104.1
60 246 71.1
60 256 84.1
60 263 113.2
61 49 73.1
61 57 80.1
61 59 151.2
61 106 136.2
61 111 63.1
61 117 66.1
61 128 103.1
61 135 70.1
61 136 142.2
61 140 91.1
61 152 82.1
61 154 88.1
61 159 106.2
61 164 67.1
61 210 156.2
61 226 75.1
61 256 196.2
61 283 144.2
61 288 81.1
62 7 156.2
62 12 121.19999999999999
62 26 182.2
62 28 160.2
62 64 215.29999999999998
62 87 76.1
62 95 124.19999999999999
62 108 227.29999999999998
62 125 141.2
62 149 69.1
62 151 50.1
62 177 86.1
62 194 96.1
62 203 68.1
62 206 82.1
62 244 136.2
62 258 72.1
62 277 109.1
63 11 142.2
63 51 66.1
63 92 189.2
63 103 39.1
63 148 221.2
63 178 141.2
63 180 269.29999999999995
63 205 189.2
63 207 181.2
63 238 62.1
63 262 62.1
63 274 157.2
63 285 199.2
63 287 83.1
64 7 153.2
64 12 161.2
64 26 179.2
64 58 68.1
64 62 184.3
64 65 72.1
64 95 124.19999999999999
64 108 134.2
64 114 56.1
64 119 91.1
64 139 69.1
64 161 64.1
64 167 62.1
64 190 73.1
64 195 59.1
64 198 76.1
64 215 54.1
64 222 50.1
64 240 76.1
64 273 80.1
64 276 91.1
65 16 166.2
65 17 75.1
65 30 82.1
65 51 80.1
65 56 66.1
65 64 75.1
65 91 92.1
65 94 78.1
65 123 107.1
65 124 81.1
65 139 75.1
65 152 89.1
65 180 94.1
65 186 58.1
65 191 77.1
65 209 85.1
65 214 154.2
65 238 96.1
65 239 90.1
65 258 83.1
65 277 195.2
65 285 180.2
66 24 57.1
66 40 121.2
66 43 72.1
66 47 148.2
66 52 99.1
66 77 59.1
66 84 166.3
66 99 140.2
66 113 89.1
66 126 39.1
66 140 91.1
66 169 121.19999999999999
66 176 67.1
66 187 198.29999999999998
66 209 145.2
66 218 74.1
66 222 145.2
66 230 107.2
67 16 78.1
67 59 80.1
67 75 121.2
67 80 53.1
67 110 171.2
67 116 63.1
67 135 61.1
67 136 78.1
67 149 228.29999999999998
67 165 61.1
67 170 64.1
67 171 60.1
67 184 74.1
67 195 68.1
67 211 103.2
67 234 128.2
67 253 146.2
67 254 206.29999999999998
67 281 75.1
68 20 78.1
68 32 96.1
68 46 191.2
68 86 69.1
68 98 227.29999999999998
68 106 66.1
68 107 165.2
68 125 80.1
68 146 67.1
68 153 89.1
68 160 85.1
68 161 156.2
68 163 120.19999999999999
68 188 98.1
68 190 75.1
68 191 51.1
68 192 156.2
68 212 169.2
68 217 71.1
68 218 72.1
68 233 145.2
68 289 112.1
69 1 145.2
69 2 87.1
69 20 183.2
69 22 96.1
69 27 127.1
69 31 185.2
69 72 200.2
69 87 156.2
69 105 155.2
69 109 97.1
69 119 146.2
69 137 85.1
69 139 125.2
69 142 174.2
69 146 107.1
69 155 91.1
69 198 112.1
69 217 85.1
69 232 161.2
69 269 105.1
70 1 48.1
70 12 49.1
70 26 82.1
70 37 211.29999999999998
70 71 164.2
70 78 55.1
70 95 55.1
70 104 176.3
70 137 61.1
70 142 56.1
70 151 77.1
70 178 78.1
70 179 134.2
70 194 157.2
70 217 114.2
70 226 45.1
70 235 111.2
70 244 58.1
70 248 79.1
70 262 60.1
70 273 71.1
71 12 138.2
71 22 61.1
71 37 150.2
71 53 91.1
71 56 56.1
71 70 151.2
71 95 65.1
71 104 132.2
71 108 75.1
71 147 88.1
71 161 86.1
71 168 75.1
71 179 219.29999999999998
71 194 148.2
71 217 121.19999999999999
71 235 123.19999999999999
71 240 68.1
71 267 93.1
72 0 102.1
72 1 176.2
72 3 98.1
72 31 203.2
72 59 109.1
72 69 180.2
72 87 174.2
72 95 83.1
72 105 132.2
72 118 77.1
72 119 174.2
72 139 177.2
72 142 151.2
72 153 91.1
72 181 86.1
72 189 96.1
72 232 191.2
72 235 96.1
72 258 98.1
72 267 89.1
72 277 102.1
73 2 146.2
73 8 77.1
73 14 86.1
73 26 100.1
73 30 86.1
73 33 184.2
73 41 81.1
73 59 115.1
73 74 210.29999999999998
73 78 82.1
73 82 150.2
73 104 86.1
73 141 160.2
73 153 216.2
73 171 100.1
73 197 200.2
73 212 90.1
73 233 81.1
73 250 109.1
73 261 95.1
74 2 227.29999999999998
74 33 164.2
74 43 84.1
74 51 70.1
74 73 218.29999999999998
74 78 55.1
74 82 160.2
74 88 48.1
74 104 73.1
74 139 67.1
74 141 140.2
74 142 81.1
74 153 193.2
74 164 71.1
74 174 83.1
74 192 84.1
74 197 185.2
74 222 86.1
75 16 87.1
75 34 46.1
75 36 60.1
75 54 68.1
75 59 82.1
75 67 128.2
75 87 62.1
75 110 157.2
75 136 73.1
75 149 179.29999999999998
75 152 64.1
75 170 61.1
75 210 61.1
75 211 138.2
75 234 205.29999999999998
75 253 206.29999999999998
75 254 140.2
75 271 70.1
75 283 64.1
76 38 65.1
76 91 75.1
76 97 66.1
76 116 71.1
76 138 68.1
76 144 139.2
76 148 80.1
76 168 74.1
76 199 60.1
76 225 77.1
76 228 73.1
76 231 63.1
76 234 67.1
76 236 74.1
76 251 74.1
76 252 133.2
76 254 82.1
76 276 72.1
76 277 86.1
76 284 139.2
76 287 142.2
77 5 98.1
77 27 111.1
77 66 75.1
77 79 74.1
77 118 160.2
77 122 87.1
77 158 186.2
77 186 201.3
77 191 189.3
77 208 183.2
77 218 143.2
77 219 79.1
77 220 172.2
77 221 162.2
77 229 273.29999999999995
77 244 69.1
77 257 159.2
78 2 54.1
78 6 53.1
78 37 64.1
78 70 51.1
78 73 73.1
78 74 58.1
78 95 50.1
78 104 59.1
78 137 224.29999999999998
78 158 81.1
78 167 126.19999999999999
78 196 142.2
78 200 72.1
78 206 73.1
78 217 76.1
78 248 150.2
78 250 63.1
78 258 174.2
78 260 217.29999999999998
78 267 158.2
79 22 80.1
79 23 117.19999999999999
79 24 174.2
79 77 80.1
79 118 60.1
79 123 93.1
79 133 141.2
79 156 188.2
79 163 57.1
79 172 210.29999999999998
79 173 81.1
79 179 151.2
79 193 118.2
79 208 100.1
79 250 147.2
79 272 148.2
80 35 202.29999999999998
80 54 89.1
80 67 58.1
80 101 83.1
80 106 80.1
80 121 54.1
80 126 46.1
80 138 131.2
80 143 124.19999999999999
80 147 54.1
80 168 62.1
80 170 55.1
80 199 121.2
80 210 93.1
80 232 60.1
80 234 69.1
80 236 146.2
80 239 126.19999999999999
80 253 51.1
80 278 132.2
81 3 179.2
81 8 153.2
81 20 153.2
81 29 233.29999999999998
81 47 80.1
81 49 146.2
81 51 87.1
81 116 163.2
81 130 90.1
81 134 109.1
81 136 110.1
81 151 74.1
81 166 192.2
81 178 100.1
81 185 95.1
81 212 57.1
81 234 83.1
81 252 97.1
81 261 71.1
81 286 105.1
82 2 205.29999999999998
82 6 71.1
82 23 68.1
82 27 87.1
82 33 157.2
82 73 145.2
82 74 134.2
82 87 76.1
82 101 86.1
82 119 75.1
82 123 71.1
82 141 148.2
82 153 153.2
82 179 86.1
82 187 90.1
82 197 177.2
82 201 69.1
82 208 90.1
82 231 81.1
82 233 71.1
82 235 65.1
82 264 89.1
83 0 80.1
83 6 172.2
83 13 167.2
83 22 151.2
83 30 110.1
83 33 96.1
83 84 130.2
83 93 53.1
83 94 185.2
83 102 164.2
83 132 187.3
83 145 67.1
83 150 127.19999999999999
83 166 76.1
83 227 233.29999999999998
83 268 96.1
83 275 100.1
83 291 94.1
84 40 223.29999999999998
84 47 193.29999999999998
84 66 176.3
84 83 131.2
84 92 72.1
84 99 162.2
84 132 125.19999999999999
84 169 125.19999999999999
84 187 153.2
84 206 83.1
84 209 149.2
84 222 137.2
84 230 124.19999999999999
84 233 68.1
84 247 92.1
85 7 70.1
85 34 66.1
85 44 68.1
85 86 131.2
85 96 46.1
85 111 100.2
85 117 119.2
85 127 136.2
85 140 151.2
85 143 71.1
85 147 189.29999999999998
85 151 75.1
85 154 59.1
85 195 138.2
85 215 78.1
85 246 74.1
85 271 152.2
85 288 158.2
86 13 78.1
86 68 54.1
86 85 154.2
86 111 195.29999999999998
86 117 166.2
86 127 67.1
86 140 174.2
86 147 231.29999999999998
86 152 102.1
86 160 86.1
86 169 68.1
86 173 91.1
86 195 158.2
86 242 69.1
86 246 78.1
86 271 181.2
86 281 83.1
86 288 195.2
87 1 131.2
87 31 145.2
87 33 93.1
87 44 77.1
87 62 104.1
87 69 131.2
87 72 177.2
87 75 84.1
87 82 113.1
87 105 138.2
87 109 93.1
87 119 164.2
87 139 143.2
87 142 123.19999999999999
87 151 72.1
87 154 92.1
87 164 97.1
87 175 77.1
87 203 85.1
87 213 63.1
87 232 169.2
87 238 108.1
88 4 117.2
88 14 208.29999999999998
88 21 74.1
88 28 76.1
88 48 138.2
88 53 173.2
88 74 66.1
88 100 157.2
88 103 173.2
88 113 177.2
88 116 72.1
88 119 63.1
88 129 89.1
88 145 220.29999999999998
88 193 43.1
88 237 171.2
88 270 100.1
88 290 106.1
89 17 71.1
89 21 63.1
89 36 242.29999999999998
89 37 78.1
89 110 66.1
89 129 158.2
89 160 248.29999999999998
89 174 67.1
89 176 214.29999999999998
89 198 173.2
89 215 188.2
89 216 52.1
89 236 58.1
89 242 199.2
89 261 113.19999999999999
89 288 80.1
89 291 168.2
90 5 161.2
90 33 99.1
90 34 159.2
90 41 164.2
90 44 172.2
90 57 156.2
90 60 150.2
90 91 75.1
90 109 90.1
90 112 222.29999999999998
90 127 79.1
90 141 93.1
90 145 62.1
90 176 81.1
90 182 81.1
90 190 96.1
90 198 76.1
90 232 90.1
90 263 198.29999999999998
91 7 76.1
91 65 85.1
91 76 85.1
91 90 62.1
91 128 157.2
91 135 81.1
91 148 65.1
91 165 183.2
91 176 75.1
91 178 93.1
91 185 167.2
91 195 75.1
91 204 148.2
91 251 168.2
91 262 221.29999999999998
91 268 153.2
91 281 195.29999999999998
92 11 154.2
92 16 67.1
92 37 90.1
92 63 212.2
92 84 61.1
92 116 70.1
92 132 68.1
92 168 84.1
92 177 84.1
92 178 171.2
92 180 216.29999999999998
92 201 69.1
92 205 226.29999999999998
92 207 152.2
92 252 81.1
92 274 247.29999999999998
92 280 205.2
92 284 79.1
92 285 203.2
93 21 137.2
93 39 127.19999999999999
93 40 58.1
93 50 59.1
93 52 91.1
93 83 64.1
93 102 57.1
93 110 68.1
93 126 124.19999999999999
93 156 68.1
93 169 66.1
93 172 65.1
93 173 207.29999999999998
93 204 62.1
93 208 77.1
93 216 92.2
93 270 192.2
93 290 107.2
94 3 92.1
94 6 136.2
94 13 170.2
94 22 122.2
94 45 75.1
94 52 97.1
94 53 72.1
94 65 93.1
94 83 148.2
94 99 102.1
94 102 195.29999999999998
94 128 81.1
94 132 134.2
94 150 109.2
94 192 83.1
94 227 133.2
94 233 43.1
94 253 74.1
94 279 88.1
94 288 83.1
95 7 185.29999999999998
95 12 231.29999999999998
95 26 141.2
95 30 86.1
95 50 76.1
95 62 139.2
95 64 152.2
95 70 92.1
95 71 69.1
95 72 80.1
95 78 47.1
95 108 138.2
95 148 82.1
95 178 88.1
95 194 83.1
95 197 76.1
95 226 73.1
95 248 92.1
95 255 81.1
95 267 64.1
95 272 84.1
95 273 84.1
95 276 77.1
96 15 82.1
96 41 63.1
96 54 144.2
96 85 73.1
96 135 91.1
96 152 171.2
96 165 93.1
96 170 130.2
96 171 204.29999999999998
96 172 71.1
96 182 68.1
96 183 197.29999999999998
96 184 203.29999999999998
96 185 63.1
96 195 48.1
96 204 59.1
96 215 59.1
96 246 115.2
96 262 75.1
97 8 62.1
97 11 79.1
97 15 154.2
97 17 74.1
97 18 123.19999999999999
97 19 257.29999999999995
97 38 157.2
97 76 88.1
97 131 170.2
97 146 216.29999999999998
97 158 94.1
97 166 73.1
97 175 82.1
97 202 138.2
97 214 75.1
97 243 157.2
97 278 91.1
97 279 175.2
98 15 77.1
98 33 80.1
98 46 186.2
98 47 67.1
98 68 231.29999999999998
98 107 218.29999999999998
98 114 73.1
98 141 79.1
98 161 149.2
98 163 115.19999999999999
98 188 117.1
98 189 68.1
98 192 138.2
98 202 79.1
98 212 151.2
98 229 143.2
98 233 139.2
98 235 69.1
99 19 84.1
99 26 94.1
99 39 80.1
99 40 149.2
99 47 266.29999999999995
99 49 89.1
99 66 146.2
99 84 138.2
99 94 88.1
99 100 91.1
99 163 83.1
99 169 152.2
99 173 76.1
99 187 162.2
99 209 253.29999999999998
99 222 165.2
99 230 137.2
99 272 112.1
100 3 78.1
100 4 235.29999999999998
100 13 97.1
100 14 157.2
100 30 91.1
100 48 135.2
100 53 180.2
100 88 161.2
100 99 90.1
100 103 120.19999999999999
100 113 258.29999999999995
100 125 79.1
100 145 148.2
100 147 85.1
100 203 77.1
100 208 99.1
100 233 84.1
100 237 177.2
101 16 156.2
101 28 75.1
101 29 66.1
101 80 67.1
101 82 65.1
101 121 236.29999999999998
101 124 71.1
101 135 173.2
101 138 66.1
101 148 90.1
101 178 61.1
101 191 67.1
101 199 78.1
101 225 81.1
101 234 157.2
101 236 68.1
101 250 61.1
101 268 80.1
101 291 80.1
102 6 145.2
102 13 164.2
102 22 127.19999999999999
102 41 68.1
102 83 142.2
102 93 75.1
102 94 230.29999999999998
102 109 68.1
102 126 60.1
102 132 134.2
102 133 66.1
102 142 53.1
102 150 163.29999999999998
102 152 97.1
102 169 57.1
102 171 109.1
102 197 65.1
102 209 95.1
102 222 151.2
102 227 129.2
102 231 78.1
103 4 96.2
103 14 131.2
103 21 63.1
103 23 40.1
103 43 95.1
103 48 135.2
103 53 161.2
103 63 93.1
103 88 133.2
103 100 118.2
103 113 133.2
103 144 56.1
103 145 161.3
103 188 67.1
103 237 187.29999999999998
103 272 55.1
103 284 65.1
103 290 64.1
104 7 97.1
104 13 92.1
104 30 59.1
104 37 166.2
104 70 177.3
104 71 181.2
104 73 66.1
104 74 71.1
104 78 66.1
104 113 92.1
104 114 90.1
104 117 85.1
104 142 61.1
104 158 92.1
104 171 78.1
104 179 146.2
104 194 180.2
104 217 132.2
104 235 159.2
104 236 96.1
105 1 122.19999999999999
105 12 63.1
105 26 76.1
105 28 131.2
105 31 141.2
105 69 152.2
105 72 135.2
105 87 147.2
105 111 89.1
105 119 130.2
105 139 133.2
105 142 122.2
105 232 131.2
105 237 74.1
105 240 94.1
105 267 52.1
106 22 64.1
106 34 55.1
106 48 60.1
106 54 68.1
106 59 147.2
106 60 44.1
106 61 150.2
106 68 64.1
106 80 75.1
106 136 174.2
106 140 87.1
106 149 81.1
106 159 108.2
106 184 61.1
106 210 119.2
106 246 60.1
106 256 167.2
106 283 147.2
106 291 77.1
107 2 78.1
107 17 105.1
107 29 73.1
107 42 103.1
107 43 109.1
107 46 304.29999999999995
107 49 65.1
107 68 194.2
107 98 240.29999999999998
107 155 74.1
107 161 272.29999999999995
107 163 145.2
107 192 177.2
107 211 98.1
107 212 174.2
107 217 118.1
107 233 142.2
107 247 97.1
107 264 97.1
108 6 84.1
108 7 239.29999999999998
108 10 89.1
108 12 151.2
108 26 204.2
108 37 160.2
108 62 276.29999999999995
108 64 165.2
108 71 94.1
108 95 159.2
108 122 78.1
108 127 79.1
108 149 79.1
108 166 73.1
108 167 68.1
108 177 83.1
108 190 61.1
108 245 95.1
108 260 75.1
108 289 81.1
109 0 207.29999999999998
109 4 69.1
109 9 208.3
109 14 58.1
109 17 86.1
109 25 115.2
109 27 205.2
109 30 101.1
109 45 251.29999999999998
109 55 165.2
109 69 67.1
109 87 68.1
109 90 87.1
109 102 77.1
109 120 159.2
109 127 71.1
109 155 149.2
109 164 164.2
109 170 59.1
109 214 87.1
110 46 73.1
110 54 74.1
110 59 70.1
110 67 158.2
110 75 134.2
110 89 64.1
110 93 58.1
110 136 93.1
110 149 164.2
110 159 47.1
110 182 73.1
110 210 69.1
110 211 198.2
110 234 220.29999999999998
110 253 138.2
110 254 182.2
110 256 75.1
110 268 86.1
110 271 68.1
111 34 78.1
111 52 82.1
111 57 59.1
111 61 53.1
111 85 120.19999999999999
111 86 187.3
111 105 72.1
111 117 111.2
111 127 131.2
111 140 127.19999999999999
111 147 116.19999999999999
111 151 46.1
111 161 58.1
111 195 136.2
111 271 158.2
111 273 56.1
111 288 149.2
112 5 132.2
112 14 71.1
112 16 63.1
112 17 68.1
112 34 162.2
112 37 81.1
112 41 138.2
112 44 136.2
112 55 84.1
112 57 145.2
112 60 131.2
112 90 217.29999999999998
112 129 69.1
112 145 67.1
112 183 74.1
112 210 70.1
112 251 70.1
112 254 89.1
112 261 70.1
112 263 117.2
112 288 80.1
113 4 143.2
113 8 61.1
113 14 152.2
113 48 158.2
113 53 173.2
113 66 80.1
113 88 136.2
113 100 206.29999999999998
113 103 145.2
113 104 72.1
113 145 129.2
113 151 79.1
113 156 90.1
113 197 97.1
113 209 89.1
113 210 69.1
113 226 89.1
113 237 149.2
114 31 62.1
114 50 62.1
114 56 121.19999999999999
114 58 137.2
114 64 76.1
114 98 57.1
114 104 71.1
114 154 142.2
114 160 50.1
114 167 53.1
114 175 124.19999999999999
114 190 182.29999999999998
114 225 96.1
114 240 160.2
114 244 143.2
114 245 141.2
114 273 86.1
114 276 79.1
115 16 79.1
115 18 76.1
115 33 86.1
115 42 155.2
115 50 212.29999999999998
115 126 68.1
115 136 75.1
115 144 77.1
115 147 76.1
115 157 161.2
115 176 73.1
115 182 168.2
115 194 87.1
115 212 66.1
115 214 152.2
115 219 162.2
115 223 76.1
115 252 70.1
115 259 139.2
116 3 171.2
116 8 141.2
116 20 155.2
116 29 162.2
116 49 236.29999999999998
116 67 77.1
116 76 96.1
116 81 140.2
116 88 58.1
116 92 93.1
116 165 79.1
116 166 169.2
116 168 96.1
116 201 79.1
116 213 148.2
116 237 74.1
116 257 81.1
116 266 77.1
116 276 104.1
117 60 55.1
117 61 64.1
117 85 138.2
117 86 143.2
117 104 59.1
117 111 117.2
117 127 199.29999999999998
117 136 70.1
117 140 62.1
117 147 144.2
117 173 62.1
117 195 193.29999999999998
117 220 66.1
117 246 71.1
117 262 64.1
117 271 151.2
117 288 125.19999999999999
117 291 76.1
118 27 89.1
118 32 169.2
118 72 56.1
118 77 142.2
118 79 104.1
118 174 117.2
118 188 145.2
118 189 142.2
118 202 60.1
118 208 235.29999999999998
118 220 68.1
118 221 228.29999999999998
118 229 138.2
118 249 155.2
118 255 136.2
118 264 158.2
119 1 125.19999999999999
119 10 70.1
119 31 118.19999999999999
119 58 89.1
119 64 96.1
119 69 110.2
119 72 165.2
119 82 77.1
119 87 156.2
119 88 58.1
119 105 134.2
119 137 96.1
119 139 134.2
119 142 169.2
119 197 60.1
119 201 98.1
119 232 144.2
119 237 76.1
119 240 91.1
120 0 222.29999999999998
120 9 141.2
120 25 129.2
120 27 183.2
120 45 156.2
120 49 86.1
120 55 137.2
120 109 126.19999999999999
120 151 60.1
120 155 139.2
120 161 63.1
120 163 65.1
120 164 128.2
120 186 76.1
120 199 88.1
120 200 82.1
120 243 74.1
120 292 113.1
121 38 75.1
121 41 75.1
121 55 83.1
121 80 83.1
121 101 230.29999999999998
121 124 85.1
121 135 187.2
121 138 67.1
121 148 90.1
121 149 69.1
121 152 82.1
121 176 60.1
121 198 65.1
121 215 58.1
121 225 102.1
121 234 70.1
121 253 75.1
121 254 76.1
121 268 169.2
121 277 99.1
121 281 92.1
122 10 212.29999999999998
122 37 71.1
122 50 75.1
122 77 69.1
122 108 70.1
122 124 79.1
122 164 57.1
122 180 62.1
122 203 51.1
122 217 86.1
122 226 62.1
122 229 176.2
122 231 165.2
122 257 155.2
122 267 74.1
122 269 163.2
122 282 266.29999999999995
122 284 154.2
123 16 168.2
123 24 73.1
123 26 94.1
123 37 91.1
123 51 139.2
123 65 89.1
123 79 75.1
123 82 56.1
123 137 170.2
123 139 74.1
123 161 81.1
123 167 65.1
123 171 48.1
123 225 167.2
123 229 98.1
123 248 73.1
123 258 71.1
123 267 164.2
123 273 68.1
123 277 89.1
123 282 75.1
124 32 161.2
124 42 66.1
124 65 91.1
124 101 75.1
124 121 82.1
124 122 65.1
124 155 53.1
124 188 129.2
124 189 138.2
124 191 52.1
124 206 137.2
124 218 47.1
124 220 80.1
124 221 144.2
124 275 150.2
124 277 61.1
124 292 147.2
125 1 84.1
125 5 87.1
125 8 80.1
125 12 76.1
125 20 80.1
125 25 81.1
125 28 150.2
125 36 85.1
125 39 75.1
125 48 83.1
125 57 72.1
125 62 168.2
125 68 89.1
125 100 82.1
125 151 137.2
125 170 77.1
125 179 77.1
125 183 80.1
125 203 77.1
125 210 60.1
125 212 67.1
125 215 92.1
125 260 68.1
125 261 64.1
125 290 80.1
126 1 49.1
126 21 135.2
126 39 219.29999999999998
126 40 57.1
126 66 54.1
126 80 69.1
126 93 131.2
126 102 66.1
126 115 84.1
126 156 82.1
126 173 155.2
126 187 76.1
126 193 53.1
126 209 76.1
126 212 64.1
126 216 145.3
126 270 251.29999999999998
126 289 73.1
126 290 130.2
127 58 85.1
127 85 173.2
127 86 92.1
127 90 80.1
127 108 70.1
127 109 67.1
127 111 168.2
127 117 245.29999999999998
127 140 182.2
127 147 240.29999999999998
127 184 80.1
127 195 155.2
127 204 110.1
127 262 112.1
127 271 270.3
127 288 186.2
128 43 58.1
128 52 169.2
128 61 92.1
128 91 128.2
128 94 72.1
128 148 68.1
128 165 168.2
128 185 105.2
128 204 169.2
128 205 74.1
128 224 58.1
128 225 74.1
128 251 145.2
128 262 137.2
128 268 165.2
128 281 173.2
129 36 129.2
129 88 67.1
129 89 145.2
129 112 55.1
129 159 53.1
129 160 122.19999999999999
129 176 170.3
129 183 57.1
129 195 74.1
129 197 54.1
129 198 153.2
129 210 64.1
129 215 153.2
129 242 236.29999999999998
129 254 89.1
129 261 128.2
129 273 55.1
129 291 157.2
130 0 65.1
130 20 63.1
130 81 75.1
130 144 119.2
130 168 77.1
130 224 120.19999999999999
130 228 240.29999999999998
130 238 242.29999999999998
130 249 77.1
130 252 222.29999999999998
130 266 166.2
130 280 193.2
130 284 96.1
130 286 74.1
130 287 156.2
131 15 189.2
131 18 159.2
131 19 188.2
131 38 126.19999999999999
131 97 173.2
131 146 231.29999999999998
131 151 55.1
131 163 68.1
131 174 172.2
131 202 149.2
131 208 81.1
131 243 152.2
131 279 133.2
132 1 63.1
132 6 242.29999999999998
132 13 167.2
132 22 137.2
132 29 69.1
132 83 229.29999999999998
132 84 141.2
132 92 91.1
132 94 169.2
132 102 163.2
132 150 210.29999999999998
132 181 85.1
132 196 96.1
132 206 69.1
132 227 148.2
132 247 90.1
132 275 72.1
132 289 84.1
133 13 80.1
133 23 133.2
133 24 156.2
133 43 78.1
133 51 50.1
133 79 159.2
133 102 63.1
133 156 257.29999999999995
133 169 88.1
133 172 135.2
133 193 173.3
133 222 168.2
133 250 158.2
133 272 145.2
134 42 84.1
134 81 81.1
134 180 182.2
134 181 263.29999999999995
134 206 166.2
134 207 153.2
134 219 75.1
134 235 78.1
134 247 168.2
134 255 160.2
134 257 185.2
134 265 286.29999999999995
134 275 166.2
134 289 168.2
135 14 44.1
135 34 56.1
135 41 42.1
135 54 66.1
135 60 55.1
135 61 72.1
135 67 74.1
135 91 71.1
135 96 58.1
135 101 160.2
135 121 143.2
135 138 65.1
135 141 38.1
135 165 71.1
135 185 62.1
135 246 66.1
135 253 88.1
135 256 72.1
135 262 74.1
135 281 148.2
135 288 71.1
136 59 163.2
136 61 96.19999999999999
136 67 74.1
136 75 50.1
136 81 54.1
136 106 151.2
136 110 81.1
136 115 42.1
136 117 62.1
136 159 116.2
136 170 71.1
136 184 73.1
136 210 137.2
136 211 64.1
136 251 61.1
136 256 140.2
136 283 114.2
137 12 135.2
137 26 97.1
137 69 59.1
137 70 62.1
137 78 195.29999999999998
137 119 74.1
137 123 200.2
137 153 93.1
137 167 137.2
137 179 78.1
137 196 163.2
137 205 91.1
137 235 89.1
137 248 125.19999999999999
137 258 254.29999999999998
137 260 187.2
137 267 244.29999999999998
138 35 191.29999999999998
138 76 85.1
138 80 138.2
138 101 67.1
138 121 80.1
138 135 90.1
138 143 190.29999999999998
138 154 62.1
138 157 77.1
138 199 131.2
138 223 84.1
138 236 137.2
138 238 86.1
138 239 158.2
138 259 128.2
138 278 179.2
138 286 94.1
139 1 124.2
139 28 83.1
139 31 171.2
139 56 57.1
139 64 93.1
139 65 99.1
139 69 127.19999999999999
139 72 141.2
139 74 72.1
139 87 154.2
139 105 126.19999999999999
139 119 141.2
139 123 93.1
139 142 139.2
139 232 145.2
139 235 52.1
139 276 97.1
139 285 112.1
140 57 76.1
140 59 78.1
140 61 88.1
140 66 58.1
140 85 142.2
140 86 151.2
140 106 84.1
140 111 120.2
140 117 55.1
140 127 151.2
140 147 114.2
140 152 73.1
140 195 141.2
140 216 56.1
140 242 72.1
140 256 93.1
140 271 135.2
140 288 169.2
141 2 165.2
141 33 185.2
141 38 70.1
141 46 84.1
141 73 165.2
141 74 151.2
141 82 159.2
141 90 75.1
141 98 94.1
141 135 81.1
141 148 97.1
141 153 252.29999999999998
141 158 124.1
141 174 85.1
141 186 54.1
141 197 186.2
141 203 90.1
141 217 82.1
141 273 64.1
142 1 135.2
142 20 69.1
142 22 69.1
142 31 158.2
142 48 68.1
142 56 56.1
142 60 88.1
142 69 151.2
142 70 57.1
142 72 133.2
142 74 77.1
142 87 141.2
142 102 95.1
142 104 71.1
142 105 133.2
142 119 170.2
142 139 144.2
142 197 66.1
142 230 100.1
142 232 172.2
142 233 63.1
142 237 59.1
143 16 81.1
143 18 56.1
143 35 187.3
143 57 53.1
143 80 137.2
143 85 63.1
143 138 208.29999999999998
143 157 66.1
143 166 61.1
143 177 63.1
143 199 141.2
143 207 70.1
143 228 126.19999999999999
143 236 225.29999999999998
143 239 155.2
143 245 75.1
143 269 175.2
143 278 149.2
144 16 140.2
144 19 86.1
144 76 168.2
144 103 58.1
144 115 63.1
144 130 149.2
144 168 148.2
144 190 75.1
144 200 178.2
144 201 132.2
144 241 241.29999999999998
144 249 132.2
144 266 154.2
144 286 143.2
145 3 72.1
145 4 223.29999999999998
145 8 77.1
145 14 150.2
145 26 106.1
145 33 80.1
145 47 86.1
145 48 190.2
145 53 205.2
145 83 80.1
145 88 256.29999999999995
145 90 88.1
145 100 191.2
145 103 212.29999999999998
145 112 75.1
145 113 201.2
145 237 173.2
145 261 68.1
146 1 77.1
146 15 326.29999999999995
146 18 174.2
146 19 209.2
146 33 96.1
146 38 160.2
146 48 94.1
146 68 100.1
146 69 88.1
146 97 226.29999999999998
146 131 249.29999999999998
146 197 91.1
146 202 188.2
146 241 89.1
146 243 175.2
146 247 114.1
146 265 112.1
146 279 214.2
147 58 81.1
147 71 87.1
147 80 75.1
147 85 244.29999999999998
147 86 260.29999999999995
147 100 74.1
147 111 147.2
147 115 53.1
147 117 148.2
147 127 229.29999999999998
147 140 142.2
147 195 145.2
147 237 71.1
147 242 78.1
147 245 80.1
147 269 84.1
147 271 161.2
147 288 162.2
148 41 55.1
148 51 112.19999999999999
148 63 180.2
148 76 65.1
148 91 37.1
148 95 41.1
148 101 73.1
148 121 55.1
148 128 55.1
148 141 60.1
148 165 141.2
148 177 72.1
148 205 133.2
148 224 117.19999999999999
148 225 158.2
148 274 47.1
148 276 115.19999999999999
149 54 79.1
149 62 68.1
149 67 264.29999999999995
149 75 217.29999999999998
149 106 76.1
149 108 54.1
149 110 181.2
149 121 90.1
149 184 75.1
149 198 86.1
149 211 267.29999999999995
149 215 73.1
149 234 160.2
149 251 108.1
149 253 169.2
149 254 144.2
149 283 69.1
150 4 49.1
150 6 117.2
150 13 158.2
150 22 169.3
150 24 71.1
150 83 126.19999999999999
150 94 124.19999999999999
150 102 190.29999999999998
150 132 194.29999999999998
150 158 178.2
150 167 43.1
150 172 68.1
150 192 62.1
150 197 73.1
150 208 50.1
150 209 74.1
150 227 127.19999999999999
150 233 61.1
151 3 67.1
151 26 69.1
151 28 155.2
151 30 89.1
151 41 60.1
151 44 64.1
151 47 77.1
151 62 78.1
151 70 78.1
151 81 81.1
151 85 82.1
151 87 70.1
151 111 66.1
151 113 75.1
151 120 62.1
151 125 133.2
151 131 88.1
151 170 62.1
151 194 85.1
151 198 85.1
151 203 67.1
151 207 73.1
151 214 67.1
151 239 120.1
151 263 64.1
151 267 89.1
151 270 237.2
152 31 63.1
152 34 68.1
152 54 165.2
152 57 85.1
152 61 98.1
152 65 98.1
152 75 63.1
152 86 94.1
152 96 160.2
152 102 84.1
152 121 90.1
152 140 89.1
152 170 150.2
152 171 259.3
152 183 154.2
152 184 138.2
152 242 98.1
152 246 149.2
152 256 91.1
153 2 153.2
153 33 271.29999999999995
153 39 99.1
153 40 78.1
153 68 82.1
153 72 71.1
153 73 179.2
153 74 190.2
153 82 162.2
153 137 111.1
153 141 252.29999999999998
153 162 74.1
153 179 88.1
153 192 83.1
153 194 99.1
153 197 164.2
153 235 80.1
153 248 114.1
153 258 88.1
154 7 90.1
154 28 64.1
154 51 69.1
154 56 188.29999999999998
154 58 205.29999999999998
154 61 86.1
154 85 60.1
154 87 67.1
154 114 139.2
154 138 69.1
154 175 171.2
154 190 214.29999999999998
154 196 86.1
154 215 101.1
154 219 75.1
154 240 155.2
154 244 130.2
154 245 181.2
154 249 82.1
155 0 162.2
155 9 177.3
155 25 139.2
155 27 188.2
155 32 97.1
155 45 147.2
155 55 225.29999999999998
155 69 79.1
155 107 68.1
155 109 147.2
155 120 144.2
155 124 74.1
155 164 134.2
155 217 68.1
155 264 83.1
155 265 90.1
155 292 84.1
156 3 86.1
156 23 144.2
156 24 187.2
156 39 115.1
156 79 194.2
156 93 90.1
156 113 92.1
156 126 78.1
156 133 247.29999999999998
156 161 80.1
156 172 195.2
156 173 79.1
156 193 129.2
156 212 97.1
156 250 188.2
156 267 101.1
156 270 125.1
156 272 197.2
157 3 77.1
157 30 76.1
157 35 75.1
157 42 156.2
157 50 173.2
157 115 178.2
157 138 79.1
157 143 68.1
157 166 83.1
157 182 167.2
157 214 152.2
157 219 265.29999999999995
157 223 92.1
157 236 79.1
157 239 77.1
157 259 192.2
157 272 71.1
157 278 70.1
157 291 88.1
158 9 91.1
158 26 101.1
158 27 100.1
158 30 202.2
158 33 122.1
158 46 91.1
158 51 156.2
158 77 169.2
158 78 77.1
158 97 83.1
158 104 91.1
158 141 98.1
158 150 159.2
158 177 66.1
158 182 89.1
158 186 66.1
158 191 140.2
158 208 117.1
158 213 87.1
158 226 62.1
158 229 181.2
158 263 75.1
159 0 54.1
159 36 63.1
159 41 46.1
159 59 118.2
159 61 106.2
159 106 121.19999999999999
159 110 54.1
159 129 59.1
159 136 150.2
159 170 57.1
159 171 49.1
159 210 95.2
159 213 69.1
159 253 45.1
159 256 130.2
159 271 43.1
159 283 125.19999999999999
160 34 70.1
160 36 143.2
160 47 69.1
160 52 116.1
160 53 87.1
160 59 88.1
160 68 71.1
160 86 82.1
160 89 210.29999999999998
160 114 68.1
160 129 151.2
160 176 137.2
160 198 159.2
160 215 165.2
160 242 171.2
160 261 136.2
160 291 139.2
161 28 60.1
161 46 139.2
161 64 53.1
161 68 142.2
161 71 74.1
161 98 137.2
161 107 219.29999999999998
161 111 75.1
161 120 61.1
161 123 92.1
161 156 92.1
161 163 134.2
161 192 131.2
161 212 124.19999999999999
161 229 64.1
161 233 140.2
161 265 83.1
161 289 107.1
162 9 58.1
162 17 157.2
162 42 94.1
162 153 72.1
162 177 155.2
162 182 76.1
162 186 79.1
162 191 45.1
162 194 86.1
162 203 159.2
162 208 90.1
162 213 186.3
162 220 105.1
162 221 69.1
162 223 183.2
162 226 163.2
162 241 97.1
162 273 170.2
162 292 81.1
163 15 66.1
163 24 59.1
163 29 67.1
163 46 255.29999999999998
163 68 137.2
163 79 75.1
163 98 117.2
163 99 75.1
163 107 111.2
163 120 66.1
163 131 72.1
163 161 137.2
163 192 141.2
163 199 74.1
163 212 119.2
163 229 63.1
163 233 195.29999999999998
163 247 78.1
163 250 64.1
164 0 161.2
164 3 77.1
164 4 68.1
164 9 219.29999999999998
164 25 219.29999999999998
164 27 193.2
164 31 61.1
164 45 129.2
164 46 94.1
164 55 170.2
164 61 92.1
164 74 62.1
164 87 82.1
164 109 158.2
164 120 158.2
164 122 74.1
164 155 143.2
164 203 65.1
164 219 69.1
164 271 91.1
165 34 57.1
165 67 69.1
165 91 159.2
165 96 58.1
165 116 36.1
165 128 170.2
165 135 54.1
165 148 169.2
165 184 65.1
165 185 165.2
165 196 72.1
165 204 142.2
165 251 187.2
165 262 155.2
165 268 155.2
165 281 161.2
166 3 150.2
166 6 82.1
166 8 227.29999999999998
166 16 60.1
166 20 145.2
166 28 70.1
166 29 145.2
166 35 61.1
166 49 141.2
166 81 167.2
166 83 71.1
166 97 84.1
166 108 79.1
166 116 154.2
166 143 72.1
166 157 88.1
166 178 69.1
166 200 94.1
166 228 101.1
166 246 75.1
167 64 84.1
167 78 100.2
167 108 60.1
167 114 50.1
167 123 75.1
167 137 141.2
167 150 58.1
167 188 61.1
167 193 66.1
167 196 158.2
167 225 72.1
167 248 135.2
167 258 138.2
167 260 170.29999999999998
167 267 160.2
167 270 83.1
167 273 88.1
168 8 52.1
168 39 80.1
168 71 112.1
168 76 81.1
168 80 71.1
168 92 70.1
168 116 82.1
168 130 93.1
168 144 137.2
168 200 237.29999999999998
168 201 140.2
168 213 88.1
168 241 153.2
168 249 137.2
168 266 140.2
168 286 161.2
169 40 133.2
169 47 239.29999999999998
169 66 115.19999999999999
169 84 116.2
169 86 81.1
169 93 68.1
169 99 151.2
169 102 59.1
169 133 77.1
169 173 67.1
169 186 65.1
169 187 152.2
169 209 151.2
169 216 61.1
169 222 263.29999999999995
169 230 134.2
169 290 71.1
170 28 68.1
170 41 64.1
170 44 106.2
170 54 221.29999999999998
170 67 78.1
170 75 67.1
170 80 66.1
170 96 110.2
170 109 52.1
170 125 58.1
170 136 97.1
170 151 61.1
170 152 152.2
170 159 53.1
170 171 129.2
170 183 208.29999999999998
170 184 140.2
170 246 128.2
171 20 69.1
171 22 77.1
171 25 54.1
171 41 58.1
171 54 143.2
171 67 65.1
171 73 67.1
171 96 215.29999999999998
171 102 75.1
171 104 58.1
171 123 81.1
171 152 269.29999999999995
171 159 46.1
171 170 127.19999999999999
171 183 126.19999999999999
171 184 139.2
171 200 88.1
171 211 84.1
171 246 128.2
171 251 68.1
172 4 63.1
172 23 197.3
172 24 141.2
172 52 82.1
172 79 253.29999999999998
172 93 80.1
172 96 67.1
172 133 131.2
172 150 66.1
172 156 171.2
172 179 51.1
172 193 122.19999999999999
172 216 58.1
172 250 168.2
172 260 72.1
172 272 167.2
172 290 67.1
173 3 80.1
173 21 143.2
173 39 135.2
173 40 70.1
173 46 79.1
173 47 56.1
173 60 70.1
173 79 78.1
173 86 95.1
173 93 233.29999999999998
173 99 102.1
173 117 82.1
173 126 151.2
173 156 87.1
173 169 71.1
173 193 60.1
173 206 87.1
173 216 114.19999999999999
173 241 85.1
173 250 96.1
173 270 288.29999999999995
173 290 155.2
174 13 70.1
174 32 156.2
174 74 52.1
174 89 63.1
174 118 119.19999999999999
174 131 150.2
174 141 51.1
174 188 122.19999999999999
174 189 125.19999999999999
174 208 124.2
174 218 119.2
174 221 198.29999999999998
174 231 142.2
174 250 88.1
174 264 123.2
174 279 156.2
175 5 71.1
175 28 68.1
175 31 60.1
175 51 64.1
175 56 142.2
175 58 129.2
175 87 66.1
175 97 73.1
175 114 138.2
175 154 123.19999999999999
175 190 125.19999999999999
175 240 126.2
175 244 157.2
175 245 231.29999999999998
175 260 92.1
175 276 98.1
176 29 69.1
176 36 150.2
176 66 71.1
176 89 235.29999999999998
176 90 84.1
176 91 67.1
176 115 82.1
176 121 77.1
176 129 220.29999999999998
176 160 169.2
176 194 68.1
176 198 199.2
176 215 149.2
176 223 101.1
176 241 81.1
176 242 177.2
176 261 121.19999999999999
176 291 165.2
177 7 86.1
177 11 49.1
177 17 145.2
177 62 80.1
177 92 108.1
177 108 69.1
177 143 72.1
177 148 86.1
177 158 75.1
177 162 166.2
177 191 68.1
177 203 143.2
177 213 137.2
177 214 65.1
177 223 188.2
177 226 160.2
177 231 67.1
177 244 62.1
177 282 81.1
178 11 148.2
178 38 65.1
178 52 89.1
178 63 156.2
178 70 75.1
178 81 67.1
178 91 108.1
178 92 159.2
178 95 63.1
178 101 75.1
178 166 52.1
178 180 210.29999999999998
178 202 88.1
178 205 137.2
178 207 215.29999999999998
178 224 82.1
178 274 136.2
178 275 72.1
178 285 205.2
179 28 79.1
179 37 265.29999999999995
179 70 134.2
179 71 252.29999999999998
179 79 155.2
179 82 77.1
179 104 143.2
179 125 64.1
179 137 76.1
179 153 58.1
179 172 57.1
179 187 84.1
179 191 121.2
179 194 179.2
179 196 162.2
179 217 142.2
179 235 197.29999999999998
180 11 246.29999999999998
180 56 52.1
180 63 296.29999999999995
180 65 99.1
180 92 225.29999999999998
180 122 58.1
180 134 167.2
180 178 209.29999999999998
180 205 80.1
180 207 166.2
180 219 56.1
180 274 143.2
180 282 70.1
180 285 208.2
181 50 70.1
181 55 51.1
181 72 71.1
181 132 54.1
181 134 260.29999999999995
181 202 72.1
181 206 165.2
181 247 149.2
181 255 136.2
181 258 77.1
181 265 153.2
181 275 171.2
181 282 155.2
181 289 148.2
181 292 152.2
182 0 70.1
182 11 76.1
182 17 70.1
182 42 211.29999999999998
182 49 81.1
182 50 262.29999999999995
182 90 74.1
182 96 62.1
182 110 75.1
182 115 150.2
182 157 163.2
182 158 92.1
182 162 80.1
182 185 70.1
182 214 192.2
182 219 184.2
182 249 76.1
182 259 252.29999999999998
183 0 85.1
183 5 76.1
183 10 79.1
183 17 101.1
183 18 64.1
183 35 97.1
183 54 182.2
183 96 212.29999999999998
183 112 79.1
183 125 78.1
183 129 81.1
183 152 185.2
183 170 248.29999999999998
183 171 180.2
183 184 158.2
183 210 77.1
183 213 85.1
183 230 96.1
183 239 111.1
183 246 241.29999999999998
183 261 57.1
184 44 54.1
184 52 73.1
184 54 118.19999999999999
184 67 53.1
184 96 179.3
184 106 77.1
184 127 65.1
184 136 53.1
184 149 56.1
184 152 157.2
184 165 74.1
184 170 117.19999999999999
184 171 112.2
184 183 117.2
184 185 48.1
184 195 69.1
184 211 79.1
184 246 133.2
184 278 53.1
185 29 70.1
185 54 66.1
185 81 50.1
185 91 185.2
185 96 62.1
185 128 139.2
185 135 82.1
185 165 189.2
185 182 59.1
185 184 61.1
185 204 146.2
185 251 270.29999999999995
185 253 70.1
185 262 121.2
185 268 174.2
185 271 59.1
185 281 125.19999999999999
186 17 83.1
186 38 60.1
186 42 64.1
186 43 72.1
186 65 83.1
186 77 199.29999999999998
186 120 65.1
186 141 55.1
186 158 75.1
186 162 68.1
186 169 66.1
186 189 88.1
186 191 112.2
186 194 91.1
186 218 102.2
186 220 254.29999999999998
186 226 133.2
186 229 154.2
186 233 48.1
186 248 60.1
186 255 73.1
187 4 39.1
187 39 81.1
187 40 97.2
187 47 134.2
187 54 84.1
187 66 173.3
187 82 76.1
187 84 128.2
187 99 131.2
187 126 63.1
187 169 129.2
187 179 77.1
187 193 65.1
187 209 131.2
187 222 116.2
187 230 118.19999999999999
187 272 93.1
188 32 146.2
188 42 69.1
188 51 77.1
188 68 74.1
188 98 88.1
188 103 70.1
188 118 142.2
188 124 144.2
188 167 49.1
188 174 113.2
188 189 130.2
188 208 122.19999999999999
188 221 145.2
188 247 158.2
188 258 71.1
188 264 150.2
188 290 79.1
188 292 124.19999999999999
189 16 55.1
189 32 249.29999999999998
189 56 59.1
189 72 77.1
189 98 65.1
189 118 126.19999999999999
189 124 165.2
189 174 142.2
189 186 83.1
189 188 120.2
189 206 95.1
189 208 166.2
189 218 141.2
189 221 147.2
189 247 66.1
189 248 56.1
189 264 146.2
189 287 176.2
190 10 89.1
190 28 65.1
190 37 51.1
190 56 118.19999999999999
190 58 131.2
190 64 87.1
190 68 58.1
190 90 83.1
190 108 59.1
190 114 204.29999999999998
190 144 63.1
190 154 160.3
190 175 142.2
190 196 77.1
190 240 141.2
190 244 107.2
190 245 145.2
190 277 92.1
190 284 75.1
191 0 61.1
191 58 80.1
191 65 88.1
191 68 54.1
191 77 176.29999999999998
191 101 94.1
191 124 61.1
191 158 152.2
191 162 51.1
191 177 66.1
191 179 140.2
191 186 128.2
191 205 90.1
191 218 129.2
191 220 157.2
191 229 164.2
191 241 81.1
191 257 92.1
192 15 64.1
192 35 38.1
192 43 77.1
192 46 166.2
192 53 73.1
192 68 131.2
192 74 60.1
192 94 58.1
192 98 118.19999999999999
192 107 112.2
192 150 53.1
192 153 73.1
192 161 124.19999999999999
192 163 98.2
192 208 96.1
192 212 124.19999999999999
192 233 133.2
192 264 72.1
192 279 73.1
193 21 73.1
193 23 183.29999999999998
193 24 193.29999999999998
193 51 122.19999999999999
193 79 139.2
193 88 53.1
193 126 51.1
193 133 188.29999999999998
193 156 166.2
193 167 68.1
193 172 121.2
193 173 63.1
193 187 71.1
193 250 141.2
193 272 142.2
193 290 77.1
194 26 111.1
194 37 178.2
194 62 104.1
194 70 161.2
194 71 167.2
194 95 77.1
194 104 168.2
194 115 79.1
194 151 82.1
194 153 97.1
194 162 94.1
194 176 70.1
194 179 136.2
194 186 63.1
194 217 132.2
194 219 96.1
194 226 77.1
194 235 226.29999999999998
194 259 75.1
195 5 69.1
195 64 69.1
195 67 55.1
195 85 139.2
195 86 155.2
195 91 72.1
195 96 44.1
195 111 143.2
195 117 167.3
195 127 134.2
195 129 71.1
195 140 188.2
195 147 126.19999999999999
195 184 64.1
195 215 68.1
195 271 126.19999999999999
195 288 151.2
196 51 78.1
196 78 154.2
196 132 54.1
196 137 174.2
196 154 78.1
196 165 103.1
196 167 166.2
196 179 151.2
196 190 84.1
196 229 71.1
196 240 68.1
196 248 183.2
196 258 219.2
196 260 195.2
196 267 172.2
196 276 97.1
197 2 140.2
197 6 68.1
197 14 54.1
197 33 261.29999999999995
197 40 70.1
197 73 157.2
197 74 163.2
197 82 142.2
197 95 85.1
197 102 68.1
197 113 87.1
197 119 57.1
197 129 72.1
197 141 184.2
197 142 67.1
197 146 66.1
197 150 72.1
197 153 145.2
197 250 82.1
197 257 105.1
198 36 161.2
198 48 83.1
198 64 96.1
198 69 81.1
198 89 151.2
198 90 80.1
198 121 86.1
198 129 154.2
198 149 83.1
198 151 63.1
198 160 167.2
198 176 154.2
198 215 185.2
198 242 193.2
198 251 104.1
198 261 155.3
198 291 250.29999999999998
199 8 46.1
199 20 69.1
199 35 110.2
199 76 69.1
199 80 137.2
199 101 97.1
199 120 79.1
199 138 123.2
199 143 121.19999999999999
199 163 80.1
199 213 67.1
199 224 75.1
199 228 151.2
199 236 197.29999999999998
199 238 75.1
199 239 210.29999999999998
199 278 148.2
200 5 81.1
200 78 68.1
200 120 91.1
200 144 159.2
200 166 98.1
200 168 247.29999999999998
200 171 92.1
200 201 169.2
200 209 88.1
200 223 79.1
200 241 285.29999999999995
200 244 79.1
200 249 231.29999999999998
200 266 160.2
200 282 70.1
200 286 173.2
201 4 71.1
201 28 56.1
201 82 56.1
201 92 71.1
201 116 64.1
201 119 68.1
201 144 144.2
201 168 137.2
201 200 171.2
201 224 74.1
201 241 239.29999999999998
201 249 138.2
201 266 138.2
201 271 63.1
201 280 95.1
201 286 250.29999999999998
202 15 219.29999999999998
202 18 196.29999999999998
202 19 186.2
202 38 138.2
202 97 125.19999999999999
202 98 67.1
202 118 56.1
202 131 141.2
202 146 137.2
202 178 60.1
202 181 58.1
202 218 69.1
202 243 160.2
202 276 72.1
202 279 134.2
202 289 64.1
203 1 101.1
203 7 83.1
203 17 243.29999999999998
203 20 67.1
203 25 97.1
203 47 92.1
203 49 74.1
203 50 81.1
203 62 95.1
203 87 79.1
203 100 75.1
203 122 83.1
203 125 87.1
203 141 92.1
203 151 81.1
203 162 191.2
203 164 62.1
203 177 140.2
203 213 148.2
203 223 190.2
203 226 239.29999999999998
203 284 76.1
204 27 58.1
204 35 73.1
204 60 71.1
204 91 139.2
204 93 56.1
204 96 65.1
204 127 91.1
204 128 155.2
204 165 172.2
204 185 152.2
204 236 61.1
204 246 66.1
204 251 167.2
204 254 80.1
204 262 141.2
204 268 200.2
204 270 107.1
204 281 176.2
205 2 66.1
205 11 226.29999999999998
205 28 60.1
205 29 61.1
205 63 188.2
205 92 209.29999999999998
205 128 68.1
205 137 77.1
205 148 167.2
205 178 145.2
205 180 79.1
205 191 47.1
205 207 162.2
205 274 131.2
205 281 79.1
205 282 81.1
205 285 158.2
206 62 61.1
206 78 45.1
206 84 68.1
206 124 135.2
206 132 56.1
206 134 164.2
206 173 77.1
206 181 177.2
206 189 74.1
206 235 49.1
206 247 129.2
206 248 74.1
206 255 159.2
206 265 270.29999999999995
206 275 170.2
206 289 156.2
206 292 52.1
207 10 68.1
207 11 135.2
207 63 220.2
207 92 149.2
207 134 154.2
207 143 61.1
207 151 52.1
207 178 193.29999999999998
207 180 146.2
207 205 144.2
207 238 68.1
207 274 146.2
207 285 190.2
208 32 299.29999999999995
208 54 82.1
208 77 129.2
208 79 75.1
208 82 84.1
208 93 81.1
208 100 84.1
208 118 215.29999999999998
208 131 73.1
208 150 52.1
208 158 116.1
208 162 79.1
208 174 121.19999999999999
208 188 141.2
208 189 166.2
208 192 95.1
208 212 71.1
208 221 168.2
208 264 152.2
209 40 130.2
209 47 132.2
209 65 99.1
209 66 123.19999999999999
209 84 135.2
209 99 242.29999999999998
209 102 65.1
209 113 70.1
209 126 67.1
209 150 66.1
209 169 144.2
209 187 138.2
209 200 86.1
209 222 154.2
209 230 110.2
209 283 90.1
210 30 69.1
210 59 169.2
210 61 136.2
210 75 57.1
210 80 91.1
210 106 129.2
210 110 78.1
210 112 71.1
210 113 70.1
210 125 55.1
210 129 56.1
210 136 127.19999999999999
210 159 86.2
210 183 61.1
210 253 80.1
210 254 69.1
210 256 140.2
210 261 55.1
210 283 127.19999999999999
211 17 67.1
211 36 65.1
211 67 84.2
211 75 143.2
211 107 69.1
211 110 156.2
211 136 61.1
211 149 217.29999999999998
211 171 79.1
211 184 73.1
211 214 89.1
211 234 157.2
211 243 75.1
211 253 125.19999999999999
211 254 142.2
211 262 74.1
211 271 90.1
212 6 65.1
212 33 87.1
212 46 235.29999999999998
212 68 171.2
212 73 82.1
212 81 59.1
212 98 135.2
212 107 141.2
212 115 68.1
212 125 45.1
212 126 51.1
212 156 85.1
212 161 132.2
212 163 125.19999999999999
212 192 134.2
212 208 81.1
212 233 117.2
212 258 80.1
212 283 67.1
213 16 81.1
213 17 202.29999999999998
213 29 57.1
213 45 83.1
213 87 74.1
213 116 155.2
213 158 86.1
213 159 58.1
213 162 236.29999999999998
213 168 87.1
213 177 142.2
213 183 67.1
213 199 75.1
213 203 129.2
213 223 167.2
213 226 126.19999999999999
213 252 92.1
213 276 92.1
213 280 103.1
214 11 87.1
214 17 81.1
214 30 182.2
214 42 219.29999999999998
214 50 122.2
214 65 182.2
214 97 73.1
214 109 82.1
214 115 123.19999999999999
214 151 59.1
214 157 134.2
214 177 82.1
214 182 188.2
214 211 94.1
214 219 120.2
214 259 143.2
214 263 64.1
215 1 66.1
215 36 197.29999999999998
215 64 56.1
215 85 81.1
215 89 152.2
215 96 60.1
215 121 59.1
215 125 72.1
215 129 164.2
215 149 75.1
215 154 83.1
215 160 132.2
215 176 117.19999999999999
215 195 75.1
215 198 154.2
215 242 158.2
215 261 131.2
215 291 148.2
216 4 64.1
216 13 70.1
216 21 134.2
216 24 92.1
216 39 126.19999999999999
216 43 80.1
216 52 178.2
216 89 76.1
216 93 135.2
216 126 190.3
216 140 95.1
216 169 68.1
216 172 71.1
216 173 137.2
216 270 211.2
216 272 76.1
216 290 220.29999999999998
217 2 61.1
217 37 212.29999999999998
217 48 75.1
217 50 64.1
217 68 75.1
217 69 58.1
217 70 120.19999999999999
217 71 136.2
217 78 68.1
217 104 128.2
217 107 69.1
217 122 63.1
217 141 74.1
217 155 87.1
217 179 136.2
217 194 131.2
217 226 59.1
217 229 65.1
217 235 122.2
217 254 81.1
217 255 79.1
217 259 60.1
218 39 66.1
218 66 52.1
218 68 63.1
218 77 118.2
218 124 73.1
218 174 128.2
218 186 118.19999999999999
218 189 146.2
218 191 115.2
218 202 84.1
218 220 247.29999999999998
218 229 161.2
218 264 142.2
218 292 126.19999999999999
219 6 91.1
219 42 261.29999999999995
219 45 99.1
219 50 156.2
219 55 105.1
219 77 97.1
219 115 146.2
219 134 87.1
219 154 66.1
219 157 270.29999999999995
219 164 76.1
219 180 93.1
219 182 172.2
219 194 90.1
219 214 160.2
219 230 90.1
219 259 153.2
219 279 72.1
219 282 84.1
220 6 84.1
220 38 84.1
220 42 69.1
220 77 190.2
220 117 69.1
220 118 71.1
220 124 79.1
220 162 104.1
220 186 221.29999999999998
220 191 144.2
220 218 262.29999999999995
220 229 181.2
220 264 172.2
220 265 193.2
220 277 81.1
220 287 79.1
220 289 88.1
221 9 65.1
221 11 80.1
221 32 201.2
221 43 217.29999999999998
221 77 125.19999999999999
221 118 223.29999999999998
221 124 150.2
221 162 57.1
221 174 215.29999999999998
221 188 152.2
221 189 136.2
221 208 153.2
221 264 151.2
221 274 84.1
221 292 134.2
222 1 61.1
222 13 157.2
222 40 139.2
222 47 148.2
222 64 80.1
222 66 131.2
222 74 67.1
222 84 161.2
222 99 199.2
222 102 125.19999999999999
222 133 180.2
222 169 263.29999999999995
222 187 138.2
222 209 169.2
222 230 151.2
223 2 99.1
223 9 76.1
223 17 194.2
223 28 90.1
223 35 79.1
223 49 106.1
223 115 84.1
223 138 103.1
223 157 105.1
223 162 185.2
223 176 52.1
223 177 163.2
223 200 82.1
223 203 168.2
223 213 149.2
223 226 161.2
223 241 104.1
223 259 97.1
223 263 57.1
223 278 96.1
223 286 90.1
224 52 69.1
224 128 56.1
224 130 125.19999999999999
224 148 123.19999999999999
224 178 79.1
224 199 67.1
224 201 68.1
224 228 175.3
224 238 118.2
224 252 137.2
224 268 77.1
224 274 55.1
224 277 82.1
224 280 159.2
224 285 83.1
224 287 213.29999999999998
225 11 55.1
225 43 87.1
225 51 148.2
225 58 56.1
225 76 105.1
225 101 86.1
225 114 87.1
225 121 100.1
225 123 157.2
225 128 75.1
225 148 212.2
225 167 77.1
225 235 68.1
225 236 95.1
225 248 72.1
225 257 139.2
225 274 145.2
225 276 104.1
225 284 70.1
226 2 74.1
226 17 188.2
226 31 75.1
226 45 74.1
226 47 86.1
226 61 79.1
226 70 68.1
226 95 80.1
226 113 88.1
226 122 73.1
226 158 70.1
226 162 173.2
226 177 160.2
226 186 165.2
226 194 84.1
226 203 227.29999999999998
226 213 129.2
226 217 77.1
226 223 164.2
226 255 84.1
226 259 89.1
226 282 85.1
227 6 112.2
227 7 64.1
227 13 167.2
227 16 48.1
227 22 167.2
227 24 71.1
227 52 78.1
227 60 55.1
227 83 200.29999999999998
227 94 148.2
227 102 138.2
227 132 133.2
227 150 112.2
227 260 59.1
227 290 91.1
228 16 109.2
228 35 71.1
228 76 68.1
228 130 221.29999999999998
228 143 128.2
228 166 62.1
228 199 132.2
228 224 206.29999999999998
228 238 156.2
228 252 137.2
228 266 53.1
228 268 75.1
228 280 264.29999999999995
228 287 132.2
229 29 65.1
229 77 230.29999999999998
229 98 146.2
229 118 144.2
229 122 161.2
229 123 95.1
229 158 177.2
229 161 73.1
229 163 60.1
229 186 140.2
229 191 146.2
229 196 76.1
229 217 76.1
229 218 157.2
229 220 178.2
229 287 72.1
230 0 63.1
230 40 175.29999999999998
230 46 86.1
230 47 150.2
230 48 82.1
230 59 61.1
230 66 114.2
230 84 130.2
230 99 147.2
230 142 53.1
230 169 149.2
230 183 63.1
230 187 128.2
230 209 136.2
230 219 75.1
230 222 143.2
230 239 86.1
230 254 92.1
231 10 152.2
231 27 88.1
231 51 89.1
231 76 66.1
231 82 77.1
231 102 59.1
231 122 140.2
231 174 166.2
231 177 64.1
231 238 176.2
231 241 74.1
231 245 72.1
231 257 169.2
231 269 155.2
231 282 151.2
231 284 200.29999999999998
231 285 99.1
232 1 132.2
232 8 62.1
232 26 191.2
232 31 145.2
232 36 75.1
232 56 71.1
232 69 139.2
232 72 168.2
232 80 83.1
232 87 138.2
232 90 76.1
232 105 118.2
232 119 127.19999999999999
232 139 134.2
232 142 122.19999999999999
232 238 96.1
233 46 168.2
233 53 75.1
233 68 143.2
233 73 80.1
233 82 69.1
233 84 58.1
233 94 58.1
233 98 135.2
233 100 62.1
233 107 146.2
233 142 54.1
233 150 71.1
233 161 151.2
233 163 180.29999999999998
233 186 64.1
233 192 159.2
233 212 111.2
233 290 85.1
234 3 74.1
234 49 79.1
234 67 133.2
234 75 236.29999999999998
234 76 81.1
234 80 74.1
234 81 77.1
234 101 148.2
234 110 272.29999999999995
234 121 79.1
234 149 165.2
234 211 173.2
234 253 162.2
234 254 181.2
234 268 192.2
234 278 98.1
235 6 85.1
235 18 58.1
235 32 69.1
235 37 135.2
235 70 131.2
235 71 145.2
235 72 72.1
235 82 57.1
235 98 63.1
235 104 124.19999999999999
235 134 99.1
235 137 94.1
235 139 66.1
235 153 66.1
235 179 181.29999999999998
235 194 213.29999999999998
235 206 81.1
235 217 120.2
235 225 74.1
235 258 72.1
236 18 58.1
236 35 128.2
236 76 86.1
236 80 164.2
236 89 54.1
236 101 95.1
236 104 75.1
236 138 146.2
236 143 222.29999999999998
236 157 72.1
236 199 234.29999999999998
236 204 72.1
236 225 98.1
236 238 79.1
236 239 153.2
236 259 78.1
236 278 235.29999999999998
236 281 78.1
236 291 94.1
237 4 103.2
237 14 136.2
237 22 70.1
237 40 64.1
237 48 134.2
237 53 164.2
237 88 147.2
237 100 140.2
237 103 177.29999999999998
237 105 47.1
237 113 139.2
237 116 61.1
237 119 61.1
237 142 62.1
237 145 128.2
237 147 76.1
237 273 80.1
237 290 72.1
238 63 104.1
238 65 105.1
238 87 61.1
238 130 221.29999999999998
238 138 65.1
238 199 88.1
238 207 84.1
238 224 117.2
238 228 135.2
238 231 173.2
238 232 89.1
238 236 82.1
238 252 123.19999999999999
238 280 156.2
238 286 66.1
238 287 163.2
239 14 65.1
239 35 128.2
239 65 128.1
239 80 157.2
239 138 159.2
239 143 157.2
239 151 85.1
239 157 69.1
239 183 91.1
239 199 200.3
239 230 63.1
239 236 149.2
239 246 86.1
239 256 76.1
239 278 176.2
239 284 82.1
239 291 77.1
240 31 57.1
240 56 205.29999999999998
240 58 148.2
240 64 82.1
240 71 74.1
240 105 69.1
240 114 178.2
240 119 76.1
240 154 141.2
240 175 146.2
240 190 145.2
240 196 90.1
240 244 231.29999999999998
240 245 148.2
240 260 78.1
240 276 108.1
241 10 97.1
241 25 78.1
241 32 101.1
241 42 111.1
241 144 263.29999999999995
241 146 79.1
241 162 103.1
241 168 142.2
241 173 69.1
241 176 73.1
241 191 73.1
241 200 254.29999999999998
241 201 246.29999999999998
241 223 108.1
241 231 87.1
241 245 104.1
241 249 153.2
241 266 143.2
241 286 124.2
242 36 166.2
242 60 75.1
242 86 79.1
242 89 150.2
242 129 236.29999999999998
242 140 73.1
242 147 76.1
242 152 90.1
242 160 152.2
242 176 128.2
242 198 158.2
242 215 162.2
242 252 90.1
242 261 134.2
242 291 164.2
243 15 241.29999999999998
243 18 139.2
243 19 166.2
243 38 126.19999999999999
243 55 66.1
243 97 147.2
243 120 63.1
243 131 155.2
243 146 157.2
243 202 152.2
243 211 73.1
243 263 55.1
243 279 122.19999999999999
243 280 168.2
244 1 70.1
244 7 68.1
244 12 65.1
244 16 65.1
244 45 83.1
244 56 111.2
244 58 131.2
244 62 134.2
244 70 61.1
244 77 62.1
244 114 150.2
244 154 127.19999999999999
244 175 147.2
244 177 70.1
244 190 138.2
244 200 78.1
244 240 254.29999999999998
244 245 157.2
245 2 85.1
245 51 76.1
245 56 187.29999999999998
245 58 118.19999999999999
245 108 69.1
245 114 129.2
245 143 68.1
245 147 74.1
245 154 156.2
245 175 232.29999999999998
245 190 141.2
245 231 87.1
245 240 167.2
245 241 93.1
245 244 162.2
245 254 90.1
245 276 90.1
245 284 96.1
246 42 50.1
246 54 126.19999999999999
246 57 61.1
246 60 48.1
246 85 64.1
246 86 70.1
246 96 93.2
246 106 69.1
246 117 51.1
246 135 73.1
246 152 138.2
246 166 59.1
246 170 114.2
246 171 117.2
246 183 190.29999999999998
246 184 133.2
246 204 76.1
246 239 78.1
246 291 73.1
247 6 74.1
247 55 81.1
247 84 58.1
247 107 79.1
247 132 82.1
247 134 181.2
247 146 79.1
247 163 103.1
247 181 145.2
247 188 155.2
247 189 99.1
247 206 152.2
247 255 248.29999999999998
247 265 252.29999999999998
247 275 258.29999999999995
247 289 169.2
248 51 53.1
248 70 68.1
248 78 109.2
248 95 57.1
248 123 74.1
248 137 129.2
248 153 74.1
248 167 124.19999999999999
248 186 50.1
248 189 70.1
248 196 160.2
248 206 62.1
248 225 65.1
248 258 151.2
248 260 149.2
248 267 174.29999999999998
248 269 132.2
249 3 84.1
249 26 88.1
249 45 76.1
249 46 88.1
249 118 145.2
249 130 82.1
249 144 118.19999999999999
249 154 70.1
249 168 150.2
249 182 77.1
249 200 233.29999999999998
249 201 153.2
249 241 178.2
249 257 87.1
249 259 78.1
249 266 203.29999999999998
249 269 90.1
249 282 86.1
249 286 146.2
250 23 109.2
250 24 127.19999999999999
250 43 116.19999999999999
250 53 70.1
250 73 59.1
250 78 48.1
250 79 109.19999999999999
250 101 47.1
250 133 121.19999999999999
250 156 151.2
250 163 50.1
250 172 128.2
250 173 61.1
250 174 72.1
250 193 102.2
250 197 59.1
250 272 139.2
250 292 60.1
251 5 63.1
251 76 90.1
251 91 143.2
251 112 60.1
251 128 150.2
251 136 75.1
251 149 94.1
251 165 186.2
251 171 66.1
251 185 278.29999999999995
251 198 80.1
251 204 145.2
251 262 189.29999999999998
251 268 175.2
251 281 152.2
251 285 184.2
252 20 65.1
252 42 65.1
252 57 67.1
252 76 155.2
252 81 69.1
252 92 76.1
252 115 61.1
252 130 253.29999999999998
252 213 65.1
252 224 155.2
252 228 126.2
252 238 167.2
252 242 73.1
252 266 57.1
252 277 78.1
252 280 136.2
252 287 148.2
253 48 68.1
253 67 137.2
253 75 194.29999999999998
253 80 62.1
253 94 61.1
253 110 136.2
253 121 85.1
253 135 83.1
253 149 178.2
253 159 52.1
253 185 67.1
253 210 63.1
253 211 173.2
253 234 150.2
253 254 148.2
253 278 81.1
254 50 81.1
254 67 199.29999999999998
254 75 139.2
254 76 79.1
254 110 175.2
254 112 78.1
254 121 86.1
254 129 77.1
254 149 165.2
254 204 70.1
254 210 70.1
254 211 173.2
254 217 65.1
254 230 84.1
254 234 145.2
254 245 78.1
254 253 166.2
254 272 79.1
254 274 78.1
254 283 91.1
255 14 58.1
255 31 62.1
255 95 73.1
255 118 141.2
255 134 164.2
255 181 150.2
255 186 54.1
255 206 171.2
255 217 62.1
255 226 63.1
255 247 244.29999999999998
255 264 173.2
255 265 198.2
255 275 160.2
255 289 232.29999999999998
256 8 59.1
256 16 62.1
256 57 54.1
256 59 170.2
256 60 43.1
256 61 181.2
256 106 184.2
256 110 54.1
256 135 75.1
256 136 165.2
256 140 74.1
256 152 74.1
256 159 127.19999999999999
256 210 125.2
256 239 72.1
256 283 150.2
256 288 53.1
257 10 288.29999999999995
257 51 164.2
257 77 162.2
257 116 77.1
257 122 152.2
257 134 207.2
257 191 93.1
257 197 107.1
257 225 154.2
257 231 207.2
257 249 88.1
257 269 168.2
257 273 85.1
257 282 193.2
257 284 244.29999999999998
258 62 74.1
258 65 96.1
258 72 76.1
258 78 169.2
258 123 94.1
258 137 249.29999999999998
258 153 80.1
258 167 129.2
258 181 94.1
258 188 80.1
258 196 182.2
258 212 73.1
258 235 87.1
258 248 160.2
258 260 158.2
258 267 188.2
258 276 109.1
259 1 68.1
259 30 87.1
259 35 58.1
259 42 176.2
259 50 172.2
259 55 79.1
259 115 132.2
259 138 136.2
259 157 188.2
259 182 262.29999999999995
259 194 70.1
259 214 165.2
259 217 56.1
259 219 141.2
259 223 91.1
259 226 69.1
259 236 90.1
259 249 75.1
259 289 100.1
260 7 88.1
260 12 158.2
260 15 81.1
260 28 83.1
260 56 56.1
260 78 170.3
260 108 56.1
260 125 71.1
260 137 138.2
260 167 167.3
260 172 63.1
260 175 78.1
260 196 177.2
260 227 56.1
260 240 63.1
260 248 148.2
260 258 150.2
260 267 164.2
261 2 74.1
261 36 208.29999999999998
261 47 60.1
261 73 78.1
261 81 59.1
261 89 126.19999999999999
261 112 59.1
261 125 60.1
261 129 142.2
261 145 50.1
261 160 138.2
261 176 137.2
261 183 67.1
261 198 229.29999999999998
261 210 77.1
261 215 177.2
261 242 182.2
261 291 174.2
262 44 55.1
262 49 61.1
262 63 77.1
262 70 56.1
262 91 209.29999999999998
262 96 69.1
262 117 52.1
262 127 69.1
262 128 142.2
262 135 75.1
262 165 181.2
262 185 148.2
262 204 150.2
262 211 81.1
262 251 199.29999999999998
262 268 163.2
262 281 163.2
263 5 225.29999999999998
263 27 80.1
263 30 112.1
263 34 156.2
263 41 160.2
263 44 138.2
263 57 248.29999999999998
263 60 129.2
263 90 230.29999999999998
263 112 141.2
263 151 74.1
263 158 91.1
263 214 74.1
263 223 87.1
263 243 80.1
264 32 165.2
264 33 66.1
264 46 79.1
264 82 70.1
264 107 79.1
264 118 144.2
264 155 73.1
264 174 150.2
264 188 159.2
264 189 147.2
264 192 68.1
264 208 162.2
264 218 141.2
264 220 158.2
264 221 146.2
264 255 178.2
264 292 178.2
265 2 96.1
265 9 87.1
265 32 105.1
265 134 315.29999999999995
265 146 104.1
265 155 88.1
265 161 80.1
265 181 163.2
265 206 301.29999999999995
265 220 191.2
265 247 282.29999999999995
265 255 188.2
265 275 214.2
265 289 189.2
265 292 92.1
266 25 60.1
266 50 64.1
266 116 60.1
266 130 167.2
266 144 148.2
266 168 115.19999999999999
266 200 167.2
266 201 145.2
266 228 66.1
266 241 130.2
266 249 185.29999999999998
266 252 64.1
266 280 172.2
266 286 141.2
267 7 85.1
267 30 68.1
267 37 72.1
267 71 95.1
267 72 71.1
267 78 147.2
267 95 60.1
267 105 44.1
267 122 55.1
267 123 175.2
267 137 235.29999999999998
267 151 75.1
267 156 100.1
267 167 164.2
267 196 160.2
267 248 239.29999999999998
267 258 177.2
267 260 173.2
267 273 106.1
268 83 71.1
268 91 140.2
268 101 77.1
268 110 72.1
268 121 134.2
268 128 174.2
268 165 151.2
268 185 181.2
268 204 187.2
268 224 67.1
268 228 80.1
268 234 148.2
268 251 184.2
268 262 145.2
268 281 265.29999999999995
269 10 256.29999999999995
269 14 57.1
269 22 58.1
269 30 101.1
269 45 86.1
269 69 77.1
269 122 139.2
269 143 176.2
269 147 62.1
269 231 144.2
269 248 131.2
269 249 86.1
269 257 145.2
269 273 130.2
269 282 157.2
269 284 133.2
270 7 113.1
270 10 94.1
270 21 361.29999999999995
270 33 103.1
270 39 222.2
270 40 94.1
270 52 343.2
270 88 90.1
270 93 243.2
270 126 274.29999999999995
270 151 219.2
270 156 130.1
270 167 85.1
270 173 290.29999999999995
270 204 131.1
270 216 185.2
270 290 244.2
271 75 63.1
271 85 146.2
271 86 163.2
271 110 71.1
271 111 150.2
271 117 141.2
271 127 163.3
271 140 146.2
271 147 120.2
271 159 33.1
271 164 55.1
271 185 58.1
271 195 121.2
271 201 61.1
271 211 73.1
271 283 65.1
271 288 125.19999999999999
272 2 68.1
272 21 131.2
272 23 185.29999999999998
272 24 158.2
272 79 148.2
272 95 71.1
272 99 101.1
272 103 47.1
272 133 139.2
272 156 183.2
272 157 76.1
272 172 139.2
272 187 75.1
272 193 115.2
272 216 56.1
272 250 157.2
272 254 71.1
273 26 76.1
273 37 65.1
273 43 166.2
273 64 95.1
273 70 70.1
273 95 67.1
273 111 48.1
273 114 63.1
273 123 63.1
273 129 70.1
273 141 61.1
273 162 155.2
273 167 55.1
273 237 75.1
273 257 71.1
273 267 87.1
273 269 132.2
273 276 134.2
273 292 140.2
274 11 105.2
274 48 49.1
274 63 130.2
274 92 212.29999999999998
274 148 58.1
274 178 116.19999999999999
274 180 130.2
274 205 126.19999999999999
274 207 157.2
274 221 63.1
274 224 52.1
274 225 139.2
274 254 71.1
274 285 162.2
275 7 71.1
275 50 72.1
275 83 75.1
275 124 151.2
275 132 54.1
275 134 156.2
275 178 70.1
275 181 168.2
275 206 147.2
275 247 216.29999999999998
275 255 144.2
275 265 139.2
275 276 84.1
275 289 122.19999999999999
275 292 143.2
276 31 72.1
276 51 146.2
276 58 68.1
276 64 67.1
276 76 71.1
276 95 64.1
276 114 63.1
276 116 74.1
276 139 64.1
276 148 150.2
276 175 71.1
276 196 90.1
276 202 81.1
276 213 78.1
276 225 90.1
276 240 86.1
276 245 86.1
276 258 79.1
276 273 125.2
276 275 74.1
276 282 78.1
277 9 48.1
277 11 129.2
277 16 147.2
277 17 143.2
277 51 71.1
277 55 68.1
277 62 77.1
277 65 189.2
277 72 68.1
277 76 76.1
277 121 92.1
277 123 96.1
277 124 62.1
277 190 51.1
277 220 79.1
277 224 80.1
277 252 77.1
277 278 69.1
277 287 73.1
278 8 38.1
278 16 88.1
278 35 128.2
278 54 66.1
278 80 142.2
278 97 82.1
278 138 121.19999999999999
278 143 114.2
278 157 62.1
278 184 71.1
278 199 127.19999999999999
278 223 75.1
278 234 78.1
278 236 186.29999999999998
278 239 130.2
278 253 73.1
278 277 65.1
278 286 64.1
279 15 152.2
279 18 109.2
279 19 136.2
279 38 117.2
279 94 59.1
279 97 123.19999999999999
279 131 132.2
279 146 157.2
279 174 128.2
279 192 48.1
279 202 137.2
279 219 50.1
279 243 123.19999999999999
280 0 67.1
280 9 78.1
280 18 123.19999999999999
280 92 177.2
280 130 162.2
280 201 72.1
280 213 68.1
280 224 118.19999999999999
280 228 234.29999999999998
280 238 188.2
280 243 150.2
280 252 122.19999999999999
280 266 151.2
280 287 144.2
281 30 66.1
281 44 55.1
281 67 73.1
281 86 68.1
281 91 196.29999999999998
281 121 81.1
281 128 181.2
281 135 144.2
281 165 169.2
281 185 117.19999999999999
281 204 140.2
281 205 71.1
281 236 74.1
281 251 148.2
281 262 141.2
281 268 263.29999999999995
282 10 164.2
282 52 85.1
282 122 206.29999999999998
282 123 65.1
282 177 68.1
282 180 57.1
282 181 141.2
282 200 69.1
282 205 61.1
282 219 56.1
282 226 63.1
282 231 156.2
282 249 79.1
282 257 131.2
282 269 145.2
282 276 82.1
282 284 127.19999999999999
283 4 45.1
283 5 66.1
283 8 59.1
283 54 79.1
283 59 157.2
283 61 135.2
283 75 46.1
283 106 134.2
283 136 116.2
283 149 67.1
283 159 95.2
283 209 76.1
283 210 136.2
283 212 59.1
283 254 84.1
283 256 144.2
283 271 75.1
284 10 134.2
284 12 59.1
284 18 69.1
284 50 63.1
284 76 131.2
284 92 45.1
284 103 58.1
284 122 106.19999999999999
284 130 84.1
284 190 69.1
284 203 40.1
284 225 65.1
284 231 193.29999999999998
284 239 75.1
284 245 77.1
284 257 194.29999999999998
284 269 132.2
284 282 141.2
285 11 144.2
285 29 53.1
285 30 80.1
285 52 76.1
285 57 60.1
285 63 182.2
285 65 150.2
285 92 145.2
285 139 68.1
285 178 130.2
285 180 170.2
285 205 137.2
285 207 165.2
285 224 57.1
285 231 80.1
285 251 167.2
285 274 139.2
286 35 79.1
286 45 82.1
286 49 79.1
286 81 79.1
286 130 70.1
286 138 92.1
286 144 129.2
286 168 140.2
286 200 161.2
286 201 235.29999999999998
286 223 83.1
286 238 76.1
286 241 128.2
286 249 144.2
286 266 150.2
286 278 66.1
287 16 84.1
287 20 66.1
287 43 79.1
287 63 82.1
287 76 154.2
287 130 149.2
287 189 156.2
287 220 72.1
287 224 193.29999999999998
287 228 135.2
287 229 68.1
287 238 158.2
287 252 158.2
287 277 71.1
287 280 166.2
288 52 63.1
288 61 68.1
288 85 135.2
288 86 140.2
288 89 60.1
288 94 76.1
288 111 155.2
288 112 58.1
288 117 115.2
288 127 137.2
288 135 74.1
288 140 154.2
288 147 123.19999999999999
288 195 142.2
288 256 51.1
288 271 131.2
289 20 63.1
289 68 74.1
289 108 44.1
289 126 47.1
289 132 53.1
289 134 160.2
289 161 74.1
289 181 125.19999999999999
289 202 53.1
289 206 133.2
289 220 72.1
289 247 152.2
289 255 210.29999999999998
289 259 73.1
289 265 168.2
289 275 105.2
290 21 141.2
290 23 38.1
290 39 148.2
290 48 61.1
290 88 59.1
290 93 88.2
290 103 50.1
290 125 58.1
290 126 122.19999999999999
290 169 65.1
290 172 62.1
290 173 132.2
290 188 71.1
290 193 62.1
290 216 134.3
290 227 66.1
290 233 62.1
290 237 64.1
290 270 182.2
291 20 64.1
291 36 136.2
291 83 73.1
291 89 126.19999999999999
291 101 71.1
291 106 68.1
291 117 70.1
291 129 148.2
291 157 62.1
291 160 132.2
291 176 128.2
291 198 215.29999999999998
291 215 120.2
291 236 75.1
291 239 63.1
291 242 170.2
291 246 65.1
291 261 133.2
292 32 146.2
292 120 61.1
292 124 126.19999999999999
292 155 54.1
292 162 50.1
292 181 125.19999999999999
292 188 113.2
292 206 39.1
292 218 97.2
292 221 104.2
292 250 48.1
292 264 135.2
292 265 72.1
292 273 124.2
292 275 121.19999999999999
