0 1 89.1
0 3 103.1
0 4 88.1
0 6 91.1
0 9 145.2
0 36 80.1
0 37 99.1
0 44 159.2
0 50 187.2
0 74 56.1
0 109 170.2
0 113 72.1
0 115 141.2
0 132 95.1
0 133 82.1
0 172 185.2
0 210 178.2
0 236 90.1
0 240 165.2
0 251 122.1
0 262 100.1
0 269 168.2
0 272 102.1
1 0 77.1
1 3 98.1
1 7 110.1
1 26 114.1
1 48 104.1
1 75 176.2
1 76 126.1
1 79 112.1
1 103 190.2
1 104 332.29999999999995
1 125 200.2
1 127 114.1
1 143 295.29999999999995
1 145 107.1
1 147 179.2
1 152 109.1
1 158 101.1
1 159 307.29999999999995
1 185 95.1
1 230 105.1
1 240 71.1
1 278 177.2
2 3 76.1
2 6 79.1
2 27 96.1
2 37 143.2
2 43 128.2
2 45 172.2
2 56 76.1
2 85 113.1
2 98 136.2
2 113 193.29999999999998
2 134 100.1
2 141 150.2
2 150 129.2
2 154 82.1
2 195 69.1
2 215 83.1
2 221 81.1
2 225 89.1
2 245 105.2
2 271 97.1
2 282 68.1
3 0 96.1
3 1 88.1
3 2 100.1
3 6 175.2
3 7 90.1
3 32 254.29999999999998
3 51 150.2
3 52 166.2
3 58 109.1
3 63 178.2
3 74 175.2
3 81 97.1
3 89 231.29999999999998
3 133 88.1
3 134 195.2
3 149 111.1
3 170 75.1
3 216 125.1
3 237 87.1
3 244 74.1
3 245 74.1
3 271 103.1
3 293 83.1
4 0 79.1
4 14 90.1
4 32 94.1
4 61 83.1
4 72 201.2
4 77 68.1
4 149 96.1
4 154 105.1
4 168 188.2
4 188 195.2
4 197 202.2
4 205 185.2
4 208 284.29999999999995
4 251 103.1
4 252 271.29999999999995
4 291 176.2
4 293 296.29999999999995
5 6 68.1
5 22 159.2
5 28 150.2
5 50 88.1
5 118 134.2
5 122 124.19999999999999
5 123 159.2
5 124 139.2
5 142 143.2
5 160 98.1
5 170 149.2
5 190 83.1
5 214 80.1
5 224 72.1
5 225 161.2
5 228 73.1
5 272 75.1
5 280 80.1
5 292 93.1
6 0 61.1
6 2 77.1
6 3 154.2
6 5 77.1
6 16 165.2
6 22 67.1
6 43 55.1
6 45 69.1
6 50 91.1
6 51 67.1
6 60 77.1
6 67 136.2
6 70 56.1
6 80 90.1
6 89 47.1
6 109 95.1
6 153 84.1
6 156 52.1
6 162 84.1
6 185 54.1
6 190 67.1
6 228 46.1
6 235 66.1
6 237 143.2
6 242 50.1
6 267 59.1
6 273 84.1
6 276 60.1
7 1 88.1
7 3 85.1
7 15 182.2
7 33 305.29999999999995
7 77 64.1
7 78 175.2
7 79 168.2
7 92 150.2
7 98 85.1
7 104 81.1
7 105 112.1
7 108 101.1
7 112 141.1
7 159 96.1
7 185 167.2
7 199 95.1
7 220 172.1
7 258 98.1
7 272 167.2
7 288 112.1
8 30 71.1
8 55 146.2
8 76 156.2
8 90 88.1
8 97 78.1
8 135 65.1
8 136 85.1
8 155 53.1
8 175 244.29999999999998
8 192 163.2
8 198 181.2
8 218 79.1
8 229 247.29999999999998
8 236 173.2
8 238 185.2
8 255 89.1
9 0 121.19999999999999
9 34 59.1
9 44 133.2
9 50 112.19999999999999
9 61 82.1
9 78 70.1
9 88 107.1
9 101 100.1
9 109 172.2
9 115 121.19999999999999
9 159 89.1
9 172 153.2
9 173 94.1
9 210 152.2
9 214 93.1
9 240 186.2
9 262 118.1
9 269 158.2
9 278 89.1
10 21 280.4
10 36 66.1
10 39 61.1
10 68 156.2
10 71 68.1
10 86 58.1
10 87 128.2
10 88 152.2
10 116 145.2
10 117 59.1
10 177 54.1
10 212 64.1
10 217 56.1
10 218 130.2
10 235 70.1
10 239 125.19999999999999
10 262 166.2
10 268 89.1
11 24 77.1
11 37 69.1
11 53 103.19999999999999
11 66 172.2
11 81 66.1
11 93 60.1
11 94 105.2
11 148 47.1
11 173 127.19999999999999
11 182 141.2
11 195 71.1
11 227 75.1
11 243 143.2
11 270 70.1
11 271 192.2
11 282 78.1
11 289 82.1
12 26 140.2
12 71 175.2
12 73 159.2
12 75 57.1
12 92 58.1
12 97 184.2
12 102 157.2
12 103 82.1
12 104 82.1
12 111 213.2
12 128 240.29999999999998
12 192 107.1
12 246 188.2
12 279 278.29999999999995
12 283 184.2
12 285 149.2
13 15 108.1
13 43 92.1
13 95 137.2
13 150 47.1
13 151 109.1
13 160 144.2
13 167 81.1
13 169 109.1
13 174 178.2
13 180 92.1
13 181 69.1
13 193 53.1
13 194 123.19999999999999
13 203 148.2
13 204 78.1
13 215 132.2
13 244 129.1
13 257 81.1
13 260 97.1
13 281 228.29999999999998
14 4 79.1
14 16 75.1
14 23 89.1
14 28 63.1
14 41 137.2
14 42 79.1
14 47 119.2
14 69 58.1
14 80 71.1
14 114 227.29999999999998
14 120 69.1
14 123 72.1
14 152 143.2
14 154 136.2
14 184 64.1
14 201 162.2
14 234 95.1
14 235 90.1
14 267 133.2
14 287 94.1
15 7 165.2
15 13 124.1
15 29 147.2
15 33 158.2
15 44 89.1
15 52 89.1
15 78 217.29999999999998
15 79 157.2
15 92 133.2
15 111 100.1
15 117 78.1
15 119 60.1
15 143 68.1
15 157 89.1
15 185 118.19999999999999
15 212 113.1
15 253 88.1
15 255 124.1
15 272 189.2
16 6 154.2
16 14 71.1
16 60 211.2
16 67 73.1
16 69 221.29999999999998
16 70 63.1
16 83 194.2
16 120 233.29999999999998
16 136 77.1
16 175 112.1
16 184 77.1
16 189 91.1
16 200 94.1
16 203 99.1
16 229 104.1
16 237 168.2
16 265 166.2
16 270 157.2
16 288 109.1
17 48 56.1
17 73 172.2
17 79 48.1
17 85 182.2
17 127 63.1
17 129 155.2
17 185 52.1
17 186 155.2
17 199 41.1
17 213 272.29999999999995
17 249 267.29999999999995
17 254 248.29999999999998
17 258 209.29999999999998
17 259 175.2
17 269 74.1
17 290 162.2
18 36 64.1
18 40 73.1
18 50 89.1
18 101 87.1
18 107 170.2
18 132 184.2
18 138 245.29999999999998
18 172 76.1
18 198 86.1
18 207 104.1
18 211 186.2
18 226 244.29999999999998
18 230 229.29999999999998
18 247 163.2
18 263 155.2
18 268 176.2
18 273 88.1
18 283 88.1
19 38 90.1
19 46 259.29999999999995
19 54 135.2
19 57 144.2
19 74 105.1
19 80 164.2
19 133 162.2
19 135 145.2
19 142 63.1
19 145 216.29999999999998
19 159 79.1
19 171 189.2
19 191 154.2
19 242 89.1
19 248 124.1
19 276 78.1
19 285 117.1
20 29 86.1
20 34 212.29999999999998
20 44 55.1
20 61 219.29999999999998
20 65 116.2
20 90 108.1
20 108 94.1
20 119 165.2
20 141 84.1
20 145 70.1
20 178 120.2
20 179 119.2
20 183 70.1
20 219 76.1
20 232 106.2
20 241 78.1
20 242 89.1
20 274 149.2
21 10 272.4
21 68 274.29999999999995
21 87 241.29999999999998
21 88 163.2
21 107 82.1
21 115 77.1
21 116 174.2
21 155 52.1
21 212 161.2
21 217 75.1
21 218 150.2
21 220 110.1
21 239 145.2
21 247 70.1
21 262 201.2
22 5 178.2
22 6 70.1
22 28 159.2
22 40 73.1
22 45 74.1
22 80 87.1
22 91 100.1
22 118 147.2
22 122 179.2
22 123 152.2
22 124 180.2
22 139 101.1
22 140 102.1
22 142 146.2
22 145 84.1
22 157 91.1
22 161 97.1
22 170 182.2
22 197 91.1
22 225 204.2
22 267 72.1
22 272 87.1
23 14 62.1
23 46 69.1
23 104 79.1
23 121 83.1
23 126 109.2
23 140 108.2
23 161 123.19999999999999
23 164 110.2
23 165 117.2
23 179 71.1
23 184 120.19999999999999
23 204 60.1
23 205 65.1
23 206 63.1
23 209 126.19999999999999
23 231 61.1
23 253 174.29999999999998
23 288 69.1
24 11 74.1
24 37 63.1
24 53 41.1
24 58 80.1
24 59 128.2
24 70 136.2
24 81 209.29999999999998
24 94 36.1
24 95 66.1
24 134 48.1
24 137 75.1
24 150 57.1
24 163 67.1
24 173 83.1
24 195 158.2
24 215 136.2
24 257 109.2
24 276 73.1
24 280 151.2
25 26 171.2
25 48 88.1
25 49 172.2
25 56 126.19999999999999
25 79 64.1
25 105 67.1
25 106 190.2
25 108 255.29999999999998
25 175 104.1
25 193 98.1
25 199 141.2
25 206 79.1
25 211 95.1
25 214 87.1
25 215 99.1
25 247 95.1
25 274 71.1
25 275 168.2
25 279 116.1
25 287 114.1
26 1 97.1
26 12 198.2
26 25 190.2
26 28 62.1
26 49 234.29999999999998
26 56 208.29999999999998
26 64 86.1
26 92 58.1
26 103 82.1
26 105 78.1
26 106 175.2
26 108 182.2
26 127 183.2
26 128 143.2
26 190 84.1
26 199 197.29999999999998
26 275 73.1
26 287 95.1
27 2 59.1
27 49 79.1
27 58 243.29999999999998
27 83 83.1
27 91 175.29999999999998
27 106 56.1
27 150 60.1
27 151 79.1
27 155 51.1
27 167 63.1
27 168 64.1
27 193 132.2
27 200 62.1
27 204 144.2
27 215 87.1
27 227 72.1
27 256 88.1
27 260 73.1
27 266 71.1
27 281 76.1
27 282 156.2
27 291 78.1
28 5 133.2
28 14 65.1
28 22 119.2
28 26 77.1
28 33 69.1
28 69 81.1
28 72 97.1
28 118 143.2
28 122 133.2
28 123 147.2
28 124 139.2
28 142 126.19999999999999
28 165 85.1
28 168 78.1
28 170 151.2
28 209 74.1
28 225 121.19999999999999
28 230 75.1
28 270 83.1
29 15 127.19999999999999
29 20 83.1
29 96 157.2
29 105 218.29999999999998
29 115 68.1
29 127 82.1
29 131 126.19999999999999
29 189 203.29999999999998
29 190 211.29999999999998
29 214 189.2
29 222 65.1
29 224 67.1
29 232 70.1
29 242 127.19999999999999
29 254 52.1
29 255 87.1
29 265 94.1
29 288 128.2
29 290 81.1
29 294 100.1
30 8 83.1
30 31 219.29999999999998
30 71 160.2
30 129 180.2
30 136 134.2
30 154 60.1
30 186 154.2
30 192 210.2
30 198 89.1
30 233 230.29999999999998
30 250 163.2
30 251 253.29999999999998
30 255 204.2
30 258 73.1
30 279 62.1
31 30 240.29999999999998
31 33 81.1
31 35 76.1
31 56 62.1
31 59 81.1
31 71 141.2
31 79 50.1
31 96 83.1
31 136 250.29999999999998
31 154 78.1
31 158 88.1
31 207 103.1
31 229 79.1
31 231 76.1
31 233 146.2
31 248 97.1
31 250 158.2
31 251 150.2
31 255 138.2
31 294 184.2
32 3 232.29999999999998
32 4 91.1
32 45 79.1
32 46 90.1
32 51 155.2
32 52 160.2
32 63 146.2
32 64 86.1
32 74 251.29999999999998
32 78 94.1
32 89 167.2
32 129 120.1
32 134 214.2
32 150 60.1
32 188 119.1
32 200 90.1
32 223 114.1
32 234 99.1
32 237 89.1
32 284 135.1
33 7 333.29999999999995
33 15 155.2
33 28 71.1
33 31 79.1
33 78 249.29999999999998
33 79 159.2
33 92 137.2
33 117 70.1
33 118 75.1
33 122 100.1
33 126 105.1
33 155 82.1
33 165 99.1
33 184 88.1
33 185 242.29999999999998
33 190 97.1
33 218 85.1
33 222 97.1
33 250 113.1
33 265 107.1
33 266 94.1
33 272 162.2
33 293 94.1
34 9 54.1
34 20 234.29999999999998
34 39 94.1
34 46 83.1
34 61 141.2
34 65 115.2
34 85 79.1
34 90 98.1
34 110 136.1
34 119 164.2
34 125 66.1
34 138 158.2
34 175 94.1
34 178 121.19999999999999
34 179 158.2
34 232 152.2
34 256 99.1
34 274 130.2
35 31 61.1
35 38 65.1
35 48 266.29999999999995
35 72 75.1
35 77 75.1
35 85 95.1
35 100 221.29999999999998
35 112 118.2
35 114 84.1
35 122 62.1
35 130 55.1
35 144 62.1
35 149 182.2
35 158 250.29999999999998
35 162 69.1
35 163 63.1
35 169 88.1
35 180 87.1
35 196 165.2
35 216 79.1
35 224 63.1
35 248 140.2
36 0 66.1
36 10 56.1
36 18 84.1
36 39 221.29999999999998
36 40 144.2
36 50 85.1
36 67 64.1
36 78 62.1
36 88 83.1
36 125 75.1
36 157 163.2
36 177 232.29999999999998
36 196 75.1
36 211 66.1
36 217 164.2
36 220 192.2
36 228 55.1
36 263 72.1
36 273 265.29999999999995
37 0 87.1
37 2 142.2
37 11 116.1
37 24 98.1
37 43 226.29999999999998
37 45 175.2
37 84 79.1
37 91 88.1
37 98 157.2
37 113 141.2
37 141 161.2
37 150 174.2
37 195 84.1
37 227 78.1
37 245 192.29999999999998
37 282 103.1
37 284 109.1
37 290 112.1
37 291 102.1
38 19 45.1
38 35 74.1
38 52 56.1
38 66 65.1
38 72 225.29999999999998
38 74 73.1
38 77 128.2
38 112 133.2
38 114 140.2
38 137 174.2
38 144 155.2
38 151 68.1
38 163 149.2
38 180 222.29999999999998
38 205 75.1
38 216 222.29999999999998
38 257 82.1
39 10 70.1
39 34 77.1
39 36 180.3
39 40 129.2
39 55 76.1
39 157 157.2
39 167 101.1
39 177 165.2
39 204 77.1
39 210 63.1
39 211 60.1
39 217 150.2
39 220 274.29999999999995
39 226 72.1
39 252 79.1
39 257 61.1
39 268 87.1
39 273 167.2
39 289 74.1
40 18 77.1
40 22 69.1
40 36 127.19999999999999
40 39 169.2
40 44 47.1
40 94 59.1
40 123 63.1
40 157 132.2
40 177 193.29999999999998
40 180 69.1
40 217 133.2
40 220 292.29999999999995
40 226 73.1
40 239 81.1
40 247 69.1
40 265 60.1
40 272 78.1
40 273 170.2
40 289 75.1
41 14 143.2
41 47 151.2
41 51 59.1
41 61 52.1
41 63 58.1
41 75 74.1
41 89 76.1
41 114 124.19999999999999
41 134 69.1
41 152 194.3
41 154 110.2
41 168 93.1
41 176 73.1
41 201 116.2
41 228 87.1
41 239 63.1
41 244 85.1
41 267 137.2
41 277 76.1
41 284 69.1
41 285 103.1
41 286 60.1
42 14 68.1
42 48 68.1
42 59 80.1
42 70 70.1
42 86 156.2
42 112 82.1
42 139 90.1
42 141 85.1
42 160 79.1
42 166 82.1
42 167 263.29999999999995
42 169 170.2
42 200 170.2
42 213 100.1
42 223 170.2
42 241 178.2
42 264 290.29999999999995
42 280 90.1
42 281 72.1
42 289 160.2
42 291 73.1
43 2 141.2
43 6 57.1
43 13 135.1
43 37 213.29999999999998
43 45 163.2
43 61 67.1
43 67 69.1
43 70 74.1
43 72 76.1
43 74 73.1
43 86 85.1
43 98 143.2
43 113 109.2
43 139 66.1
43 141 156.2
43 150 137.2
43 181 57.1
43 245 121.19999999999999
43 259 78.1
44 0 135.2
44 9 104.2
44 15 79.1
44 20 84.1
44 40 82.1
44 49 70.1
44 50 175.2
44 53 69.1
44 89 60.1
44 95 93.1
44 107 117.1
44 109 159.2
44 115 147.2
44 130 70.1
44 172 130.2
44 191 86.1
44 210 160.2
44 240 163.2
44 269 162.2
45 2 205.2
45 6 70.1
45 22 77.1
45 32 86.1
45 37 183.2
45 43 164.2
45 98 147.2
45 113 211.29999999999998
45 126 84.1
45 132 94.1
45 141 168.2
45 148 92.1
45 149 113.1
45 150 149.2
45 152 88.1
45 182 86.1
45 183 110.1
45 203 78.1
45 241 101.1
45 245 120.2
45 272 83.1
46 19 249.29999999999998
46 23 93.1
46 32 82.1
46 34 80.1
46 54 231.29999999999998
46 57 128.2
46 80 148.2
46 112 77.1
46 133 179.2
46 135 220.29999999999998
46 145 153.2
46 154 72.1
46 171 254.29999999999998
46 172 66.1
46 191 138.2
46 219 93.1
46 242 73.1
46 251 91.1
46 252 92.1
46 255 91.1
47 14 126.19999999999999
47 41 168.2
47 52 79.1
47 57 71.1
47 74 83.1
47 91 73.1
47 97 87.1
47 103 79.1
47 106 91.1
47 114 182.2
47 143 76.1
47 152 156.2
47 154 226.29999999999998
47 194 70.1
47 199 84.1
47 201 139.2
47 243 85.1
47 246 93.1
47 267 145.2
47 278 70.1
48 1 72.1
48 17 79.1
48 25 101.1
48 35 254.29999999999998
48 42 71.1
48 55 97.1
48 57 71.1
48 86 60.1
48 100 128.2
48 105 86.1
48 112 153.2
48 149 174.2
48 158 186.2
48 175 107.1
48 196 176.2
48 199 70.1
48 230 68.1
48 240 71.1
48 248 177.2
48 265 98.1
48 288 71.1
49 25 155.2
49 26 173.3
49 27 86.1
49 44 61.1
49 56 124.19999999999999
49 67 78.1
49 97 84.1
49 106 149.2
49 108 173.2
49 129 148.2
49 146 171.2
49 199 129.2
49 234 91.1
49 279 80.1
49 284 89.1
49 285 111.1
50 0 171.2
50 5 71.1
50 6 99.1
50 9 146.2
50 18 110.1
50 36 108.1
50 44 171.2
50 51 89.1
50 67 92.1
50 107 134.1
50 109 172.2
50 115 141.2
50 141 112.1
50 172 183.2
50 177 123.1
50 210 177.2
50 220 149.1
50 240 190.2
50 267 88.1
50 269 185.2
50 274 94.1
51 3 155.2
51 6 68.1
51 32 180.2
51 41 65.1
51 50 74.1
51 52 219.29999999999998
51 63 139.2
51 74 111.2
51 89 215.29999999999998
51 99 80.1
51 114 86.1
51 123 79.1
51 134 150.2
51 141 84.1
51 145 70.1
51 151 84.1
51 174 87.1
51 197 74.1
51 199 55.1
51 203 72.1
51 237 94.1
51 244 71.1
51 286 93.1
52 3 153.2
52 15 72.1
52 32 186.2
52 38 82.1
52 47 81.1
52 51 220.29999999999998
52 54 95.1
52 59 83.1
52 63 174.2
52 74 177.2
52 89 151.2
52 113 82.1
52 134 152.2
52 163 93.1
52 167 67.1
52 244 72.1
52 259 108.1
52 276 72.1
52 282 65.1
52 286 71.1
53 11 138.2
53 24 65.1
53 44 51.1
53 59 63.1
53 66 125.19999999999999
53 94 81.2
53 150 48.1
53 151 60.1
53 167 50.1
53 173 126.19999999999999
53 177 66.1
53 181 62.1
53 182 149.2
53 241 59.1
53 243 124.19999999999999
53 271 184.2
53 280 61.1
53 282 39.1
54 19 135.2
54 46 267.29999999999995
54 52 96.1
54 57 233.29999999999998
54 80 161.2
54 89 79.1
54 133 161.2
54 135 156.2
54 145 121.19999999999999
54 149 93.1
54 171 155.2
54 191 231.29999999999998
54 201 82.1
54 203 71.1
54 205 79.1
54 242 71.1
54 252 62.1
54 281 72.1
55 8 170.2
55 39 79.1
55 48 80.1
55 76 240.29999999999998
55 107 98.1
55 152 88.1
55 165 80.1
55 175 202.2
55 192 253.2
55 198 297.29999999999995
55 229 159.2
55 250 92.1
55 261 87.1
55 279 173.2
55 291 67.1
55 294 209.2
56 2 57.1
56 25 133.2
56 26 189.3
56 31 63.1
56 49 155.2
56 106 222.29999999999998
56 108 149.2
56 125 60.1
56 128 129.2
56 133 74.1
56 171 73.1
56 198 164.2
56 199 127.19999999999999
56 208 91.1
56 215 86.1
56 241 86.1
56 274 57.1
56 290 88.1
57 19 136.2
57 46 141.2
57 47 84.1
57 48 65.1
57 54 195.29999999999998
57 73 83.1
57 80 174.2
57 104 95.1
57 113 71.1
57 133 237.29999999999998
57 135 140.2
57 140 75.1
57 145 129.2
57 152 99.1
57 166 75.1
57 171 134.2
57 191 166.2
57 229 85.1
58 3 55.1
58 24 55.1
58 27 202.3
58 91 140.2
58 130 87.1
58 131 65.1
58 134 59.1
58 160 67.1
58 167 62.1
58 170 68.1
58 193 123.19999999999999
58 194 71.1
58 204 152.2
58 217 63.1
58 221 65.1
58 253 54.1
58 254 67.1
58 257 65.1
58 281 143.2
58 282 224.29999999999998
58 290 86.1
59 24 153.2
59 31 68.1
59 42 93.1
59 52 67.1
59 53 72.1
59 70 212.29999999999998
59 81 162.2
59 151 67.1
59 160 157.2
59 182 85.1
59 195 157.2
59 203 167.2
59 215 87.1
59 223 98.1
59 224 71.1
59 257 222.29999999999998
59 265 103.1
59 280 166.2
59 281 168.2
60 6 91.1
60 16 198.2
60 69 209.2
60 73 106.1
60 83 233.29999999999998
60 118 94.1
60 120 166.2
60 131 93.1
60 142 81.1
60 164 84.1
60 165 95.1
60 196 71.1
60 211 76.1
60 235 97.1
60 236 82.1
60 237 160.2
60 265 144.2
60 270 147.2
60 273 86.1
60 285 66.1
61 4 80.1
61 9 74.1
61 20 220.29999999999998
61 34 155.2
61 41 49.1
61 43 62.1
61 65 210.29999999999998
61 77 84.1
61 102 75.1
61 105 62.1
61 116 69.1
61 119 152.2
61 153 81.1
61 156 70.1
61 178 196.29999999999998
61 179 142.2
61 232 152.2
61 233 90.1
61 268 161.2
61 274 148.2
62 64 166.3
62 144 121.2
62 164 55.1
62 174 105.2
62 188 85.1
62 207 67.1
62 216 107.2
62 234 134.2
62 244 111.2
62 259 156.2
62 277 121.19999999999999
62 284 119.19999999999999
62 286 127.19999999999999
63 3 132.2
63 32 132.2
63 41 53.1
63 51 125.19999999999999
63 52 143.2
63 74 137.2
63 89 193.29999999999998
63 98 62.1
63 117 75.1
63 134 138.2
63 149 100.1
63 160 90.1
63 168 68.1
63 186 103.1
63 188 103.1
63 228 52.1
63 258 71.1
63 279 96.1
63 293 91.1
64 26 81.1
64 32 78.1
64 62 249.29999999999998
64 72 127.19999999999999
64 76 78.1
64 94 39.1
64 149 74.1
64 174 162.2
64 186 68.1
64 188 80.1
64 231 83.1
64 234 175.2
64 244 177.29999999999998
64 261 79.1
64 277 248.29999999999998
64 284 146.2
64 286 134.2
64 293 79.1
65 20 117.19999999999999
65 34 112.19999999999999
65 61 163.3
65 106 53.1
65 109 67.1
65 119 134.2
65 121 91.1
65 125 60.1
65 140 51.1
65 178 107.2
65 179 95.2
65 196 59.1
65 197 79.1
65 211 60.1
65 212 104.1
65 232 104.2
65 233 72.1
65 274 128.2
65 283 60.1
66 11 144.2
66 38 54.1
66 53 123.2
66 94 101.2
66 173 122.2
66 182 132.2
66 193 56.1
66 195 68.1
66 204 143.2
66 221 66.1
66 225 94.1
66 242 74.1
66 243 142.2
66 271 145.2
66 276 60.1
66 282 153.2
67 6 157.2
67 16 81.1
67 36 85.1
67 43 79.1
67 49 81.1
67 50 90.1
67 75 76.1
67 83 102.1
67 89 75.1
67 92 70.1
67 117 56.1
67 129 117.1
67 139 73.1
67 155 61.1
67 159 80.1
67 166 75.1
67 189 80.1
67 193 84.1
67 214 92.1
67 237 152.2
67 245 72.1
67 267 75.1
67 270 81.1
67 276 141.2
67 288 96.1
68 10 141.2
68 21 276.29999999999995
68 87 180.2
68 88 159.2
68 116 152.2
68 157 73.1
68 184 62.1
68 206 84.1
68 207 118.1
68 212 95.1
68 214 93.1
68 217 130.2
68 218 120.19999999999999
68 235 77.1
68 239 147.2
68 262 186.2
68 273 91.1
69 14 48.1
69 16 198.3
69 28 76.1
69 60 190.2
69 83 156.2
69 96 75.1
69 99 69.1
69 120 141.2
69 131 70.1
69 140 68.1
69 155 51.1
69 184 93.1
69 235 77.1
69 237 116.2
69 238 88.1
69 249 84.1
69 253 65.1
69 265 139.2
69 270 147.2
69 279 76.1
70 6 46.1
70 16 73.1
70 24 148.2
70 42 64.1
70 43 62.1
70 59 230.29999999999998
70 74 72.1
70 81 161.2
70 84 150.2
70 98 69.1
70 120 87.1
70 137 103.1
70 145 66.1
70 176 74.1
70 194 79.1
70 195 234.29999999999998
70 219 62.1
70 243 83.1
70 251 69.1
70 257 140.2
70 280 177.2
71 10 65.1
71 12 177.2
71 30 152.2
71 31 127.19999999999999
71 73 158.2
71 91 65.1
71 102 149.2
71 111 173.2
71 122 67.1
71 128 238.29999999999998
71 132 84.1
71 189 93.1
71 216 139.2
71 277 67.1
71 279 155.2
71 285 149.2
72 4 178.2
72 28 72.1
72 35 77.1
72 38 217.29999999999998
72 43 65.1
72 64 135.2
72 77 141.2
72 91 67.1
72 112 74.1
72 137 271.29999999999995
72 144 223.29999999999998
72 163 157.2
72 180 140.2
72 216 152.2
72 223 83.1
72 233 69.1
72 267 80.1
72 276 97.1
73 12 173.2
73 17 165.2
73 57 65.1
73 60 96.1
73 71 163.2
73 102 200.29999999999998
73 110 104.1
73 111 244.29999999999998
73 128 213.29999999999998
73 129 99.1
73 187 138.2
73 262 166.2
73 277 72.1
73 279 162.2
73 285 153.2
73 293 163.2
74 0 62.1
74 3 132.2
74 19 112.1
74 32 224.29999999999998
74 38 71.1
74 43 72.1
74 47 95.1
74 51 151.2
74 52 175.2
74 63 151.2
74 70 92.1
74 89 162.2
74 113 99.1
74 134 173.2
74 220 135.1
74 228 67.1
74 259 84.1
74 267 82.1
74 277 100.1
74 290 87.1
75 1 153.2
75 12 100.1
75 41 70.1
75 67 62.1
75 90 110.1
75 103 165.2
75 104 148.2
75 125 147.2
75 143 149.2
75 147 173.2
75 159 166.2
75 183 96.1
75 187 84.1
75 210 98.1
75 229 90.1
75 245 51.1
75 265 85.1
75 272 87.1
75 278 222.29999999999998
76 1 88.1
76 8 180.2
76 55 243.29999999999998
76 64 59.1
76 90 115.1
76 108 83.1
76 128 140.2
76 158 75.1
76 171 80.1
76 175 182.2
76 192 201.2
76 198 184.2
76 218 148.2
76 222 154.2
76 229 238.29999999999998
76 236 175.2
76 245 54.1
76 269 80.1
77 4 65.1
77 7 61.1
77 35 79.1
77 38 122.19999999999999
77 61 66.1
77 72 161.2
77 112 90.1
77 114 162.2
77 137 269.29999999999995
77 144 148.2
77 158 65.1
77 163 137.2
77 180 137.2
77 191 93.1
77 205 82.1
77 216 160.2
77 223 72.1
77 230 65.1
77 289 82.1
78 7 191.2
78 9 68.1
78 15 248.29999999999998
78 32 105.1
78 33 243.29999999999998
78 36 88.1
78 79 147.2
78 80 71.1
78 92 152.2
78 95 103.1
78 111 101.1
78 160 97.1
78 185 165.2
78 237 108.1
78 242 84.1
78 262 84.1
78 272 173.2
78 276 73.1
78 278 80.1
79 1 88.1
79 7 196.2
79 15 144.2
79 17 93.1
79 25 81.1
79 31 67.1
79 33 147.2
79 78 136.2
79 92 201.29999999999998
79 104 81.1
79 105 61.1
79 119 81.1
79 185 135.2
79 206 61.1
79 222 162.2
79 242 67.1
79 263 78.1
79 272 169.2
80 6 98.1
80 14 75.1
80 19 177.2
80 22 84.1
80 46 163.2
80 54 162.2
80 57 203.2
80 78 88.1
80 89 81.1
80 133 181.2
80 135 171.2
80 145 145.2
80 171 184.2
80 173 85.1
80 191 171.2
80 233 74.1
80 248 84.1
80 252 86.1
80 267 93.1
81 3 67.1
81 11 65.1
81 24 241.29999999999998
81 59 181.2
81 70 144.2
81 94 40.1
81 129 88.1
81 148 71.1
81 163 82.1
81 173 92.1
81 180 69.1
81 194 67.1
81 195 270.29999999999995
81 203 85.1
81 215 76.1
81 243 96.1
81 257 152.2
81 271 87.1
81 276 67.1
81 280 185.2
81 289 76.1
82 84 149.2
82 99 105.2
82 120 68.1
82 130 87.1
82 137 84.1
82 139 163.2
82 148 125.2
82 151 142.2
82 153 222.29999999999998
82 159 68.1
82 160 88.1
82 163 54.1
82 180 75.1
82 202 156.2
82 203 145.2
82 219 122.19999999999999
82 223 72.1
82 287 85.1
83 16 180.2
83 27 65.1
83 60 227.29999999999998
83 67 67.1
83 69 129.2
83 120 148.2
83 131 80.1
83 160 82.1
83 161 68.1
83 183 65.1
83 189 85.1
83 212 76.1
83 216 58.1
83 225 85.1
83 237 106.19999999999999
83 249 89.1
83 265 253.29999999999998
83 270 154.2
83 273 80.1
83 288 73.1
84 37 77.1
84 70 126.19999999999999
84 82 145.2
84 99 124.19999999999999
84 139 123.19999999999999
84 148 134.2
84 151 153.2
84 153 135.2
84 163 73.1
84 175 75.1
84 194 69.1
84 202 133.2
84 215 83.1
84 219 188.29999999999998
84 243 80.1
84 256 81.1
84 280 90.1
84 282 104.1
85 2 64.1
85 17 147.2
85 34 62.1
85 35 70.1
85 136 147.2
85 181 123.2
85 186 175.2
85 213 182.2
85 232 64.1
85 249 268.29999999999995
85 254 135.2
85 258 132.2
85 259 160.2
85 264 145.2
85 290 140.2
86 10 40.1
86 42 152.2
86 43 60.1
86 48 62.1
86 91 66.1
86 95 70.1
86 167 176.29999999999998
86 169 173.2
86 200 164.2
86 204 69.1
86 223 138.2
86 241 165.2
86 244 64.1
86 257 52.1
86 264 126.19999999999999
86 269 67.1
86 281 57.1
86 282 49.1
86 289 198.29999999999998
87 10 119.19999999999999
87 21 289.29999999999995
87 68 183.2
87 88 165.2
87 115 62.1
87 116 151.2
87 119 67.1
87 177 79.1
87 202 54.1
87 207 104.1
87 212 108.1
87 218 211.29999999999998
87 226 76.1
87 239 156.2
87 240 76.1
87 256 84.1
87 262 151.2
87 273 86.1
88 9 74.1
88 10 148.2
88 21 171.2
88 36 76.1
88 68 174.2
88 87 136.2
88 101 148.2
88 116 165.2
88 207 80.1
88 208 163.2
88 212 104.1
88 218 140.2
88 229 169.2
88 239 139.2
88 262 164.2
89 3 233.29999999999998
89 6 82.1
89 32 183.2
89 41 74.1
89 44 71.1
89 51 242.29999999999998
89 52 176.2
89 54 95.1
89 63 230.29999999999998
89 67 90.1
89 74 177.2
89 80 84.1
89 134 192.2
89 142 86.1
89 150 79.1
89 182 108.1
89 196 104.1
89 272 118.1
89 274 99.1
89 293 118.1
90 8 98.1
90 20 100.1
90 34 84.1
90 75 81.1
90 76 118.1
90 97 197.2
90 110 299.29999999999995
90 116 71.1
90 127 143.2
90 132 94.1
90 140 74.1
90 187 121.2
90 197 78.1
90 208 95.1
90 229 78.1
90 246 211.2
90 256 191.2
90 275 166.2
90 283 178.2
90 287 171.2
91 22 78.1
91 27 199.3
91 37 73.1
91 47 79.1
91 58 158.2
91 71 63.1
91 72 82.1
91 86 59.1
91 112 61.1
91 126 78.1
91 139 73.1
91 167 66.1
91 193 223.29999999999998
91 204 154.2
91 207 97.1
91 215 98.1
91 220 152.1
91 225 84.1
91 227 70.1
91 257 66.1
91 259 100.1
91 266 85.1
91 276 63.1
91 281 84.1
91 282 130.2
92 7 149.2
92 12 110.1
92 15 155.2
92 26 89.1
92 33 161.2
92 67 72.1
92 78 147.2
92 79 238.29999999999998
92 96 73.1
92 97 88.1
92 105 75.1
92 185 242.29999999999998
92 192 98.1
92 196 91.1
92 199 74.1
92 222 84.1
92 237 70.1
92 242 69.1
92 272 150.2
92 280 111.1
93 11 79.1
93 100 56.1
93 122 78.1
93 130 220.29999999999998
93 147 70.1
93 156 148.2
93 162 156.2
93 166 239.29999999999998
93 176 155.2
93 197 79.1
93 213 88.1
93 215 86.1
93 221 129.2
93 227 148.2
93 228 174.3
93 260 167.2
93 276 162.2
94 11 146.2
94 24 45.1
94 40 53.1
94 53 114.2
94 64 42.1
94 66 120.19999999999999
94 81 57.1
94 121 70.1
94 156 58.1
94 173 123.2
94 177 63.1
94 182 152.2
94 219 58.1
94 220 76.1
94 230 35.1
94 243 121.19999999999999
94 263 67.1
94 271 154.2
95 13 139.2
95 24 73.1
95 44 66.1
95 78 51.1
95 86 57.1
95 140 82.1
95 160 145.2
95 167 88.1
95 169 63.1
95 174 48.1
95 177 86.1
95 194 112.19999999999999
95 203 196.29999999999998
95 215 213.29999999999998
95 223 87.1
95 241 154.2
95 243 76.1
95 280 143.2
95 281 221.29999999999998
96 29 150.2
96 31 77.1
96 69 72.1
96 92 85.1
96 105 144.2
96 117 70.1
96 131 215.29999999999998
96 158 82.1
96 189 166.2
96 190 214.29999999999998
96 214 188.2
96 233 61.1
96 242 155.2
96 248 98.1
96 251 85.1
96 265 164.2
96 266 72.1
96 288 174.2
97 8 88.1
97 12 179.2
97 47 71.1
97 49 74.1
97 90 187.2
97 92 46.1
97 110 157.2
97 127 134.2
97 133 68.1
97 147 45.1
97 171 52.1
97 175 195.2
97 187 126.19999999999999
97 201 60.1
97 246 144.2
97 256 154.2
97 275 67.1
97 283 136.2
97 291 72.1
98 2 152.2
98 7 92.1
98 37 159.2
98 43 139.2
98 45 131.2
98 63 78.1
98 70 68.1
98 113 245.29999999999998
98 139 76.1
98 141 233.29999999999998
98 150 136.2
98 156 90.1
98 169 107.1
98 202 67.1
98 219 79.1
98 245 202.29999999999998
98 254 103.1
98 286 106.1
99 51 77.1
99 69 89.1
99 82 133.2
99 84 166.2
99 107 119.1
99 139 183.2
99 141 80.1
99 148 253.29999999999998
99 151 174.2
99 153 157.2
99 161 71.1
99 165 85.1
99 181 78.1
99 190 78.1
99 193 127.19999999999999
99 202 139.2
99 209 65.1
99 219 252.29999999999998
99 239 93.1
99 289 89.1
100 35 212.29999999999998
100 48 126.19999999999999
100 93 60.1
100 102 135.2
100 112 146.2
100 120 92.1
100 129 171.2
100 134 81.1
100 149 229.29999999999998
100 152 72.1
100 158 149.2
100 191 70.1
100 196 143.2
100 248 158.2
100 249 82.1
100 276 137.2
100 282 88.1
101 9 71.1
101 18 77.1
101 88 167.2
101 108 82.1
101 116 88.1
101 129 72.1
101 136 170.2
101 146 195.2
101 157 172.2
101 183 90.1
101 187 85.1
101 212 215.2
101 218 72.1
101 231 198.2
101 238 203.2
101 288 77.1
101 292 201.2
102 12 180.2
102 61 77.1
102 71 129.2
102 73 218.29999999999998
102 100 132.2
102 111 167.2
102 128 158.2
102 129 173.2
102 141 69.1
102 142 58.1
102 144 58.1
102 152 64.1
102 159 83.1
102 194 62.1
102 210 69.1
102 242 58.1
102 249 219.29999999999998
102 279 161.2
102 285 151.2
103 1 134.2
103 12 89.1
103 26 71.1
103 47 81.1
103 75 163.2
103 104 151.2
103 125 131.2
103 128 72.1
103 143 192.3
103 147 143.2
103 159 127.19999999999999
103 181 92.1
103 214 79.1
103 226 60.1
103 246 117.1
103 247 66.1
103 248 86.1
103 262 70.1
103 278 120.2
104 1 221.29999999999998
104 7 65.1
104 12 103.1
104 23 67.1
104 57 71.1
104 75 132.2
104 79 49.1
104 103 141.2
104 125 199.29999999999998
104 143 131.2
104 147 151.2
104 158 68.1
104 159 141.2
104 200 86.1
104 229 70.1
104 278 112.2
104 285 72.1
104 287 103.1
105 7 99.1
105 25 78.1
105 26 66.1
105 29 218.29999999999998
105 48 92.1
105 61 60.1
105 79 72.1
105 92 73.1
105 96 132.2
105 112 95.1
105 131 130.2
105 189 152.2
105 190 146.2
105 198 114.1
105 211 89.1
105 214 169.2
105 242 206.29999999999998
105 258 84.1
105 288 137.2
106 25 165.2
106 26 108.2
106 27 79.1
106 47 70.1
106 49 141.2
106 56 197.29999999999998
106 65 41.1
106 108 161.2
106 111 156.2
106 125 54.1
106 159 70.1
106 185 56.1
106 192 192.2
106 199 127.19999999999999
106 201 149.2
106 222 169.2
106 287 113.1
107 18 180.2
107 21 96.1
107 44 87.1
107 50 101.1
107 55 102.1
107 99 108.1
107 125 96.1
107 132 123.2
107 134 79.1
107 138 125.19999999999999
107 178 80.1
107 189 94.1
107 210 98.1
107 211 188.2
107 226 152.2
107 230 162.2
107 247 183.2
107 252 68.1
107 263 152.2
107 268 197.2
107 274 73.1
108 7 103.1
108 20 86.1
108 25 281.29999999999995
108 26 182.2
108 49 203.2
108 56 126.2
108 76 106.1
108 101 94.1
108 106 156.2
108 127 75.1
108 192 128.1
108 199 197.29999999999998
108 201 91.1
108 208 89.1
108 229 87.1
108 246 128.1
108 250 101.1
108 255 127.1
108 267 77.1
108 275 73.1
108 287 84.1
108 294 230.2
109 0 172.2
109 6 105.1
109 9 163.2
109 44 161.2
109 50 157.2
109 65 74.1
109 115 140.2
109 134 59.1
109 172 155.2
109 181 70.1
109 210 151.2
109 212 86.1
109 240 168.2
109 269 154.2
109 271 103.1
109 274 77.1
109 276 92.1
109 277 90.1
109 292 110.1
110 34 99.1
110 73 113.1
110 90 300.29999999999995
110 97 216.2
110 111 173.2
110 118 74.1
110 127 235.29999999999998
110 187 128.2
110 246 225.2
110 256 219.2
110 257 99.1
110 275 142.2
110 278 73.1
110 283 182.2
110 287 162.2
111 12 223.2
111 15 89.1
111 71 174.2
111 73 254.29999999999998
111 78 69.1
111 102 190.2
111 106 197.2
111 110 208.2
111 128 173.2
111 190 47.1
111 246 108.1
111 256 209.2
111 278 86.1
111 279 205.2
111 280 99.1
111 285 255.29999999999998
112 7 105.1
112 35 122.2
112 38 135.2
112 42 71.1
112 46 72.1
112 48 134.2
112 72 80.1
112 77 78.1
112 91 59.1
112 100 130.2
112 105 67.1
112 114 75.1
112 149 166.2
112 158 249.29999999999998
112 196 160.2
112 248 255.29999999999998
112 276 58.1
112 277 83.1
112 282 80.1
112 288 86.1
113 0 64.1
113 2 219.29999999999998
113 37 139.2
113 43 116.2
113 45 209.29999999999998
113 52 91.1
113 57 88.1
113 74 87.1
113 98 222.29999999999998
113 133 93.1
113 141 151.2
113 150 130.2
113 153 94.1
113 173 82.1
113 176 83.1
113 204 70.1
113 215 92.1
113 228 57.1
113 245 127.19999999999999
114 14 221.29999999999998
114 35 76.1
114 38 138.2
114 41 117.19999999999999
114 47 143.2
114 51 61.1
114 77 149.2
114 112 77.1
114 130 70.1
114 134 67.1
114 152 210.29999999999998
114 154 163.2
114 162 68.1
114 163 66.1
114 197 92.1
114 201 178.2
114 205 79.1
114 267 158.2
115 0 126.19999999999999
115 9 101.2
115 21 98.1
115 29 61.1
115 44 114.2
115 50 146.2
115 87 78.1
115 109 133.2
115 123 72.1
115 125 59.1
115 172 123.2
115 210 114.19999999999999
115 239 125.19999999999999
115 240 150.2
115 269 126.19999999999999
115 273 115.1
116 10 139.2
116 21 170.2
116 61 57.1
116 68 161.2
116 87 127.19999999999999
116 88 181.2
116 90 64.1
116 101 92.1
116 177 69.1
116 178 52.1
116 212 130.2
116 218 184.3
116 239 132.2
116 262 212.2
116 268 134.2
116 294 117.1
117 10 67.1
117 15 83.1
117 33 63.1
117 63 68.1
117 67 57.1
117 96 64.1
117 121 145.2
117 155 180.3
117 183 152.2
117 206 194.3
117 209 67.1
117 224 131.2
117 235 124.19999999999999
117 236 147.2
117 251 67.1
117 266 191.29999999999998
117 292 87.1
118 5 147.2
118 22 118.2
118 28 134.2
118 33 63.1
118 60 88.1
118 110 105.1
118 122 147.2
118 123 142.2
118 124 131.2
118 142 128.2
118 170 130.2
118 225 153.2
118 237 58.1
118 240 72.1
118 250 71.1
118 273 74.1
118 278 65.1
119 15 62.1
119 20 178.2
119 34 175.2
119 61 163.2
119 65 143.2
119 79 68.1
119 87 75.1
119 154 97.1
119 178 218.29999999999998
119 179 150.2
119 197 96.1
119 201 112.1
119 224 99.1
119 232 228.29999999999998
119 262 103.1
119 274 167.2
119 287 98.1
120 14 56.1
120 16 271.29999999999995
120 60 185.2
120 69 169.2
120 70 74.1
120 82 87.1
120 83 168.2
120 100 88.1
120 148 62.1
120 164 94.1
120 184 95.1
120 221 71.1
120 223 103.1
120 231 83.1
120 237 169.2
120 249 82.1
120 265 211.29999999999998
120 270 226.29999999999998
120 282 75.1
120 286 83.1
121 23 67.1
121 65 88.1
121 94 57.1
121 117 126.19999999999999
121 137 106.1
121 155 92.2
121 183 134.2
121 190 64.1
121 197 79.1
121 206 128.2
121 224 233.29999999999998
121 231 99.1
121 235 121.19999999999999
121 236 158.2
121 253 75.1
121 261 91.1
121 266 118.19999999999999
121 267 80.1
122 5 132.2
122 22 132.2
122 28 126.19999999999999
122 33 73.1
122 35 80.1
122 71 85.1
122 93 68.1
122 118 147.2
122 123 161.2
122 124 119.19999999999999
122 128 83.1
122 133 102.1
122 142 122.2
122 146 120.1
122 154 84.1
122 170 140.2
122 172 112.1
122 183 60.1
122 185 84.1
122 225 164.2
122 266 106.1
123 5 148.2
123 14 64.1
123 22 125.19999999999999
123 28 136.2
123 40 73.1
123 51 72.1
123 115 61.1
123 118 142.2
123 122 140.2
123 124 132.2
123 142 141.2
123 155 65.1
123 170 122.2
123 172 64.1
123 200 74.1
123 225 173.2
123 261 95.1
123 272 84.1
123 277 90.1
124 5 132.2
124 22 190.2
124 28 126.19999999999999
124 118 165.2
124 122 162.2
124 123 143.2
124 135 82.1
124 142 133.2
124 170 148.2
124 180 109.1
124 184 85.1
124 213 116.1
124 225 198.2
124 231 90.1
124 245 71.1
124 249 111.1
124 255 103.1
124 261 112.1
124 292 112.1
125 1 155.2
125 34 55.1
125 36 70.1
125 56 59.1
125 65 56.1
125 75 129.2
125 103 121.19999999999999
125 104 186.29999999999998
125 106 82.1
125 107 81.1
125 115 57.1
125 138 58.1
125 143 130.2
125 147 133.2
125 159 144.2
125 232 48.1
125 239 81.1
125 273 72.1
125 278 136.2
126 23 107.2
126 33 68.1
126 45 68.1
126 91 82.1
126 140 110.2
126 141 68.1
126 161 149.2
126 164 199.29999999999998
126 165 135.2
126 184 224.29999999999998
126 192 86.1
126 209 121.19999999999999
126 235 76.1
126 253 200.29999999999998
126 255 102.1
126 258 66.1
126 270 78.1
126 279 68.1
126 292 109.1
126 294 119.1
127 1 92.1
127 17 87.1
127 26 182.2
127 29 73.1
127 90 180.2
127 97 154.2
127 108 72.1
127 110 266.29999999999995
127 164 60.1
127 171 68.1
127 187 213.29999999999998
127 192 206.2
127 201 72.1
127 207 98.1
127 246 218.2
127 256 184.2
127 275 137.2
127 283 161.2
127 287 173.2
128 12 238.29999999999998
128 26 126.2
128 56 119.2
128 71 233.29999999999998
128 73 216.29999999999998
128 76 132.2
128 102 135.2
128 103 58.1
128 111 158.2
128 122 72.1
128 232 77.1
128 237 44.1
128 251 159.2
128 279 164.2
128 285 150.2
129 17 135.2
129 30 149.2
129 32 79.1
129 49 150.2
129 67 65.1
129 73 82.1
129 81 75.1
129 100 135.2
129 101 71.1
129 102 155.2
129 146 65.1
129 152 73.1
129 207 106.1
129 222 126.19999999999999
129 225 79.1
129 258 72.1
129 270 75.1
129 276 65.1
129 279 144.2
130 35 65.1
130 44 81.1
130 58 89.1
130 82 78.1
130 93 223.29999999999998
130 114 88.1
130 145 74.1
130 156 141.2
130 160 98.1
130 162 177.2
130 166 149.2
130 176 241.29999999999998
130 180 84.1
130 193 97.1
130 221 215.29999999999998
130 227 152.2
130 228 121.2
130 260 172.2
131 29 132.2
131 58 75.1
131 60 96.1
131 69 49.1
131 83 86.1
131 96 187.3
131 105 145.2
131 142 56.1
131 164 65.1
131 184 72.1
131 189 138.2
131 190 136.2
131 214 141.2
131 238 73.1
131 242 139.2
131 251 82.1
131 257 63.1
131 265 67.1
131 288 130.2
132 0 68.1
132 18 170.2
132 45 79.1
132 71 67.1
132 90 82.1
132 107 138.2
132 138 127.19999999999999
132 172 72.1
132 181 85.1
132 211 182.2
132 212 88.1
132 226 149.2
132 230 167.29999999999998
132 247 133.2
132 263 148.2
132 268 178.2
132 271 81.1
132 292 84.1
133 0 92.1
133 3 70.1
133 19 172.2
133 46 208.2
133 54 178.2
133 56 98.1
133 57 271.29999999999995
133 80 187.2
133 97 117.1
133 113 91.1
133 122 96.1
133 135 152.2
133 145 146.2
133 159 101.1
133 171 176.2
133 191 155.2
133 220 122.1
133 246 118.1
134 2 85.1
134 3 159.2
134 24 64.1
134 32 195.2
134 41 78.1
134 51 140.2
134 52 148.2
134 58 85.1
134 63 150.2
134 74 161.2
134 89 148.2
134 100 87.1
134 107 93.1
134 109 72.1
134 114 82.1
134 156 86.1
134 160 92.1
134 162 85.1
134 180 72.1
134 196 70.1
134 203 93.1
135 8 120.1
135 19 143.2
135 46 235.29999999999998
135 54 140.2
135 57 178.2
135 80 153.2
135 124 80.1
135 133 158.2
135 145 155.2
135 164 86.1
135 171 168.2
135 191 163.2
135 196 79.1
135 214 82.1
135 233 94.1
135 250 109.1
135 252 76.1
135 276 67.1
136 8 87.1
136 16 75.1
136 30 126.19999999999999
136 31 189.29999999999998
136 85 155.2
136 101 159.2
136 146 73.1
136 178 48.1
136 198 84.1
136 233 115.2
136 238 175.2
136 250 226.29999999999998
136 251 199.2
136 255 145.2
136 261 96.1
136 291 77.1
137 24 78.1
137 38 154.2
137 70 84.1
137 72 247.29999999999998
137 77 251.29999999999998
137 82 77.1
137 121 98.1
137 144 176.2
137 149 109.1
137 163 146.2
137 173 61.1
137 180 173.2
137 194 83.1
137 196 82.1
137 203 177.2
137 216 147.2
137 223 116.1
137 257 99.1
137 281 80.1
138 18 269.29999999999995
138 34 160.2
138 107 150.2
138 125 79.1
138 132 146.2
138 211 161.2
138 212 120.1
138 226 137.2
138 230 148.2
138 232 147.2
138 247 161.2
138 258 76.1
138 263 131.2
138 268 169.2
138 290 128.1
139 22 64.1
139 42 72.1
139 43 49.1
139 67 58.1
139 82 163.2
139 84 113.2
139 91 66.1
139 98 61.1
139 99 148.2
139 144 46.1
139 148 126.19999999999999
139 151 151.2
139 153 143.2
139 167 67.1
139 200 79.1
139 202 174.3
139 219 125.19999999999999
139 260 167.2
140 22 64.1
140 23 112.2
140 57 65.1
140 65 62.1
140 69 75.1
140 90 77.1
140 95 64.1
140 126 142.2
140 161 133.2
140 164 113.2
140 165 166.3
140 184 140.2
140 197 68.1
140 209 105.2
140 231 75.1
140 253 128.2
140 261 85.1
140 285 74.1
141 2 170.2
141 20 82.1
141 37 193.2
141 42 91.1
141 43 165.2
141 45 161.2
141 50 85.1
141 51 80.1
141 98 228.29999999999998
141 99 82.1
141 102 84.1
141 113 159.2
141 126 88.1
141 150 144.2
141 162 96.1
141 166 84.1
141 182 88.1
141 197 105.1
141 200 98.1
141 245 156.2
142 5 139.2
142 19 64.1
142 22 125.2
142 28 120.2
142 60 97.1
142 89 74.1
142 102 56.1
142 118 113.19999999999999
142 122 117.2
142 123 145.2
142 124 131.2
142 131 77.1
142 168 64.1
142 170 169.2
142 210 66.1
142 216 78.1
142 221 64.1
142 225 150.2
142 265 97.1
143 1 229.29999999999998
143 15 77.1
143 47 74.1
143 75 152.2
143 103 213.29999999999998
143 104 170.2
143 125 145.2
143 145 68.1
143 147 174.2
143 155 66.1
143 159 143.2
143 166 95.1
143 245 47.1
143 251 67.1
143 256 78.1
143 278 144.2
143 279 78.1
143 283 63.1
144 35 46.1
144 38 121.19999999999999
144 62 155.2
144 72 206.29999999999998
144 77 141.2
144 102 62.1
144 137 184.2
144 139 74.1
144 149 69.1
144 157 51.1
144 163 168.2
144 180 155.2
144 208 72.1
144 216 107.2
144 233 130.2
144 254 71.1
145 1 70.1
145 19 206.29999999999998
145 20 74.1
145 22 73.1
145 46 181.2
145 51 56.1
145 54 121.19999999999999
145 57 170.2
145 70 65.1
145 80 148.2
145 130 76.1
145 133 133.2
145 135 153.2
145 143 75.1
145 171 147.2
145 191 142.2
145 205 79.1
145 234 103.1
145 278 68.1
146 49 174.2
146 101 185.2
146 122 116.1
146 129 87.1
146 136 61.1
146 161 88.1
146 178 78.1
146 209 44.1
146 212 173.2
146 222 95.1
146 231 185.2
146 238 203.2
146 246 173.2
146 250 82.1
146 252 72.1
146 253 75.1
146 261 148.2
146 266 59.1
146 292 187.2
147 1 142.2
147 75 161.2
147 93 72.1
147 97 96.1
147 103 142.2
147 104 151.2
147 125 129.2
147 143 166.2
147 153 82.1
147 159 250.29999999999998
147 181 93.1
147 207 98.1
147 218 86.1
147 272 91.1
147 274 70.1
147 278 133.2
147 283 77.1
147 287 109.1
148 11 65.1
148 45 83.1
148 81 78.1
148 82 152.2
148 84 107.2
148 99 186.29999999999998
148 120 59.1
148 139 122.19999999999999
148 151 196.29999999999998
148 153 142.2
148 157 71.1
148 202 114.2
148 204 79.1
148 212 64.1
148 219 135.2
148 260 160.2
148 291 66.1
149 3 94.1
149 4 80.1
149 35 176.2
149 45 99.1
149 48 144.2
149 54 67.1
149 63 108.1
149 64 93.1
149 100 216.29999999999998
149 112 175.2
149 137 117.1
149 144 103.1
149 158 193.2
149 162 110.1
149 191 94.1
149 196 159.2
149 208 79.1
149 244 85.1
149 248 188.2
149 254 100.1
150 2 172.2
150 13 115.1
150 24 59.1
150 27 85.1
150 32 59.1
150 37 172.2
150 43 121.2
150 45 145.2
150 53 49.1
150 89 64.1
150 98 124.2
150 113 141.2
150 141 159.2
150 151 94.1
150 193 90.1
150 227 90.1
150 245 167.3
150 282 85.1
151 13 112.1
151 27 76.1
151 38 60.1
151 51 52.1
151 53 52.1
151 59 94.1
151 82 154.2
151 84 168.2
151 99 118.2
151 139 146.2
151 148 181.3
151 150 70.1
151 153 120.19999999999999
151 184 78.1
151 202 129.2
151 217 98.1
151 219 132.2
151 271 72.1
151 289 91.1
152 1 92.1
152 14 139.2
152 41 216.29999999999998
152 45 79.1
152 47 146.2
152 55 113.1
152 57 96.1
152 100 80.1
152 102 69.1
152 114 253.29999999999998
152 129 92.1
152 153 83.1
152 154 142.2
152 191 68.1
152 196 99.1
152 201 157.2
152 229 95.1
152 230 69.1
152 267 225.29999999999998
152 290 89.1
153 6 68.1
153 61 93.1
153 82 255.29999999999998
153 84 170.2
153 99 143.2
153 113 102.1
153 139 161.2
153 147 87.1
153 148 173.2
153 151 157.2
153 152 74.1
153 173 84.1
153 176 73.1
153 202 160.3
153 218 83.1
153 219 167.2
153 220 133.1
153 228 86.1
154 2 78.1
154 4 102.1
154 14 129.2
154 30 75.1
154 31 85.1
154 41 140.2
154 46 74.1
154 47 219.29999999999998
154 114 145.2
154 119 72.1
154 122 75.1
154 152 131.2
154 172 74.1
154 185 82.1
154 186 78.1
154 201 158.2
154 267 226.29999999999998
154 276 163.2
154 285 99.1
154 294 104.1
155 8 75.1
155 21 92.1
155 27 65.1
155 33 73.1
155 67 70.1
155 69 77.1
155 117 149.3
155 121 124.19999999999999
155 123 37.1
155 143 76.1
155 183 213.29999999999998
155 206 123.19999999999999
155 224 228.29999999999998
155 235 151.2
155 236 128.2
155 256 69.1
155 266 133.2
155 292 84.1
156 6 62.1
156 61 85.1
156 93 171.2
156 94 45.1
156 98 76.1
156 130 154.2
156 134 81.1
156 162 144.2
156 166 142.2
156 176 257.29999999999995
156 185 68.1
156 221 170.2
156 227 143.2
156 228 144.2
156 230 73.1
156 260 168.2
156 281 66.1
157 15 82.1
157 22 64.1
157 36 160.2
157 39 171.2
157 40 136.2
157 68 69.1
157 101 188.2
157 144 75.1
157 148 95.1
157 177 243.29999999999998
157 194 78.1
157 212 73.1
157 217 225.29999999999998
157 220 200.2
157 247 98.1
157 263 63.1
157 273 207.2
157 274 75.1
158 1 91.1
158 31 78.1
158 35 274.29999999999995
158 48 186.2
158 76 90.1
158 77 74.1
158 96 87.1
158 100 148.2
158 104 70.1
158 112 279.29999999999995
158 149 216.2
158 190 76.1
158 196 249.29999999999998
158 199 95.1
158 201 92.1
158 248 182.2
158 267 83.1
158 275 74.1
158 294 131.1
159 1 277.29999999999995
159 7 88.1
159 9 82.1
159 19 71.1
159 67 90.1
159 75 163.2
159 82 112.1
159 102 96.1
159 103 160.2
159 104 176.2
159 106 116.1
159 125 179.2
159 133 87.1
159 143 157.2
159 147 281.29999999999995
159 170 76.1
159 191 76.1
159 263 87.1
159 278 254.29999999999998
160 5 81.1
160 13 138.2
160 42 69.1
160 58 58.1
160 59 120.19999999999999
160 63 73.1
160 78 46.1
160 82 65.1
160 83 77.1
160 95 133.2
160 130 50.1
160 134 66.1
160 194 182.29999999999998
160 203 219.29999999999998
160 215 140.2
160 223 81.1
160 258 61.1
160 259 75.1
160 281 146.2
161 22 68.1
161 23 114.19999999999999
161 83 61.1
161 99 87.1
161 126 129.2
161 140 121.2
161 146 85.1
161 164 140.2
161 165 120.19999999999999
161 172 76.1
161 183 132.2
161 184 150.2
161 195 79.1
161 206 58.1
161 209 127.19999999999999
161 240 64.1
161 253 114.2
162 6 70.1
162 35 87.1
162 93 151.2
162 114 94.1
162 130 171.2
162 134 90.1
162 141 87.1
162 149 103.1
162 156 158.2
162 166 195.2
162 176 205.2
162 197 80.1
162 200 81.1
162 221 174.2
162 227 196.2
162 228 222.29999999999998
162 260 307.29999999999995
162 276 71.1
163 24 65.1
163 35 71.1
163 38 134.2
163 52 74.1
163 72 140.2
163 77 119.2
163 81 79.1
163 82 77.1
163 84 59.1
163 114 64.1
163 137 158.2
163 144 152.2
163 180 197.29999999999998
163 205 58.1
163 216 138.2
163 227 70.1
163 244 59.1
163 257 73.1
164 23 116.2
164 60 77.1
164 62 85.1
164 120 100.1
164 126 210.29999999999998
164 127 75.1
164 131 76.1
164 135 72.1
164 140 138.2
164 161 147.2
164 165 125.2
164 184 122.19999999999999
164 209 206.29999999999998
164 235 94.1
164 253 118.2
164 292 104.1
165 23 150.2
165 28 98.1
165 33 85.1
165 55 94.1
165 60 115.1
165 99 78.1
165 126 121.19999999999999
165 140 193.29999999999998
165 161 151.2
165 164 133.2
165 184 172.2
165 202 71.1
165 206 85.1
165 209 146.2
165 231 87.1
165 248 77.1
165 253 199.29999999999998
165 261 79.1
166 42 80.1
166 57 71.1
166 67 62.1
166 93 211.29999999999998
166 130 138.2
166 141 65.1
166 143 83.1
166 156 166.2
166 162 166.2
166 176 161.2
166 193 93.1
166 200 81.1
166 219 114.1
166 221 143.2
166 227 149.2
166 228 111.2
166 260 185.2
166 270 70.1
167 13 106.1
167 27 66.1
167 39 92.1
167 42 252.29999999999998
167 52 55.1
167 53 71.1
167 58 69.1
167 86 192.29999999999998
167 91 78.1
167 95 67.1
167 139 83.1
167 169 187.2
167 200 143.2
167 202 56.1
167 207 92.1
167 223 155.2
167 241 254.29999999999998
167 264 161.2
167 289 159.2
168 4 183.2
168 27 81.1
168 28 73.1
168 41 52.1
168 63 66.1
168 142 51.1
168 186 80.1
168 188 166.2
168 197 163.2
168 205 166.2
168 208 262.29999999999995
168 252 162.2
168 284 82.1
168 285 100.1
168 291 154.2
168 293 167.2
169 13 123.1
169 35 62.1
169 42 140.2
169 86 125.19999999999999
169 95 68.1
169 98 54.1
169 167 155.2
169 181 140.2
169 193 69.1
169 196 68.1
169 200 140.2
169 202 49.1
169 215 77.1
169 223 166.2
169 241 158.2
169 243 71.1
169 264 283.29999999999995
169 289 162.2
170 3 68.1
170 5 162.2
170 22 139.2
170 28 129.2
170 58 90.1
170 118 134.2
170 122 132.2
170 123 134.2
170 124 122.19999999999999
170 142 146.2
170 159 74.1
170 173 82.1
170 178 81.1
170 209 72.1
170 225 143.2
170 237 89.1
170 253 78.1
170 272 72.1
170 292 102.1
171 19 124.2
171 46 253.29999999999998
171 54 147.2
171 56 61.1
171 57 129.2
171 76 99.1
171 80 162.2
171 97 74.1
171 127 67.1
171 133 149.2
171 135 157.2
171 145 126.19999999999999
171 191 130.2
171 194 73.1
171 249 80.1
171 251 83.1
171 275 79.1
171 287 73.1
172 0 132.2
172 9 160.2
172 18 89.1
172 44 132.2
172 46 82.1
172 50 153.2
172 109 143.2
172 115 150.2
172 122 78.1
172 123 53.1
172 132 75.1
172 154 78.1
172 161 101.1
172 199 64.1
172 210 135.2
172 217 74.1
172 240 221.29999999999998
172 269 164.2
173 9 62.1
173 11 118.2
173 24 72.1
173 53 123.19999999999999
173 66 142.2
173 80 62.1
173 81 78.1
173 94 103.2
173 113 62.1
173 137 73.1
173 153 80.1
173 170 64.1
173 176 79.1
173 182 166.2
173 228 49.1
173 243 132.2
173 271 147.2
173 278 66.1
173 280 89.1
174 13 200.2
174 51 54.1
174 62 129.2
174 64 142.2
174 95 63.1
174 181 64.1
174 200 63.1
174 205 62.1
174 216 74.1
174 219 70.1
174 234 183.2
174 244 148.2
174 277 211.29999999999998
174 284 243.29999999999998
174 286 156.2
175 8 297.29999999999995
175 16 116.1
175 25 88.1
175 34 83.1
175 48 83.1
175 55 222.2
175 76 175.2
175 84 111.1
175 97 201.2
175 192 228.2
175 198 225.2
175 229 153.2
175 246 231.2
175 292 116.1
175 294 215.2
176 41 61.1
176 70 73.1
176 93 135.2
176 113 82.1
176 130 221.29999999999998
176 153 82.1
176 156 246.29999999999998
176 162 192.2
176 166 169.2
176 173 87.1
176 215 107.1
176 220 111.1
176 221 120.2
176 227 249.29999999999998
176 228 122.19999999999999
176 260 176.2
176 276 156.2
177 10 65.1
177 36 224.29999999999998
177 39 162.2
177 40 205.29999999999998
177 50 93.1
177 53 65.1
177 87 58.1
177 94 45.1
177 95 82.1
177 116 80.1
177 157 233.29999999999998
177 198 84.1
177 217 152.2
177 220 196.2
177 226 58.1
177 239 72.1
177 241 88.1
177 263 55.1
177 273 163.2
178 20 143.2
178 34 127.19999999999999
178 61 202.29999999999998
178 65 122.19999999999999
178 107 97.1
178 116 68.1
178 119 236.29999999999998
178 136 77.1
178 146 80.1
178 170 65.1
178 179 119.2
178 232 145.2
178 240 95.1
178 242 95.1
178 268 158.2
178 274 202.29999999999998
179 20 112.2
179 23 55.1
179 34 111.2
179 61 116.2
179 65 110.2
179 119 121.19999999999999
179 178 103.2
179 204 40.1
179 222 53.1
179 232 89.2
179 235 61.1
179 246 103.1
179 268 63.1
179 273 70.1
179 274 158.3
179 279 85.1
180 13 113.1
180 35 82.1
180 38 204.29999999999998
180 40 70.1
180 72 139.2
180 77 147.2
180 81 82.1
180 82 55.1
180 124 73.1
180 130 71.1
180 134 69.1
180 137 168.2
180 144 145.2
180 163 232.29999999999998
180 203 75.1
180 216 155.2
180 253 83.1
181 13 56.1
181 43 47.1
181 53 53.1
181 85 141.2
181 99 59.1
181 103 55.1
181 109 55.1
181 132 56.1
181 147 48.1
181 169 116.2
181 174 78.1
181 213 73.1
181 241 162.2
181 264 140.2
181 284 135.2
181 289 68.1
181 291 134.2
182 11 150.2
182 45 61.1
182 53 112.2
182 59 93.1
182 66 126.19999999999999
182 89 64.1
182 94 93.2
182 141 64.1
182 173 160.2
182 204 73.1
182 205 93.1
182 243 129.2
182 257 68.1
182 260 53.1
182 271 164.2
182 280 79.1
182 286 79.1
183 20 74.1
183 45 66.1
183 75 63.1
183 83 75.1
183 101 91.1
183 117 134.2
183 121 150.2
183 122 71.1
183 155 167.29999999999998
183 161 147.2
183 206 129.2
183 224 135.2
183 235 141.2
183 236 177.2
183 238 86.1
183 266 117.19999999999999
183 272 66.1
183 288 75.1
184 14 72.1
184 16 101.1
184 23 148.2
184 33 73.1
184 68 97.1
184 69 82.1
184 120 100.1
184 124 67.1
184 126 215.3
184 131 53.1
184 140 141.2
184 151 103.1
184 161 184.2
184 164 148.2
184 165 161.2
184 209 163.2
184 233 75.1
184 253 141.2
184 276 101.1
185 1 82.1
185 6 84.1
185 7 167.2
185 15 151.2
185 17 81.1
185 33 256.29999999999995
185 78 134.2
185 79 146.2
185 92 230.29999999999998
185 106 75.1
185 122 81.1
185 154 96.1
185 156 60.1
185 189 76.1
185 190 68.1
185 192 90.1
185 240 65.1
185 272 255.29999999999998
185 294 118.1
186 17 139.2
186 30 138.2
186 63 83.1
186 64 57.1
186 85 163.2
186 154 58.1
186 168 73.1
186 213 168.2
186 238 92.1
186 249 168.2
186 254 154.2
186 255 77.1
186 258 129.2
186 259 181.2
186 286 90.1
186 290 240.29999999999998
187 73 126.19999999999999
187 75 50.1
187 90 117.2
187 97 125.19999999999999
187 101 60.1
187 110 113.2
187 127 176.29999999999998
187 207 98.1
187 229 141.2
187 231 83.1
187 246 144.2
187 256 156.2
187 275 123.19999999999999
187 283 129.2
187 287 135.2
188 4 154.2
188 32 84.1
188 62 73.1
188 63 82.1
188 64 74.1
188 168 149.2
188 197 170.2
188 205 154.2
188 208 183.2
188 234 167.2
188 250 170.2
188 252 212.29999999999998
188 277 100.1
188 293 150.2
189 16 81.1
189 29 169.3
189 67 69.1
189 71 70.1
189 83 83.1
189 96 158.2
189 105 136.2
189 107 85.1
189 131 145.2
189 185 60.1
189 190 142.2
189 214 147.2
189 220 99.1
189 232 61.1
189 242 138.2
189 251 76.1
189 265 71.1
189 288 141.2
189 292 101.1
190 5 77.1
190 6 90.1
190 26 87.1
190 29 230.29999999999998
190 33 63.1
190 96 225.29999999999998
190 99 85.1
190 105 127.19999999999999
190 111 93.1
190 121 87.1
190 131 154.2
190 158 89.1
190 185 74.1
190 189 174.2
190 214 228.29999999999998
190 232 75.1
190 242 144.2
190 272 88.1
190 288 139.2
191 19 144.2
191 44 74.1
191 46 140.2
191 54 209.29999999999998
191 57 171.2
191 77 66.1
191 80 139.2
191 100 61.1
191 133 132.2
191 135 152.2
191 145 125.19999999999999
191 149 92.1
191 152 85.1
191 159 74.1
191 171 156.2
191 276 62.1
191 277 82.1
192 8 168.2
192 12 115.1
192 30 172.2
192 55 178.2
192 76 158.2
192 92 54.1
192 106 177.2
192 108 105.1
192 126 78.1
192 127 148.2
192 175 186.2
192 185 51.1
192 198 170.2
192 199 66.1
192 229 214.29999999999998
192 275 64.1
192 294 206.2
193 13 68.1
193 25 86.1
193 27 136.2
193 58 123.19999999999999
193 66 74.1
193 67 73.1
193 91 209.29999999999998
193 99 114.2
193 130 77.1
193 150 63.1
193 166 88.1
193 169 78.1
193 195 57.1
193 196 84.1
193 202 77.1
193 204 228.29999999999998
193 227 80.1
193 271 67.1
193 281 82.1
193 282 124.19999999999999
193 289 60.1
194 13 150.2
194 47 68.1
194 58 70.1
194 70 66.1
194 81 66.1
194 84 65.1
194 95 120.2
194 102 64.1
194 137 81.1
194 157 49.1
194 160 198.29999999999998
194 171 78.1
194 203 127.19999999999999
194 215 139.2
194 219 69.1
194 241 67.1
194 243 83.1
194 257 50.1
194 259 71.1
194 264 76.1
194 281 140.2
195 2 76.1
195 11 91.1
195 24 169.2
195 37 85.1
195 59 149.2
195 66 62.1
195 70 227.29999999999998
195 81 261.29999999999995
195 161 69.1
195 193 55.1
195 201 86.1
195 202 73.1
195 221 94.1
195 223 90.1
195 243 72.1
195 257 140.2
195 262 96.1
195 271 105.1
195 280 254.29999999999998
195 282 56.1
196 35 133.2
196 36 69.1
196 48 140.2
196 60 58.1
196 65 56.1
196 89 61.1
196 92 58.1
196 100 148.2
196 112 126.19999999999999
196 134 71.1
196 135 65.1
196 137 84.1
196 149 144.2
196 152 79.1
196 158 210.29999999999998
196 169 67.1
196 193 74.1
196 248 172.2
196 249 96.1
197 4 195.2
197 22 67.1
197 51 60.1
197 65 49.1
197 90 81.1
197 93 72.1
197 114 89.1
197 119 91.1
197 121 81.1
197 140 70.1
197 141 75.1
197 162 97.1
197 168 135.2
197 188 181.2
197 200 93.1
197 205 172.2
197 208 178.2
197 252 153.2
197 285 92.1
197 293 180.2
198 8 189.2
198 18 68.1
198 30 77.1
198 55 290.29999999999995
198 56 136.2
198 76 164.2
198 105 56.1
198 136 81.1
198 175 200.2
198 177 88.1
198 192 180.2
198 211 100.1
198 229 165.2
198 237 71.1
198 254 80.1
199 7 65.1
199 17 76.1
199 25 161.2
199 26 191.3
199 47 83.1
199 48 81.1
199 49 149.2
199 51 60.1
199 56 131.2
199 92 64.1
199 106 139.2
199 108 213.29999999999998
199 158 96.1
199 172 68.1
199 192 88.1
199 207 98.1
199 238 83.1
199 243 83.1
199 246 155.2
199 258 84.1
200 16 99.1
200 27 81.1
200 32 88.1
200 42 167.2
200 86 139.2
200 104 105.1
200 123 61.1
200 139 84.1
200 141 74.1
200 162 71.1
200 166 85.1
200 167 146.2
200 169 177.2
200 174 61.1
200 197 90.1
200 223 189.2
200 241 183.2
200 261 68.1
200 264 151.2
200 289 145.2
201 14 141.2
201 41 126.19999999999999
201 47 129.2
201 54 84.1
201 97 85.1
201 106 176.2
201 108 97.1
201 114 192.2
201 119 122.1
201 127 84.1
201 152 167.2
201 154 174.2
201 158 85.1
201 195 89.1
201 208 98.1
201 250 78.1
201 267 237.29999999999998
201 275 81.1
202 82 162.2
202 84 128.2
202 87 70.1
202 98 62.1
202 99 139.2
202 139 203.29999999999998
202 148 141.2
202 151 162.2
202 153 200.29999999999998
202 165 72.1
202 167 67.1
202 169 70.1
202 193 81.1
202 195 76.1
202 217 72.1
202 219 198.29999999999998
202 227 79.1
202 242 74.1
202 257 66.1
203 13 166.2
203 16 79.1
203 45 73.1
203 51 49.1
203 54 52.1
203 59 174.2
203 81 83.1
203 82 146.2
203 95 229.29999999999998
203 134 69.1
203 137 178.2
203 160 244.29999999999998
203 180 84.1
203 194 150.2
203 215 147.2
203 259 77.1
203 261 80.1
203 281 162.2
204 13 97.1
204 23 70.1
204 27 136.2
204 39 73.1
204 58 136.2
204 66 158.2
204 86 56.1
204 91 146.2
204 113 68.1
204 148 64.1
204 179 50.1
204 182 58.1
204 193 214.29999999999998
204 221 58.1
204 264 94.1
204 271 88.1
204 280 75.1
204 281 89.1
204 282 162.2
205 4 142.2
205 23 61.1
205 38 80.1
205 54 45.1
205 77 67.1
205 114 77.1
205 145 60.1
205 163 46.1
205 168 147.2
205 174 61.1
205 182 80.1
205 188 149.2
205 197 167.2
205 208 214.29999999999998
205 234 74.1
205 252 140.2
205 291 69.1
205 293 162.2
206 23 68.1
206 25 92.1
206 68 91.1
206 79 54.1
206 117 163.3
206 121 130.2
206 155 92.2
206 161 79.1
206 165 67.1
206 183 131.2
206 209 84.1
206 224 121.19999999999999
206 235 143.2
206 236 148.2
206 238 86.1
206 261 146.2
206 266 135.2
207 18 76.1
207 31 55.1
207 62 72.1
207 68 83.1
207 87 86.1
207 88 75.1
207 91 86.1
207 127 72.1
207 129 94.1
207 147 87.1
207 167 71.1
207 187 56.1
207 199 58.1
207 210 97.1
207 212 189.2
207 214 72.1
207 220 140.1
207 222 202.2
207 238 190.2
207 274 103.1
207 283 82.1
207 286 81.1
208 4 230.29999999999998
208 56 69.1
208 88 185.2
208 90 83.1
208 108 84.1
208 144 81.1
208 149 85.1
208 168 247.29999999999998
208 188 186.2
208 197 175.2
208 201 74.1
208 205 261.29999999999995
208 216 88.1
208 234 76.1
208 241 95.1
208 244 60.1
208 252 149.2
208 293 168.2
209 23 120.19999999999999
209 28 61.1
209 99 52.1
209 117 59.1
209 126 151.2
209 140 123.19999999999999
209 146 59.1
209 161 150.2
209 164 183.29999999999998
209 165 133.2
209 170 63.1
209 184 160.2
209 206 58.1
209 231 112.1
209 253 119.2
209 270 75.1
209 292 105.1
210 0 148.2
210 9 154.2
210 39 86.1
210 44 147.2
210 50 163.2
210 75 81.1
210 102 66.1
210 107 88.1
210 109 145.2
210 115 137.2
210 142 65.1
210 172 138.2
210 207 121.1
210 212 99.1
210 219 81.1
210 240 138.2
210 247 93.1
210 269 156.2
211 18 191.2
211 25 86.1
211 36 69.1
211 39 84.1
211 60 79.1
211 65 62.1
211 105 63.1
211 107 179.2
211 132 159.2
211 138 163.2
211 198 109.1
211 226 217.29999999999998
211 230 150.2
211 247 161.2
211 263 131.2
211 268 156.2
211 273 91.1
212 10 48.1
212 15 89.1
212 21 161.2
212 65 79.1
212 68 73.1
212 83 90.1
212 87 73.1
212 88 78.1
212 101 177.2
212 109 69.1
212 116 120.2
212 132 73.1
212 138 62.1
212 146 140.2
212 148 69.1
212 157 83.1
212 207 219.2
212 210 78.1
212 238 109.1
212 262 173.2
213 17 295.29999999999995
213 42 94.1
213 85 218.2
213 93 70.1
213 124 67.1
213 181 77.1
213 186 159.2
213 242 82.1
213 249 222.2
213 254 199.2
213 258 137.2
213 259 252.29999999999998
213 261 104.1
213 283 102.1
213 290 282.29999999999995
213 291 96.1
214 5 61.1
214 9 94.1
214 25 84.1
214 29 168.2
214 67 71.1
214 68 74.1
214 96 145.2
214 103 69.1
214 105 149.2
214 131 116.2
214 135 80.1
214 189 145.2
214 190 182.3
214 207 99.1
214 224 67.1
214 242 148.2
214 272 69.1
214 280 69.1
214 288 183.3
215 2 62.1
215 13 173.2
215 24 153.2
215 25 85.1
215 27 62.1
215 56 72.1
215 59 73.1
215 81 81.1
215 84 92.1
215 91 90.1
215 93 83.1
215 95 214.29999999999998
215 113 71.1
215 160 148.2
215 169 93.1
215 176 96.1
215 194 139.2
215 203 148.2
215 241 88.1
215 281 158.2
216 3 82.1
216 35 78.1
216 38 176.3
216 62 141.2
216 71 128.2
216 72 130.2
216 77 133.2
216 83 79.1
216 137 172.2
216 142 49.1
216 144 130.2
216 163 118.2
216 174 83.1
216 180 143.2
216 208 79.1
216 291 64.1
217 10 53.1
217 21 112.1
217 36 112.2
217 39 163.2
217 40 136.2
217 58 75.1
217 68 189.2
217 151 99.1
217 157 212.29999999999998
217 172 65.1
217 177 148.2
217 202 56.1
217 218 66.1
217 219 91.1
217 220 155.2
217 256 77.1
217 259 79.1
217 273 145.2
218 8 77.1
218 10 126.19999999999999
218 21 168.2
218 33 65.1
218 68 152.2
218 76 150.2
218 87 208.29999999999998
218 88 149.2
218 101 83.1
218 116 196.3
218 147 62.1
218 153 61.1
218 217 70.1
218 239 210.29999999999998
218 262 172.2
218 269 67.1
219 20 75.1
219 46 77.1
219 70 64.1
219 82 148.2
219 84 191.29999999999998
219 94 50.1
219 98 69.1
219 99 265.29999999999995
219 139 144.2
219 148 170.2
219 151 152.2
219 153 147.2
219 166 107.1
219 174 82.1
219 194 73.1
219 202 202.3
219 210 64.1
219 217 82.1
219 241 72.1
220 7 112.1
220 21 114.1
220 36 174.2
220 39 299.29999999999995
220 40 280.29999999999995
220 50 98.1
220 74 94.1
220 91 123.1
220 94 48.1
220 133 114.1
220 153 118.1
220 157 194.2
220 176 126.1
220 177 198.2
220 189 97.1
220 207 186.1
220 217 177.2
220 226 91.1
220 263 80.1
220 273 233.2
221 2 83.1
221 58 82.1
221 66 80.1
221 93 137.2
221 120 66.1
221 130 224.29999999999998
221 142 53.1
221 156 161.2
221 162 180.2
221 166 148.2
221 176 151.2
221 195 98.1
221 204 62.1
221 227 152.2
221 228 123.19999999999999
221 260 177.2
221 282 76.1
222 29 51.1
222 33 78.1
222 76 148.2
222 79 124.2
222 92 67.1
222 106 161.2
222 129 183.2
222 146 88.1
222 179 74.1
222 207 223.2
222 231 180.2
222 233 159.2
222 238 170.2
222 248 75.1
222 250 161.2
222 255 83.1
223 32 104.1
223 42 145.2
223 59 81.1
223 72 70.1
223 77 71.1
223 82 60.1
223 86 136.2
223 95 82.1
223 120 96.1
223 137 98.1
223 160 97.1
223 167 134.2
223 169 174.2
223 195 80.1
223 200 137.2
223 241 159.2
223 264 164.2
223 280 92.1
223 289 158.2
224 5 68.1
224 29 58.1
224 35 61.1
224 59 57.1
224 117 125.19999999999999
224 119 65.1
224 121 209.29999999999998
224 155 178.3
224 183 145.2
224 206 124.19999999999999
224 214 83.1
224 235 117.19999999999999
224 236 150.2
224 239 76.1
224 265 72.1
224 266 136.2
224 270 132.2
224 272 68.1
225 2 76.1
225 5 142.2
225 22 132.2
225 28 112.2
225 66 103.1
225 83 77.1
225 91 79.1
225 118 133.2
225 122 140.2
225 123 138.2
225 124 126.19999999999999
225 129 84.1
225 142 118.19999999999999
225 170 126.19999999999999
225 236 91.1
225 265 77.1
225 290 74.1
226 18 222.29999999999998
226 39 87.1
226 40 60.1
226 87 67.1
226 103 66.1
226 107 183.2
226 132 145.2
226 138 128.2
226 177 61.1
226 211 223.29999999999998
226 220 90.1
226 230 131.2
226 239 78.1
226 247 144.2
226 254 48.1
226 263 126.19999999999999
226 268 164.2
226 294 106.1
227 11 99.1
227 27 89.1
227 37 76.1
227 91 76.1
227 93 140.2
227 130 145.2
227 150 69.1
227 156 129.2
227 162 134.2
227 163 80.1
227 166 138.2
227 176 222.29999999999998
227 193 70.1
227 202 61.1
227 221 137.2
227 228 124.2
227 260 181.2
228 5 71.1
228 6 70.1
228 36 56.1
228 41 63.1
228 63 71.1
228 74 69.1
228 93 186.29999999999998
228 113 70.1
228 130 147.2
228 153 91.1
228 156 156.2
228 162 210.29999999999998
228 166 124.19999999999999
228 173 66.1
228 176 133.2
228 221 135.2
228 227 138.2
228 260 153.2
228 272 79.1
229 8 256.29999999999995
229 16 83.1
229 31 65.1
229 55 161.2
229 57 77.1
229 75 78.1
229 76 192.29999999999998
229 88 161.2
229 90 97.1
229 104 61.1
229 108 70.1
229 152 71.1
229 175 172.2
229 187 148.2
229 192 258.29999999999995
229 198 164.2
229 231 184.2
230 1 112.1
230 18 328.29999999999995
230 28 95.1
230 48 109.1
230 77 89.1
230 94 69.1
230 107 231.2
230 132 285.29999999999995
230 138 172.2
230 152 101.1
230 156 115.1
230 211 202.2
230 226 172.2
230 239 131.1
230 247 183.2
230 263 281.29999999999995
230 267 97.1
230 268 250.2
231 23 62.1
231 31 79.1
231 64 69.1
231 101 205.2
231 120 91.1
231 121 92.1
231 124 60.1
231 140 56.1
231 146 173.2
231 165 74.1
231 187 90.1
231 209 85.1
231 222 199.2
231 229 181.2
231 238 112.1
231 255 88.1
231 261 216.2
231 292 245.2
231 294 223.2
232 20 130.2
232 29 81.1
232 34 144.2
232 61 132.2
232 65 111.2
232 85 101.1
232 119 213.29999999999998
232 125 57.1
232 128 80.1
232 138 125.19999999999999
232 178 128.2
232 179 131.2
232 189 79.1
232 190 62.1
232 245 71.1
232 258 71.1
232 274 128.2
233 30 228.29999999999998
233 31 139.2
233 61 86.1
233 65 68.1
233 72 70.1
233 80 60.1
233 96 65.1
233 135 67.1
233 136 177.2
233 144 148.2
233 184 80.1
233 222 156.2
233 248 74.1
233 250 144.2
233 251 153.2
233 255 252.29999999999998
234 14 51.1
234 32 60.1
234 49 76.1
234 62 119.2
234 64 141.2
234 145 66.1
234 174 140.2
234 188 156.2
234 205 66.1
234 208 72.1
234 244 160.2
234 277 199.29999999999998
234 284 166.2
234 285 82.1
234 286 164.2
235 6 50.1
235 10 53.1
235 14 47.1
235 60 75.1
235 68 66.1
235 69 51.1
235 117 122.19999999999999
235 121 106.2
235 126 82.1
235 155 97.2
235 164 58.1
235 179 72.1
235 183 133.2
235 206 113.2
235 224 105.2
235 236 127.19999999999999
235 261 68.1
235 266 128.2
235 270 68.1
236 0 51.1
236 8 186.2
236 60 79.1
236 76 159.2
236 117 113.2
236 121 142.2
236 155 125.19999999999999
236 183 178.2
236 206 159.2
236 224 117.2
236 225 96.1
236 235 142.2
236 265 76.1
236 266 212.29999999999998
236 290 70.1
237 3 74.1
237 6 135.2
237 16 148.2
237 32 76.1
237 51 88.1
237 60 139.2
237 67 119.2
237 69 123.19999999999999
237 78 71.1
237 83 157.2
237 92 43.1
237 118 69.1
237 120 159.2
237 128 75.1
237 170 81.1
237 198 96.1
237 265 223.29999999999998
237 270 149.2
237 294 95.1
238 8 141.2
238 69 65.1
238 101 146.2
238 131 48.1
238 136 156.2
238 146 138.2
238 183 53.1
238 186 52.1
238 199 51.1
238 206 72.1
238 207 197.2
238 212 82.1
238 222 150.2
238 231 91.1
238 252 66.1
238 261 170.2
238 266 73.1
238 270 52.1
238 292 200.2
239 10 123.19999999999999
239 21 171.2
239 40 66.1
239 41 61.1
239 68 136.2
239 87 149.2
239 88 162.2
239 99 75.1
239 115 120.2
239 116 141.2
239 125 69.1
239 177 69.1
239 218 219.29999999999998
239 224 75.1
239 226 79.1
239 230 81.1
239 240 73.1
239 247 147.2
239 262 161.2
240 0 127.19999999999999
240 1 68.1
240 9 168.2
240 44 156.2
240 48 98.1
240 50 166.2
240 87 85.1
240 109 157.2
240 115 149.2
240 118 70.1
240 161 73.1
240 172 237.29999999999998
240 178 81.1
240 185 58.1
240 210 147.2
240 239 66.1
240 269 154.2
240 273 68.1
241 20 64.1
241 42 116.2
241 45 55.1
241 53 64.1
241 56 72.1
241 86 128.2
241 95 141.2
241 167 206.29999999999998
241 169 155.2
241 177 74.1
241 181 148.2
241 194 60.1
241 200 160.2
241 208 96.1
241 215 79.1
241 219 67.1
241 223 141.2
241 264 161.2
241 289 146.2
242 6 60.1
242 19 58.1
242 20 73.1
242 29 100.2
242 46 77.1
242 54 74.1
242 66 63.1
242 78 50.1
242 79 66.1
242 92 72.1
242 96 133.2
242 102 69.1
242 105 200.29999999999998
242 131 122.19999999999999
242 178 48.1
242 189 129.2
242 190 120.19999999999999
242 202 59.1
242 213 88.1
242 214 180.2
242 251 81.1
242 288 130.2
243 11 118.2
243 47 66.1
243 53 116.2
243 66 138.2
243 70 72.1
243 81 70.1
243 84 64.1
243 94 80.2
243 95 73.1
243 169 69.1
243 173 129.2
243 182 130.2
243 194 64.1
243 195 69.1
243 199 53.1
243 264 88.1
243 271 168.2
243 278 45.1
244 3 39.1
244 13 109.1
244 41 57.1
244 51 47.1
244 52 56.1
244 62 132.2
244 64 155.3
244 86 55.1
244 149 72.1
244 163 58.1
244 174 129.2
244 208 72.1
244 234 159.2
244 276 67.1
244 277 134.2
244 284 166.2
244 286 191.3
244 291 71.1
245 2 117.2
245 3 79.1
245 37 219.29999999999998
245 43 117.2
245 45 114.2
245 67 63.1
245 75 63.1
245 76 78.1
245 98 185.3
245 113 127.19999999999999
245 124 60.1
245 141 148.2
245 143 53.1
245 150 194.29999999999998
245 232 60.1
246 12 175.2
246 47 70.1
246 90 222.2
246 97 138.2
246 103 59.1
246 108 78.1
246 110 199.2
246 111 89.1
246 127 189.2
246 133 76.1
246 146 138.2
246 175 163.2
246 179 94.1
246 187 127.19999999999999
246 199 118.19999999999999
246 275 133.2
246 283 154.2
247 18 166.2
247 21 79.1
247 25 67.1
247 40 63.1
247 103 49.1
247 107 169.2
247 132 137.2
247 138 125.19999999999999
247 157 81.1
247 210 53.1
247 211 158.2
247 226 118.19999999999999
247 230 127.19999999999999
247 239 130.2
247 263 113.2
247 268 133.2
247 269 70.1
248 19 65.1
248 31 91.1
248 35 152.2
248 48 179.2
248 80 70.1
248 96 80.1
248 100 158.2
248 103 80.1
248 112 269.29999999999995
248 149 181.2
248 158 169.2
248 165 90.1
248 196 169.2
248 222 91.1
248 233 83.1
248 250 103.1
248 251 87.1
248 255 74.1
248 257 88.1
248 267 79.1
249 17 248.29999999999998
249 69 72.1
249 83 66.1
249 85 257.29999999999995
249 100 67.1
249 102 206.29999999999998
249 120 56.1
249 124 72.1
249 171 56.1
249 186 146.2
249 196 84.1
249 213 158.2
249 254 171.2
249 258 193.29999999999998
249 259 160.2
249 290 169.2
250 30 161.2
250 31 138.2
250 33 92.1
250 55 83.1
250 108 85.1
250 118 65.1
250 135 76.1
250 136 221.29999999999998
250 146 73.1
250 188 185.2
250 201 84.1
250 222 162.2
250 233 155.2
250 248 94.1
250 251 196.2
250 252 93.1
250 255 189.2
251 0 80.1
251 4 86.1
251 30 253.29999999999998
251 31 137.2
251 46 87.1
251 70 72.1
251 96 71.1
251 117 61.1
251 128 182.2
251 131 87.1
251 136 198.2
251 143 87.1
251 171 80.1
251 189 86.1
251 233 150.2
251 242 55.1
251 248 95.1
251 250 184.2
251 255 200.2
252 4 217.29999999999998
252 39 92.1
252 46 69.1
252 54 58.1
252 80 70.1
252 107 88.1
252 135 70.1
252 146 69.1
252 168 154.2
252 188 265.29999999999995
252 197 154.2
252 205 174.2
252 208 154.2
252 238 106.1
252 250 88.1
252 255 95.1
252 285 88.1
252 293 157.2
253 15 81.1
253 23 205.29999999999998
253 58 100.1
253 69 75.1
253 121 87.1
253 126 230.29999999999998
253 140 136.2
253 146 79.1
253 161 141.2
253 164 137.2
253 165 221.29999999999998
253 170 76.1
253 180 92.1
253 184 149.2
253 209 157.2
253 270 81.1
253 292 120.1
254 17 234.29999999999998
254 29 55.1
254 58 73.1
254 85 179.2
254 98 77.1
254 144 75.1
254 149 88.1
254 186 136.2
254 198 74.1
254 213 198.2
254 226 62.1
254 249 188.2
254 258 149.2
254 259 180.2
254 290 187.2
255 8 98.1
255 15 86.1
255 29 77.1
255 30 170.2
255 31 139.2
255 46 75.1
255 108 88.1
255 124 66.1
255 126 77.1
255 136 133.2
255 186 78.1
255 222 79.1
255 231 86.1
255 233 219.29999999999998
255 248 56.1
255 250 165.2
255 251 171.2
255 252 77.1
255 292 93.1
256 27 89.1
256 34 82.1
256 84 85.1
256 87 74.1
256 90 162.2
256 97 180.2
256 110 179.2
256 111 158.2
256 127 141.2
256 143 69.1
256 155 53.1
256 187 143.2
256 217 65.1
256 275 146.2
256 283 148.2
256 287 162.2
257 13 89.1
257 24 118.19999999999999
257 38 65.1
257 39 59.1
257 58 49.1
257 59 162.3
257 70 129.2
257 81 134.2
257 86 49.1
257 91 47.1
257 110 87.1
257 131 70.1
257 137 78.1
257 163 71.1
257 182 58.1
257 194 46.1
257 195 104.2
257 202 51.1
257 248 64.1
257 280 138.2
257 289 70.1
258 7 79.1
258 17 229.29999999999998
258 30 67.1
258 63 70.1
258 85 180.2
258 105 79.1
258 126 87.1
258 129 99.1
258 138 66.1
258 160 78.1
258 186 141.2
258 199 77.1
258 213 173.2
258 232 56.1
258 249 311.29999999999995
258 254 162.2
258 259 177.2
258 290 168.2
259 17 172.2
259 43 65.1
259 52 74.1
259 62 154.2
259 74 77.1
259 85 211.2
259 91 95.1
259 160 73.1
259 186 176.2
259 194 64.1
259 203 62.1
259 213 252.29999999999998
259 217 68.1
259 249 171.2
259 254 170.2
259 258 139.2
259 286 77.1
259 290 138.2
260 13 105.1
260 27 94.1
260 93 105.2
260 130 122.19999999999999
260 139 144.2
260 148 139.2
260 156 130.2
260 162 234.29999999999998
260 166 151.2
260 176 147.2
260 182 52.1
260 221 141.2
260 227 161.2
260 228 118.19999999999999
260 290 94.1
261 55 89.1
261 64 66.1
261 121 87.1
261 123 77.1
261 124 67.1
261 136 106.1
261 140 70.1
261 146 154.2
261 165 64.1
261 200 80.1
261 203 75.1
261 206 136.2
261 213 96.1
261 231 165.2
261 235 65.1
261 238 207.2
261 291 80.1
261 292 191.2
261 293 101.1
262 0 64.1
262 9 77.1
262 10 136.2
262 21 161.2
262 68 153.2
262 73 160.2
262 78 57.1
262 87 128.2
262 88 150.2
262 103 51.1
262 116 146.2
262 119 87.1
262 195 77.1
262 212 167.2
262 218 128.2
262 239 141.2
263 18 143.2
263 36 60.1
263 79 81.1
263 94 51.1
263 107 163.2
263 132 143.2
263 138 121.19999999999999
263 157 72.1
263 159 84.1
263 177 65.1
263 211 137.2
263 220 77.1
263 226 128.2
263 230 208.29999999999998
263 247 155.2
263 268 253.29999999999998
263 277 80.1
263 289 64.1
264 42 263.29999999999995
264 85 159.2
264 86 138.2
264 167 131.2
264 169 306.29999999999995
264 181 136.2
264 194 74.1
264 200 125.19999999999999
264 204 92.1
264 223 169.2
264 241 182.2
264 243 82.1
264 280 91.1
264 289 160.2
264 290 86.1
264 291 134.2
265 16 165.2
265 29 83.1
265 33 79.1
265 40 64.1
265 48 80.1
265 59 93.1
265 60 129.2
265 69 163.2
265 75 84.1
265 83 258.29999999999995
265 96 126.19999999999999
265 120 218.29999999999998
265 131 82.1
265 142 77.1
265 189 95.1
265 224 83.1
265 225 93.1
265 236 80.1
265 237 234.29999999999998
265 270 161.2
265 288 71.1
266 27 68.1
266 33 64.1
266 91 65.1
266 96 59.1
266 117 181.3
266 121 135.2
266 122 87.1
266 146 67.1
266 155 116.19999999999999
266 183 145.2
266 206 153.2
266 224 133.2
266 235 144.2
266 236 232.29999999999998
266 238 93.1
266 292 182.2
267 6 65.1
267 14 132.2
267 22 52.1
267 41 131.2
267 47 174.2
267 50 81.1
267 67 94.1
267 72 85.1
267 74 69.1
267 80 85.1
267 108 104.1
267 114 135.2
267 121 95.1
267 152 223.29999999999998
267 154 201.29999999999998
267 158 85.1
267 201 230.29999999999998
267 230 85.1
267 248 86.1
267 294 100.1
268 10 77.1
268 18 177.2
268 39 79.1
268 61 152.2
268 107 218.2
268 116 159.2
268 132 168.2
268 138 141.2
268 178 139.2
268 179 64.1
268 211 165.2
268 226 166.2
268 230 176.2
268 247 157.2
268 263 239.29999999999998
269 0 140.2
269 9 169.2
269 17 90.1
269 44 137.2
269 50 155.2
269 76 95.1
269 86 74.1
269 109 119.2
269 115 128.2
269 172 184.2
269 210 174.2
269 218 60.1
269 240 151.2
269 247 69.1
269 294 131.1
270 11 73.1
270 16 171.2
270 28 61.1
270 60 118.2
270 67 74.1
270 69 141.2
270 83 142.2
270 120 192.29999999999998
270 126 76.1
270 129 88.1
270 166 68.1
270 209 68.1
270 224 146.2
270 235 79.1
270 237 122.19999999999999
270 238 76.1
270 253 85.1
270 265 156.2
271 2 72.1
271 3 61.1
271 11 181.2
271 53 155.2
271 66 163.2
271 81 76.1
271 94 123.19999999999999
271 109 76.1
271 132 77.1
271 151 67.1
271 173 143.2
271 182 167.2
271 193 73.1
271 195 89.1
271 204 74.1
271 243 154.2
271 280 75.1
271 282 71.1
272 0 77.1
272 5 73.1
272 7 179.2
272 15 159.2
272 22 76.1
272 33 144.2
272 40 62.1
272 45 67.1
272 75 72.1
272 78 135.2
272 79 192.2
272 89 93.1
272 92 130.2
272 123 70.1
272 147 72.1
272 170 81.1
272 183 76.1
272 185 248.29999999999998
272 190 97.1
272 214 86.1
272 224 62.1
272 228 81.1
273 6 61.1
273 18 76.1
273 36 194.3
273 39 170.2
273 40 138.2
273 60 80.1
273 68 83.1
273 83 91.1
273 87 85.1
273 115 80.1
273 118 50.1
273 125 74.1
273 157 162.2
273 177 156.2
273 179 66.1
273 211 84.1
273 217 145.2
273 220 180.2
273 240 61.1
274 20 137.2
274 25 70.1
274 34 120.19999999999999
274 50 74.1
274 56 59.1
274 61 116.2
274 65 101.2
274 89 63.1
274 107 87.1
274 109 66.1
274 119 182.2
274 147 84.1
274 157 74.1
274 178 178.3
274 179 186.29999999999998
274 207 123.1
274 232 125.19999999999999
275 25 135.2
275 26 64.1
275 90 153.2
275 97 56.1
275 108 67.1
275 110 133.2
275 127 117.2
275 158 54.1
275 171 58.1
275 187 116.2
275 192 87.1
275 201 62.1
275 246 150.2
275 256 143.2
275 283 148.2
275 287 126.19999999999999
276 6 52.1
276 19 60.1
276 24 57.1
276 52 66.1
276 66 72.1
276 67 111.2
276 72 91.1
276 78 60.1
276 81 99.1
276 91 79.1
276 93 124.19999999999999
276 100 138.2
276 109 71.1
276 112 73.1
276 129 87.1
276 135 74.1
276 154 154.2
276 162 67.1
276 176 166.2
276 184 99.1
276 191 60.1
276 244 79.1
276 278 88.1
277 41 62.1
277 62 124.19999999999999
277 64 209.29999999999998
277 71 69.1
277 73 71.1
277 74 63.1
277 109 63.1
277 112 63.1
277 123 60.1
277 174 206.29999999999998
277 188 72.1
277 191 43.1
277 234 236.29999999999998
277 244 135.2
277 263 50.1
277 284 158.2
277 285 75.1
277 286 142.2
278 1 140.2
278 9 79.1
278 47 62.1
278 75 204.29999999999998
278 78 60.1
278 103 130.2
278 104 133.2
278 110 86.1
278 111 88.1
278 118 49.1
278 125 131.2
278 143 139.2
278 145 65.1
278 147 144.2
278 159 227.29999999999998
278 173 59.1
278 243 69.1
278 276 93.1
278 287 96.1
279 12 245.29999999999998
279 25 60.1
279 30 50.1
279 49 89.1
279 55 162.2
279 63 56.1
279 69 49.1
279 71 141.2
279 73 134.2
279 102 129.2
279 111 148.2
279 126 71.1
279 128 133.2
279 129 153.2
279 143 51.1
279 179 68.1
279 285 127.19999999999999
279 291 62.1
280 5 59.1
280 24 153.2
280 42 78.1
280 53 49.1
280 59 143.2
280 70 154.2
280 81 165.2
280 84 68.1
280 92 47.1
280 95 148.2
280 111 59.1
280 173 86.1
280 182 65.1
280 195 218.29999999999998
280 204 72.1
280 214 64.1
280 223 80.1
280 257 145.2
280 264 76.1
280 271 76.1
281 13 275.29999999999995
281 27 81.1
281 42 70.1
281 54 47.1
281 58 160.2
281 59 163.2
281 86 54.1
281 91 70.1
281 95 200.29999999999998
281 137 102.1
281 156 63.1
281 160 150.2
281 193 68.1
281 194 137.2
281 203 159.2
281 204 93.1
281 215 167.2
281 282 72.1
282 2 58.1
282 11 87.1
282 27 132.2
282 37 70.1
282 52 49.1
282 53 42.1
282 58 184.29999999999998
282 66 122.19999999999999
282 84 81.1
282 86 47.1
282 91 96.2
282 100 51.1
282 112 58.1
282 120 54.1
282 150 32.1
282 193 102.2
282 195 72.1
282 204 137.2
282 221 64.1
282 271 64.1
282 281 55.1
283 12 168.2
283 18 71.1
283 65 44.1
283 90 162.2
283 97 122.19999999999999
283 110 157.2
283 127 144.2
283 143 56.1
283 147 60.1
283 187 126.19999999999999
283 207 91.1
283 213 90.1
283 246 157.2
283 256 131.2
283 275 142.2
283 287 146.2
284 32 80.1
284 37 70.1
284 41 51.1
284 49 76.1
284 62 163.2
284 64 121.19999999999999
284 168 64.1
284 174 214.29999999999998
284 181 145.2
284 234 179.2
284 244 158.2
284 277 141.2
284 286 129.2
284 291 146.2
285 12 130.2
285 19 50.1
285 41 67.1
285 49 74.1
285 60 72.1
285 71 130.2
285 73 111.2
285 102 119.19999999999999
285 104 65.1
285 111 186.29999999999998
285 128 100.2
285 140 69.1
285 154 48.1
285 168 83.1
285 197 64.1
285 234 72.1
285 252 69.1
285 277 51.1
285 279 128.2
286 41 41.1
286 51 47.1
286 52 48.1
286 62 149.2
286 64 104.2
286 98 49.1
286 120 53.1
286 174 128.2
286 182 86.1
286 186 74.1
286 207 108.1
286 234 132.2
286 244 161.29999999999998
286 259 64.1
286 277 119.19999999999999
286 284 137.2
287 14 75.1
287 25 82.1
287 26 72.1
287 82 72.1
287 90 148.2
287 104 87.1
287 106 97.1
287 108 79.1
287 110 163.2
287 119 84.1
287 127 134.2
287 147 81.1
287 171 71.1
287 187 135.2
287 256 146.2
287 275 121.2
287 278 67.1
287 283 143.2
288 7 69.1
288 16 69.1
288 23 53.1
288 29 110.19999999999999
288 48 60.1
288 67 78.1
288 83 69.1
288 96 127.19999999999999
288 101 61.1
288 105 87.2
288 112 76.1
288 131 126.19999999999999
288 183 65.1
288 189 117.2
288 190 128.2
288 214 178.29999999999998
288 242 138.2
288 265 67.1
289 11 79.1
289 39 67.1
289 40 49.1
289 42 136.2
289 77 53.1
289 81 73.1
289 86 170.29999999999998
289 99 66.1
289 151 69.1
289 167 126.19999999999999
289 169 161.2
289 181 78.1
289 193 61.1
289 200 116.2
289 223 169.2
289 241 148.2
289 257 61.1
289 263 52.1
289 264 147.2
290 17 159.2
290 29 57.1
290 37 74.1
290 56 42.1
290 58 75.1
290 74 65.1
290 85 152.2
290 138 71.1
290 152 48.1
290 186 213.29999999999998
290 213 253.29999999999998
290 225 66.1
290 236 66.1
290 249 187.2
290 254 181.2
290 258 126.19999999999999
290 259 132.2
290 260 77.1
290 264 83.1
291 4 104.2
291 27 70.1
291 37 78.1
291 42 72.1
291 55 59.1
291 97 70.1
291 136 70.1
291 148 44.1
291 168 138.2
291 181 132.2
291 205 61.1
291 213 73.1
291 216 49.1
291 244 67.1
291 261 77.1
291 264 117.19999999999999
291 279 61.1
291 284 140.2
291 293 57.1
292 5 70.1
292 101 150.2
292 109 69.1
292 117 83.1
292 124 54.1
292 126 79.1
292 132 81.1
292 146 171.2
292 155 60.1
292 164 70.1
292 170 78.1
292 175 99.1
292 189 76.1
292 209 87.1
292 231 202.2
292 238 217.2
292 253 77.1
292 255 83.1
292 261 176.2
292 266 165.2
293 3 50.1
293 4 215.29999999999998
293 33 80.1
293 63 77.1
293 64 71.1
293 73 147.2
293 89 50.1
293 168 138.2
293 188 161.2
293 197 159.2
293 205 132.2
293 208 143.2
293 252 130.2
293 261 102.1
293 291 55.1
294 29 47.1
294 31 120.19999999999999
294 55 182.2
294 108 169.2
294 116 79.1
294 126 92.1
294 154 79.1
294 158 93.1
294 175 180.2
294 185 66.1
294 192 205.2
294 226 71.1
294 231 179.2
294 237 68.1
294 267 76.1
294 269 89.1
