0 7 62.1
0 12 52.1
0 18 87.1
0 27 119.2
0 30 131.2
0 31 140.2
0 35 148.2
0 36 154.2
0 53 146.2
0 55 81.1
0 61 109.19999999999999
0 80 93.1
0 104 75.1
0 145 77.1
0 147 118.19999999999999
0 162 120.19999999999999
0 176 65.1
0 213 64.1
0 247 119.19999999999999
0 262 72.1
0 268 83.1
1 39 85.1
1 72 55.1
1 76 56.1
1 120 145.2
1 149 135.2
1 152 57.1
1 158 147.2
1 165 157.2
1 226 42.1
1 233 156.2
1 252 173.2
1 257 136.2
1 268 228.29999999999998
1 272 147.2
2 9 58.1
2 13 107.2
2 17 135.2
2 31 79.1
2 85 84.1
2 104 113.19999999999999
2 123 82.1
2 128 119.19999999999999
2 130 123.2
2 133 127.19999999999999
2 153 82.1
2 161 122.19999999999999
2 168 85.1
2 175 63.1
2 176 73.1
2 209 136.2
2 211 129.2
2 256 79.1
3 5 58.1
3 16 119.2
3 19 132.2
3 27 56.1
3 99 53.1
3 148 59.1
3 164 77.1
3 185 128.2
3 193 66.1
3 197 73.1
3 231 139.2
3 242 70.1
3 244 54.1
3 261 111.2
3 262 113.2
3 263 118.19999999999999
3 277 47.1
4 10 55.1
4 71 67.1
4 91 214.29999999999998
4 101 168.2
4 103 74.1
4 141 87.1
4 164 208.29999999999998
4 193 68.1
4 197 113.2
4 201 146.2
4 206 61.1
4 214 214.29999999999998
4 222 106.2
4 232 79.1
4 242 51.1
4 276 118.19999999999999
4 279 72.1
5 3 66.1
5 9 133.2
5 50 71.1
5 70 118.19999999999999
5 81 79.1
5 102 192.29999999999998
5 107 166.2
5 108 135.2
5 112 126.19999999999999
5 133 63.1
5 138 138.2
5 161 81.1
5 169 71.1
5 180 129.2
5 210 131.2
5 226 87.1
5 230 82.1
5 251 77.1
6 12 46.1
6 28 150.2
6 36 158.2
6 39 90.1
6 48 90.1
6 50 58.1
6 56 158.2
6 61 77.1
6 78 89.1
6 93 75.1
6 104 66.1
6 132 79.1
6 144 76.1
6 145 87.1
6 148 205.29999999999998
6 160 172.2
6 176 125.19999999999999
6 177 235.29999999999998
6 191 86.1
6 257 78.1
6 268 81.1
7 0 63.1
7 20 70.1
7 21 78.1
7 29 93.1
7 36 82.1
7 88 191.2
7 92 96.1
7 155 67.1
7 166 78.1
7 172 254.29999999999998
7 190 157.2
7 191 212.2
7 214 89.1
7 219 183.2
7 226 101.1
7 229 137.2
7 241 272.29999999999995
7 247 73.1
7 255 279.29999999999995
8 17 92.1
8 32 138.2
8 37 64.1
8 38 65.1
8 70 75.1
8 81 94.1
8 87 136.2
8 97 75.1
8 98 67.1
8 123 149.2
8 133 62.1
8 137 242.29999999999998
8 157 155.2
8 170 174.2
8 173 66.1
8 186 250.29999999999998
8 213 281.29999999999995
9 2 59.1
9 5 154.2
9 53 74.1
9 70 121.2
9 80 151.2
9 102 158.3
9 108 258.29999999999995
9 112 149.2
9 115 64.1
9 123 56.1
9 138 152.2
9 161 72.1
9 180 134.2
9 210 133.2
9 220 61.1
9 257 64.1
9 262 57.1
9 280 103.1
10 4 53.1
10 16 71.1
10 20 55.1
10 44 139.2
10 45 75.1
10 52 63.1
10 62 117.2
10 74 121.19999999999999
10 82 53.1
10 90 59.1
10 99 139.2
10 125 223.29999999999998
10 127 175.3
10 155 58.1
10 183 145.2
10 220 117.19999999999999
10 221 84.1
10 222 70.1
10 258 73.1
11 14 184.29999999999998
11 29 72.1
11 33 78.1
11 36 85.1
11 41 117.2
11 51 84.1
11 73 185.2
11 78 56.1
11 110 118.19999999999999
11 145 245.29999999999998
11 160 82.1
11 163 134.2
11 186 90.1
11 189 138.2
11 202 154.2
11 207 89.1
11 257 91.1
11 266 97.1
11 270 90.1
11 278 90.1
12 0 59.1
12 6 50.1
12 15 59.1
12 18 67.1
12 21 66.1
12 24 60.1
12 39 149.2
12 40 70.1
12 47 209.29999999999998
12 57 62.1
12 65 120.2
12 79 65.1
12 89 79.1
12 96 181.29999999999998
12 111 119.19999999999999
12 135 80.1
12 149 80.1
12 150 136.2
12 212 72.1
12 245 125.19999999999999
12 268 73.1
13 2 110.2
13 17 133.2
13 21 61.1
13 38 60.1
13 52 52.1
13 93 70.1
13 104 139.2
13 127 69.1
13 128 172.2
13 130 155.2
13 133 124.2
13 138 81.1
13 161 108.2
13 186 87.1
13 209 133.2
13 211 133.2
13 236 98.1
13 241 69.1
14 11 197.29999999999998
14 25 52.1
14 27 52.1
14 31 56.1
14 35 84.1
14 41 162.29999999999998
14 45 52.1
14 63 65.1
14 73 170.2
14 85 70.1
14 110 190.29999999999998
14 115 74.1
14 145 146.2
14 148 84.1
14 163 135.2
14 189 133.2
14 202 128.2
14 203 59.1
14 204 74.1
14 220 39.1
14 241 64.1
14 269 70.1
15 12 61.1
15 23 204.29999999999998
15 40 149.2
15 54 180.29999999999998
15 66 92.1
15 78 108.2
15 79 127.19999999999999
15 92 193.29999999999998
15 94 70.1
15 105 79.1
15 111 59.1
15 131 170.2
15 141 95.1
15 205 59.1
15 224 230.29999999999998
15 238 164.2
16 3 119.2
16 10 67.1
16 19 134.2
16 20 65.1
16 22 63.1
16 66 68.1
16 74 70.1
16 82 64.1
16 112 69.1
16 125 66.1
16 154 64.1
16 185 158.2
16 203 50.1
16 221 81.1
16 231 164.2
16 261 110.2
16 262 108.2
16 263 151.2
16 267 65.1
17 2 115.19999999999999
17 8 80.1
17 13 117.19999999999999
17 19 71.1
17 32 73.1
17 37 55.1
17 98 58.1
17 104 173.3
17 128 130.2
17 130 132.2
17 133 92.2
17 161 138.3
17 209 134.2
17 211 130.2
18 0 65.1
18 12 69.1
18 20 149.2
18 29 125.19999999999999
18 38 65.1
18 46 139.2
18 49 63.1
18 64 133.2
18 78 55.1
18 84 125.19999999999999
18 93 116.2
18 167 168.3
18 172 52.1
18 192 188.29999999999998
18 198 80.1
18 230 81.1
18 246 50.1
19 3 107.2
19 16 118.19999999999999
19 17 44.1
19 22 70.1
19 53 70.1
19 59 55.1
19 65 54.1
19 114 59.1
19 156 78.1
19 185 118.2
19 193 55.1
19 231 163.2
19 261 128.2
19 262 129.2
19 263 135.2
19 267 59.1
19 274 67.1
19 277 52.1
20 7 80.1
20 10 68.1
20 16 88.1
20 18 143.2
20 21 132.2
20 47 53.1
20 50 67.1
20 52 134.2
20 61 78.1
20 65 71.1
20 96 82.1
20 111 61.1
20 126 83.1
20 155 127.19999999999999
20 172 66.1
20 191 67.1
20 198 127.19999999999999
20 203 71.1
20 206 76.1
20 244 60.1
20 246 76.1
20 251 67.1
20 264 70.1
21 7 71.1
21 12 59.1
21 13 80.1
21 20 127.19999999999999
21 29 73.1
21 52 166.2
21 58 72.1
21 59 87.1
21 81 90.1
21 86 64.1
21 90 84.1
21 96 64.1
21 98 76.1
21 127 80.1
21 145 69.1
21 155 133.2
21 168 65.1
21 187 59.1
21 194 77.1
21 200 78.1
21 220 57.1
21 247 61.1
21 251 87.1
21 261 56.1
22 16 66.1
22 19 86.1
22 59 195.2
22 75 134.2
22 77 231.29999999999998
22 95 67.1
22 103 82.1
22 109 64.1
22 114 135.2
22 154 150.2
22 183 81.1
22 187 79.1
22 188 135.2
22 195 74.1
22 196 75.1
22 197 79.1
22 221 127.19999999999999
22 242 68.1
22 267 73.1
23 15 194.29999999999998
23 40 177.2
23 54 152.2
23 65 82.1
23 66 70.1
23 78 193.29999999999998
23 79 141.2
23 92 127.19999999999999
23 131 146.2
23 147 63.1
23 150 83.1
23 192 154.2
23 203 106.1
23 211 87.1
23 224 136.2
23 238 116.2
24 12 61.1
24 27 82.1
24 42 233.29999999999998
24 49 130.2
24 103 171.2
24 105 82.1
24 111 78.1
24 171 135.2
24 187 96.1
24 216 181.2
24 217 95.1
24 222 69.1
24 226 67.1
24 235 193.29999999999998
24 240 78.1
24 243 167.2
24 255 79.1
24 264 87.1
24 280 113.1
25 14 72.1
25 33 119.19999999999999
25 36 80.1
25 45 159.3
25 50 190.29999999999998
25 51 190.29999999999998
25 57 218.29999999999998
25 69 96.1
25 71 148.2
25 115 79.1
25 116 74.1
25 117 145.2
25 133 65.1
25 225 81.1
25 229 64.1
25 232 96.1
25 238 59.1
25 245 86.1
25 265 84.1
25 273 93.1
26 27 40.1
26 32 78.1
26 37 112.2
26 38 112.2
26 58 125.2
26 81 113.2
26 97 101.2
26 98 110.2
26 112 64.1
26 137 55.1
26 153 123.19999999999999
26 155 60.1
26 161 46.1
26 174 56.1
26 186 56.1
26 209 56.1
26 213 65.1
26 259 52.1
27 0 117.19999999999999
27 3 59.1
27 14 71.1
27 24 111.1
27 26 62.1
27 30 134.2
27 31 127.19999999999999
27 35 154.2
27 41 58.1
27 50 68.1
27 53 158.2
27 61 119.19999999999999
27 64 88.1
27 147 142.2
27 148 50.1
27 162 129.2
27 181 76.1
27 234 89.1
27 237 67.1
27 247 124.19999999999999
27 250 89.1
28 6 121.19999999999999
28 36 150.2
28 56 139.2
28 58 81.1
28 79 67.1
28 124 72.1
28 147 58.1
28 148 122.19999999999999
28 155 55.1
28 160 165.2
28 161 55.1
28 168 75.1
28 170 68.1
28 176 166.29999999999998
28 177 131.2
28 241 71.1
28 270 72.1
28 280 111.1
29 7 81.1
29 11 64.1
29 18 117.2
29 21 77.1
29 33 84.1
29 36 72.1
29 38 72.1
29 45 65.1
29 46 131.2
29 64 203.29999999999998
29 78 71.1
29 84 151.2
29 93 199.29999999999998
29 111 67.1
29 147 75.1
29 152 64.1
29 167 108.2
29 192 146.2
29 201 76.1
30 0 127.19999999999999
30 27 122.19999999999999
30 31 140.2
30 35 161.2
30 53 159.2
30 61 148.2
30 74 78.1
30 86 77.1
30 108 77.1
30 114 76.1
30 144 68.1
30 146 81.1
30 147 136.2
30 162 146.2
30 176 79.1
30 188 50.1
30 244 80.1
30 247 129.2
30 275 93.1
31 0 116.2
31 2 88.1
31 14 46.1
31 27 130.2
31 30 154.2
31 32 85.1
31 35 139.2
31 53 133.2
31 61 110.2
31 104 57.1
31 147 134.2
31 155 70.1
31 162 132.2
31 183 61.1
31 191 67.1
31 194 86.1
31 247 125.19999999999999
31 259 75.1
31 261 46.1
32 8 125.19999999999999
32 17 45.1
32 26 65.1
32 31 71.1
32 58 182.2
32 87 145.2
32 102 65.1
32 123 186.29999999999998
32 137 151.2
32 153 78.1
32 157 124.19999999999999
32 177 65.1
32 186 160.2
32 213 147.2
32 215 70.1
32 248 57.1
33 11 82.1
33 25 125.19999999999999
33 29 78.1
33 45 108.2
33 50 126.19999999999999
33 51 212.29999999999998
33 57 159.2
33 71 130.2
33 78 62.1
33 106 80.1
33 117 210.29999999999998
33 127 56.1
33 132 103.1
33 192 72.1
33 193 83.1
33 201 82.1
33 225 101.1
33 248 93.1
33 273 90.1
33 278 94.1
34 48 56.1
34 86 141.2
34 118 144.2
34 121 76.1
34 136 124.19999999999999
34 139 131.2
34 146 64.1
34 147 73.1
34 166 127.19999999999999
34 182 139.2
34 187 122.19999999999999
34 195 200.29999999999998
34 198 213.29999999999998
34 201 94.1
34 246 58.1
34 256 62.1
35 0 138.2
35 14 85.1
35 27 140.2
35 30 169.2
35 31 154.2
35 50 73.1
35 53 177.2
35 61 154.2
35 66 73.1
35 95 74.1
35 116 84.1
35 147 158.2
35 151 85.1
35 162 153.2
35 167 76.1
35 176 88.1
35 183 72.1
35 203 83.1
35 247 142.2
36 0 134.2
36 6 163.2
36 7 115.1
36 11 76.1
36 25 87.1
36 28 175.2
36 29 90.1
36 56 200.2
36 85 89.1
36 100 101.1
36 148 258.29999999999995
36 152 84.1
36 154 121.1
36 160 288.29999999999995
36 176 284.29999999999995
36 177 148.2
36 181 90.1
36 207 98.1
36 234 94.1
37 8 68.1
37 17 51.1
37 26 115.2
37 38 128.2
37 58 46.1
37 81 135.2
37 97 123.19999999999999
37 98 114.2
37 145 63.1
37 153 123.19999999999999
37 161 54.1
37 173 54.1
37 199 49.1
37 215 73.1
37 218 51.1
37 230 86.1
37 256 82.1
37 258 59.1
38 8 87.1
38 13 68.1
38 18 80.1
38 26 133.2
38 29 67.1
38 37 143.2
38 81 142.2
38 87 61.1
38 97 119.2
38 98 140.2
38 153 183.2
38 161 62.1
38 177 78.1
38 186 74.1
38 239 67.1
38 255 74.1
38 256 67.1
38 269 85.1
39 1 90.1
39 6 81.1
39 12 153.2
39 47 138.2
39 65 123.2
39 72 73.1
39 84 67.1
39 96 224.29999999999998
39 111 115.19999999999999
39 117 69.1
39 145 86.1
39 150 130.2
39 203 83.1
39 226 144.2
39 245 176.2
39 257 89.1
39 271 104.1
39 280 109.1
40 12 65.1
40 15 146.2
40 23 156.2
40 46 86.1
40 50 49.1
40 54 138.2
40 61 81.1
40 78 148.2
40 79 145.2
40 84 89.1
40 92 147.2
40 131 240.29999999999998
40 151 77.1
40 176 61.1
40 213 65.1
40 224 127.19999999999999
40 235 77.1
40 238 227.29999999999998
40 245 86.1
40 246 98.1
40 274 85.1
41 11 123.19999999999999
41 14 183.29999999999998
41 27 48.1
41 55 70.1
41 56 76.1
41 70 81.1
41 73 258.29999999999995
41 80 97.1
41 110 128.2
41 130 63.1
41 133 57.1
41 145 165.2
41 163 139.2
41 177 74.1
41 189 108.2
41 202 177.29999999999998
41 204 76.1
41 270 81.1
42 24 221.29999999999998
42 49 123.19999999999999
42 71 71.1
42 92 65.1
42 103 119.19999999999999
42 105 58.1
42 132 68.1
42 171 127.19999999999999
42 216 143.2
42 225 66.1
42 235 106.2
42 243 119.2
42 245 61.1
42 265 143.2
42 278 141.2
43 70 185.2
43 80 185.2
43 87 174.2
43 92 71.1
43 119 133.2
43 138 189.2
43 170 223.2
43 173 145.2
43 213 94.1
43 215 182.2
43 230 160.2
43 248 145.2
43 256 212.29999999999998
43 281 167.2
44 10 153.2
44 50 74.1
44 59 80.1
44 62 201.29999999999998
44 67 68.1
44 74 146.2
44 99 161.2
44 109 47.1
44 125 166.2
44 127 213.29999999999998
44 138 91.1
44 183 149.2
44 184 63.1
44 197 56.1
44 220 100.2
44 232 77.1
44 238 68.1
44 263 80.1
44 274 80.1
45 10 71.1
45 14 54.1
45 25 156.3
45 29 74.1
45 33 100.2
45 46 67.1
45 50 113.2
45 51 134.2
45 54 48.1
45 57 123.19999999999999
45 71 123.19999999999999
45 91 72.1
45 117 131.2
45 144 51.1
45 171 53.1
45 200 66.1
45 208 68.1
45 218 69.1
45 235 57.1
45 263 60.1
46 18 143.2
46 29 146.2
46 40 75.1
46 45 59.1
46 49 47.1
46 64 187.2
46 84 168.2
46 93 161.2
46 96 102.1
46 111 65.1
46 148 80.1
46 167 132.2
46 192 265.29999999999995
46 205 65.1
46 225 92.1
46 228 107.1
46 268 108.1
46 273 91.1
46 280 98.1
47 12 184.29999999999998
47 20 51.1
47 39 128.2
47 65 135.2
47 66 70.1
47 68 86.1
47 96 149.2
47 111 120.2
47 122 60.1
47 147 57.1
47 150 140.2
47 152 54.1
47 199 67.1
47 201 83.1
47 219 88.1
47 234 80.1
47 245 178.2
47 246 66.1
47 265 93.1
48 6 83.1
48 34 55.1
48 51 69.1
48 55 49.1
48 60 70.1
48 81 81.1
48 85 225.29999999999998
48 90 138.2
48 104 63.1
48 174 176.2
48 178 241.29999999999998
48 190 157.2
48 193 97.1
48 194 264.29999999999995
48 211 69.1
48 223 56.1
48 251 146.2
48 258 197.2
49 18 56.1
49 24 115.2
49 42 143.2
49 46 37.1
49 96 137.2
49 103 130.2
49 105 52.1
49 111 118.19999999999999
49 143 48.1
49 171 191.29999999999998
49 208 67.1
49 212 56.1
49 216 134.2
49 235 179.29999999999998
49 243 151.2
50 5 79.1
50 6 56.1
50 20 63.1
50 25 172.29999999999998
50 27 70.1
50 33 129.2
50 35 76.1
50 40 72.1
50 44 77.1
50 45 131.2
50 51 128.2
50 52 77.1
50 54 59.1
50 57 213.29999999999998
50 71 133.2
50 91 88.1
50 96 87.1
50 117 158.2
50 140 95.1
50 170 76.1
50 205 56.1
50 221 99.1
50 264 91.1
50 273 87.1
51 11 82.1
51 25 178.3
51 33 219.29999999999998
51 45 147.2
51 48 80.1
51 50 135.2
51 57 155.2
51 66 85.1
51 71 220.29999999999998
51 75 81.1
51 89 83.1
51 92 75.1
51 117 134.2
51 143 77.1
51 150 74.1
51 176 76.1
51 192 78.1
51 211 85.1
51 222 77.1
51 237 89.1
51 241 87.1
52 10 70.1
52 13 53.1
52 20 146.2
52 21 149.2
52 50 65.1
52 57 69.1
52 59 71.1
52 75 65.1
52 88 69.1
52 91 61.1
52 99 62.1
52 133 57.1
52 138 67.1
52 147 74.1
52 154 67.1
52 155 129.2
52 163 70.1
52 201 85.1
52 218 79.1
52 221 96.1
52 226 79.1
52 229 48.1
52 247 79.1
52 249 88.1
52 251 58.1
53 0 116.19999999999999
53 9 83.1
53 19 90.1
53 27 119.19999999999999
53 30 131.2
53 31 127.19999999999999
53 35 180.2
53 61 149.2
53 139 74.1
53 147 122.19999999999999
53 162 120.19999999999999
53 177 51.1
53 187 83.1
53 202 71.1
53 209 61.1
53 247 113.2
53 280 93.1
54 15 183.29999999999998
54 23 158.2
54 40 147.2
54 45 54.1
54 50 56.1
54 70 73.1
54 72 88.1
54 78 108.2
54 79 155.29999999999998
54 92 140.2
54 131 160.2
54 135 68.1
54 195 65.1
54 212 100.1
54 217 81.1
54 224 115.2
54 226 73.1
54 238 231.29999999999998
55 0 63.1
55 41 67.1
55 48 60.1
55 58 66.1
55 63 72.1
55 90 66.1
55 118 76.1
55 134 65.1
55 137 61.1
55 142 77.1
55 149 73.1
55 165 165.2
55 178 87.1
55 206 159.2
55 207 90.1
55 222 78.1
55 223 68.1
55 236 151.2
55 242 126.19999999999999
55 259 142.2
56 6 137.2
56 28 141.2
56 36 151.2
56 41 75.1
56 70 89.1
56 81 64.1
56 102 64.1
56 104 60.1
56 148 187.3
56 153 71.1
56 155 52.1
56 160 164.2
56 176 157.2
56 177 131.2
56 193 81.1
56 210 68.1
56 230 80.1
57 12 76.1
57 25 202.29999999999998
57 33 137.2
57 45 141.2
57 50 232.29999999999998
57 51 161.2
57 52 81.1
57 66 94.1
57 71 165.2
57 109 59.1
57 113 98.1
57 117 190.2
57 130 75.1
57 133 71.1
57 171 92.1
57 185 82.1
57 218 82.1
57 229 97.1
57 243 87.1
57 247 76.1
58 21 50.1
58 26 118.19999999999999
58 28 43.1
58 32 145.2
58 37 44.1
58 55 67.1
58 87 102.2
58 123 138.2
58 137 106.2
58 142 75.1
58 157 129.2
58 186 141.2
58 213 148.2
58 229 80.1
58 236 99.1
59 19 84.1
59 21 60.1
59 22 200.2
59 44 63.1
59 52 58.1
59 67 54.1
59 75 137.2
59 77 150.2
59 98 59.1
59 109 74.1
59 114 229.29999999999998
59 128 73.1
59 138 74.1
59 154 150.2
59 159 63.1
59 188 129.2
59 193 82.1
59 221 159.2
59 232 85.1
59 263 77.1
60 48 65.1
60 87 56.1
60 99 58.1
60 100 165.2
60 121 75.1
60 129 168.2
60 133 59.1
60 152 206.29999999999998
60 163 55.1
60 168 148.2
60 169 130.2
60 179 277.29999999999995
60 180 62.1
60 182 91.1
60 204 80.1
60 223 236.29999999999998
60 253 144.2
60 270 165.2
61 0 115.2
61 6 96.1
61 20 87.1
61 27 125.19999999999999
61 30 161.2
61 31 163.2
61 35 164.2
61 40 77.1
61 53 182.2
61 72 103.1
61 86 83.1
61 106 93.1
61 118 83.1
61 147 135.2
61 162 176.2
61 191 80.1
61 233 84.1
61 238 63.1
61 247 163.2
62 10 141.2
62 44 209.3
62 74 119.2
62 99 147.2
62 125 144.2
62 127 119.2
62 151 80.1
62 164 148.2
62 167 69.1
62 172 58.1
62 183 152.2
62 192 76.1
62 201 104.1
62 205 84.1
62 220 99.2
62 260 77.1
63 14 62.1
63 55 85.1
63 100 136.2
63 129 144.2
63 158 150.2
63 163 61.1
63 167 62.1
63 169 83.1
63 181 143.2
63 207 236.29999999999998
63 223 133.2
63 227 140.2
63 257 138.2
63 266 91.1
64 18 130.2
64 27 78.1
64 29 179.3
64 46 135.2
64 84 156.2
64 89 94.1
64 93 135.2
64 117 152.2
64 162 63.1
64 167 144.2
64 192 167.2
64 193 79.1
64 203 89.1
64 218 61.1
64 250 90.1
64 264 79.1
64 265 77.1
65 12 113.2
65 19 90.1
65 20 66.1
65 23 68.1
65 39 118.2
65 47 134.2
65 72 63.1
65 75 73.1
65 96 135.2
65 105 75.1
65 111 115.2
65 150 186.29999999999998
65 172 61.1
65 188 66.1
65 192 56.1
65 206 80.1
65 214 65.1
65 245 168.2
65 252 87.1
65 271 93.1
66 15 50.1
66 16 71.1
66 23 54.1
66 35 67.1
66 47 47.1
66 51 71.1
66 57 51.1
66 94 132.2
66 109 55.1
66 143 60.1
66 168 130.2
66 169 137.2
66 197 59.1
66 203 131.2
66 212 65.1
66 226 151.2
66 241 76.1
66 252 66.1
66 271 100.1
67 44 65.1
67 59 65.1
67 71 71.1
67 81 71.1
67 82 133.2
67 106 187.3
67 109 205.29999999999998
67 126 197.29999999999998
67 144 118.2
67 156 115.19999999999999
67 184 75.1
67 190 56.1
67 200 122.19999999999999
67 205 145.2
67 210 66.1
67 260 142.2
67 263 70.1
68 47 56.1
68 93 57.1
68 120 133.2
68 122 184.29999999999998
68 125 88.1
68 135 197.29999999999998
68 149 110.2
68 199 114.2
68 220 64.1
68 225 127.19999999999999
68 234 145.2
68 252 160.2
68 253 115.2
68 265 131.2
69 25 78.1
69 72 131.2
69 84 72.1
69 94 76.1
69 116 64.1
69 117 68.1
69 122 196.29999999999998
69 134 131.2
69 135 179.2
69 169 80.1
69 176 66.1
69 199 126.19999999999999
69 203 70.1
69 234 146.2
69 246 122.19999999999999
70 5 154.2
70 8 84.1
70 9 133.2
70 41 73.1
70 43 171.2
70 54 57.1
70 56 80.1
70 87 65.1
70 102 156.2
70 108 144.2
70 112 195.29999999999998
70 130 65.1
70 138 148.2
70 153 89.1
70 180 196.29999999999998
70 210 183.3
70 246 69.1
70 256 70.1
71 4 81.1
71 25 143.2
71 33 155.2
71 42 91.1
71 45 124.19999999999999
71 50 128.2
71 51 193.3
71 57 161.2
71 67 61.1
71 74 76.1
71 79 67.1
71 113 64.1
71 117 148.2
71 143 79.1
71 171 64.1
71 180 75.1
71 218 69.1
71 228 81.1
71 243 83.1
72 1 81.1
72 39 74.1
72 54 69.1
72 61 73.1
72 65 56.1
72 69 122.19999999999999
72 85 49.1
72 118 70.1
72 122 202.29999999999998
72 124 70.1
72 134 148.2
72 135 152.2
72 140 70.1
72 199 121.2
72 206 71.1
72 234 215.29999999999998
72 246 217.29999999999998
73 11 157.2
73 14 128.2
73 41 218.29999999999998
73 81 83.1
73 110 137.2
73 131 81.1
73 145 159.2
73 163 162.2
73 176 103.1
73 189 138.2
73 202 152.2
73 204 91.1
73 210 84.1
73 272 99.1
73 278 91.1
74 10 160.2
74 16 90.1
74 30 82.1
74 44 128.2
74 62 110.2
74 71 82.1
74 82 70.1
74 95 82.1
74 99 194.29999999999998
74 125 170.2
74 127 128.2
74 183 146.2
74 189 92.1
74 193 94.1
74 220 148.2
74 221 85.1
74 267 86.1
75 22 139.2
75 51 65.1
75 52 54.1
75 59 140.2
75 65 64.1
75 77 166.3
75 81 71.1
75 83 83.1
75 114 133.2
75 125 74.1
75 127 46.1
75 154 186.29999999999998
75 188 188.29999999999998
75 193 77.1
75 214 78.1
75 221 139.2
75 239 93.1
75 262 73.1
75 276 82.1
75 281 67.1
76 1 91.1
76 94 124.19999999999999
76 105 120.19999999999999
76 107 134.2
76 121 69.1
76 122 72.1
76 175 126.19999999999999
76 181 200.29999999999998
76 250 263.29999999999995
76 254 132.2
76 265 130.2
76 266 134.2
76 278 125.19999999999999
77 22 276.29999999999995
77 59 196.2
77 75 176.3
77 93 62.1
77 114 179.29999999999998
77 154 161.2
77 171 68.1
77 183 55.1
77 188 118.19999999999999
77 191 87.1
77 197 86.1
77 213 74.1
77 217 81.1
77 221 165.2
77 226 72.1
77 232 70.1
77 239 80.1
77 260 81.1
77 276 72.1
78 6 92.1
78 11 54.1
78 15 117.19999999999999
78 18 66.1
78 23 186.29999999999998
78 29 64.1
78 33 78.1
78 40 157.2
78 54 109.2
78 79 127.19999999999999
78 92 114.2
78 131 143.2
78 147 68.1
78 162 56.1
78 166 63.1
78 212 69.1
78 224 124.19999999999999
78 238 150.2
79 12 63.1
79 15 135.2
79 23 120.2
79 28 58.1
79 40 146.2
79 54 150.3
79 71 65.1
79 78 139.2
79 84 71.1
79 92 148.2
79 93 59.1
79 131 142.2
79 149 77.1
79 162 46.1
79 224 111.2
79 238 139.2
80 0 55.1
80 9 139.2
80 41 87.1
80 43 174.2
80 87 56.1
80 104 51.1
80 119 112.2
80 170 137.2
80 173 123.19999999999999
80 180 128.2
80 215 138.2
80 216 75.1
80 230 166.2
80 248 148.2
80 256 123.19999999999999
80 281 155.2
81 5 78.1
81 8 89.1
81 21 65.1
81 26 128.2
81 37 156.2
81 38 150.2
81 48 83.1
81 56 90.1
81 67 66.1
81 73 86.1
81 75 76.1
81 97 117.2
81 98 140.2
81 123 82.1
81 129 87.1
81 153 163.2
81 173 75.1
81 230 91.1
81 236 75.1
81 248 65.1
81 281 81.1
82 10 52.1
82 16 68.1
82 67 109.2
82 74 50.1
82 106 139.2
82 109 100.2
82 126 178.29999999999998
82 144 159.2
82 156 133.2
82 183 63.1
82 193 64.1
82 200 125.19999999999999
82 205 120.19999999999999
82 240 64.1
82 260 123.19999999999999
82 267 82.1
83 75 69.1
83 95 200.29999999999998
83 109 43.1
83 114 84.1
83 141 94.1
83 159 139.2
83 193 81.1
83 196 71.1
83 222 64.1
83 237 141.2
83 240 160.2
83 242 71.1
83 244 136.2
83 267 146.2
83 274 204.29999999999998
83 276 67.1
83 277 142.2
84 18 123.19999999999999
84 29 143.2
84 39 58.1
84 40 73.1
84 46 148.2
84 64 149.2
84 69 67.1
84 79 53.1
84 93 181.3
84 100 59.1
84 130 72.1
84 148 72.1
84 167 130.2
84 169 62.1
84 192 156.2
84 223 74.1
84 253 65.1
85 2 80.1
85 14 66.1
85 36 104.1
85 48 236.29999999999998
85 72 67.1
85 90 151.2
85 160 96.1
85 174 146.2
85 178 164.2
85 184 86.1
85 190 218.29999999999998
85 194 184.2
85 233 92.1
85 241 157.2
85 243 86.1
85 251 148.2
85 258 246.29999999999998
86 21 65.1
86 30 61.1
86 34 138.2
86 61 59.1
86 118 172.2
86 136 173.2
86 139 239.29999999999998
86 155 59.1
86 166 161.2
86 182 149.2
86 187 154.2
86 195 150.2
86 198 192.29999999999998
86 249 90.1
87 8 153.2
87 32 145.2
87 38 89.1
87 43 160.2
87 58 159.2
87 60 51.1
87 70 59.1
87 80 62.1
87 123 155.2
87 137 129.2
87 138 87.1
87 157 153.2
87 169 89.1
87 186 190.2
87 213 265.29999999999995
87 236 90.1
88 7 164.2
88 52 70.1
88 136 88.1
88 172 142.2
88 191 123.19999999999999
88 194 119.19999999999999
88 219 223.29999999999998
88 229 120.19999999999999
88 241 128.2
88 247 58.1
88 249 122.19999999999999
88 255 137.2
88 275 142.2
89 12 64.1
89 51 62.1
89 64 82.1
89 113 208.29999999999998
89 115 140.2
89 116 153.2
89 121 225.29999999999998
89 130 62.1
89 132 164.2
89 143 156.2
89 208 133.2
89 212 169.2
89 218 174.2
89 250 93.1
90 10 65.1
90 21 71.1
90 48 150.2
90 55 79.1
90 85 142.2
90 95 92.1
90 97 77.1
90 146 93.1
90 174 133.2
90 178 128.2
90 190 134.2
90 191 76.1
90 194 221.29999999999998
90 202 74.1
90 251 152.2
90 258 140.2
90 259 52.1
90 269 54.1
91 4 194.29999999999998
91 45 60.1
91 50 74.1
91 52 60.1
91 101 154.2
91 103 54.1
91 141 79.1
91 164 137.2
91 184 92.1
91 197 165.3
91 201 251.29999999999998
91 214 150.2
91 221 87.1
91 235 52.1
91 264 139.2
91 276 136.2
92 7 102.1
92 15 213.29999999999998
92 23 147.2
92 40 162.2
92 42 88.1
92 43 103.1
92 51 70.1
92 54 130.2
92 78 110.19999999999999
92 79 149.2
92 99 64.1
92 110 87.1
92 131 133.2
92 145 73.1
92 224 154.2
92 226 78.1
92 238 137.2
92 241 74.1
93 6 71.1
93 13 86.1
93 18 149.2
93 29 216.29999999999998
93 46 180.2
93 64 157.2
93 68 90.1
93 77 76.1
93 79 68.1
93 84 228.29999999999998
93 111 81.1
93 122 90.1
93 130 61.1
93 167 116.2
93 191 66.1
93 192 234.29999999999998
93 195 74.1
93 224 57.1
93 253 79.1
94 15 69.1
94 66 142.2
94 69 81.1
94 76 146.2
94 107 161.2
94 110 68.1
94 128 90.1
94 175 216.29999999999998
94 181 251.29999999999998
94 250 174.2
94 252 170.2
94 254 155.2
94 265 175.2
94 266 240.29999999999998
94 271 75.1
95 22 92.1
95 35 76.1
95 74 75.1
95 83 233.29999999999998
95 90 84.1
95 156 66.1
95 157 80.1
95 159 153.2
95 181 70.1
95 193 75.1
95 237 222.29999999999998
95 240 286.29999999999995
95 244 164.2
95 258 74.1
95 267 133.2
95 274 159.2
95 277 117.2
96 12 182.29999999999998
96 20 91.1
96 21 58.1
96 39 256.29999999999995
96 46 76.1
96 47 151.2
96 49 133.2
96 50 75.1
96 65 149.2
96 106 82.1
96 109 87.1
96 111 219.29999999999998
96 127 66.1
96 150 145.2
96 171 134.2
96 208 56.1
96 245 166.2
97 8 80.1
97 26 103.2
97 37 129.2
97 38 116.2
97 81 104.2
97 90 58.1
97 98 126.19999999999999
97 108 53.1
97 123 54.1
97 129 67.1
97 153 126.19999999999999
97 160 52.1
97 186 63.1
97 215 53.1
97 248 76.1
97 254 70.1
97 256 65.1
98 8 62.1
98 17 53.1
98 21 53.1
98 26 122.19999999999999
98 37 125.19999999999999
98 38 134.2
98 59 69.1
98 81 140.2
98 97 146.2
98 102 60.1
98 128 61.1
98 133 48.1
98 145 63.1
98 153 126.19999999999999
98 173 50.1
98 236 104.1
98 258 85.1
99 3 65.1
99 10 153.2
99 44 162.2
99 52 65.1
99 60 68.1
99 62 160.2
99 74 200.29999999999998
99 92 76.1
99 125 184.2
99 126 71.1
99 127 163.2
99 155 71.1
99 183 137.2
99 191 77.1
99 220 193.29999999999998
99 240 84.1
99 242 84.1
99 244 52.1
99 260 75.1
100 36 95.1
100 60 139.2
100 63 134.2
100 84 73.1
100 152 198.29999999999998
100 165 171.2
100 169 61.1
100 179 151.2
100 207 245.29999999999998
100 223 142.2
100 236 148.2
100 253 192.29999999999998
100 266 59.1
100 270 157.2
101 4 146.2
101 91 157.2
101 106 64.1
101 154 71.1
101 164 164.2
101 196 74.1
101 197 113.2
101 201 191.2
101 206 73.1
101 213 68.1
101 214 236.29999999999998
101 217 62.1
101 232 145.2
101 239 67.1
101 276 129.2
102 5 201.29999999999998
102 9 159.3
102 32 72.1
102 56 70.1
102 70 167.2
102 98 61.1
102 108 150.2
102 112 132.2
102 138 133.2
102 148 49.1
102 170 78.1
102 173 64.1
102 177 78.1
102 179 89.1
102 180 118.19999999999999
102 210 136.2
102 236 158.2
103 4 83.1
103 22 95.1
103 24 151.2
103 42 161.2
103 49 141.2
103 91 63.1
103 114 48.1
103 141 87.1
103 151 74.1
103 171 243.29999999999998
103 178 72.1
103 184 91.1
103 200 63.1
103 216 165.2
103 235 232.29999999999998
103 243 257.29999999999995
103 275 80.1
103 278 84.1
104 0 72.1
104 2 97.2
104 6 49.1
104 13 128.2
104 17 175.29999999999998
104 31 53.1
104 48 58.1
104 56 79.1
104 80 55.1
104 119 63.1
104 128 129.2
104 130 121.2
104 133 132.2
104 157 58.1
104 161 105.2
104 209 158.2
104 210 58.1
104 211 145.2
104 218 55.1
105 15 57.1
105 24 57.1
105 42 42.1
105 49 50.1
105 65 67.1
105 76 111.19999999999999
105 115 139.2
105 132 81.1
105 208 51.1
105 212 73.1
105 228 66.1
105 235 42.1
105 252 149.2
105 265 131.2
105 271 84.1
105 273 249.29999999999998
105 278 201.29999999999998
105 280 81.1
106 33 68.1
106 61 77.1
106 67 166.3
106 82 143.2
106 96 80.1
106 101 70.1
106 109 142.2
106 126 164.2
106 127 61.1
106 144 157.2
106 156 227.29999999999998
106 200 172.2
106 205 128.2
106 216 89.1
106 228 77.1
106 232 96.1
106 260 219.29999999999998
106 261 54.1
107 5 176.2
107 76 128.2
107 94 156.2
107 121 66.1
107 158 171.2
107 175 202.29999999999998
107 179 59.1
107 181 150.2
107 224 66.1
107 227 88.1
107 250 172.2
107 252 155.2
107 254 150.2
107 266 147.2
107 271 73.1
108 5 138.2
108 9 282.29999999999995
108 30 61.1
108 70 151.2
108 97 57.1
108 102 147.2
108 110 71.1
108 112 162.2
108 138 166.2
108 169 86.1
108 180 244.29999999999998
108 189 70.1
108 210 139.2
108 223 91.1
108 230 86.1
108 236 112.1
108 248 84.1
108 280 128.1
108 281 148.2
109 22 81.1
109 44 44.1
109 57 46.1
109 59 69.1
109 66 57.1
109 67 176.3
109 82 121.19999999999999
109 83 56.1
109 96 63.1
109 106 147.2
109 126 155.2
109 144 191.29999999999998
109 147 44.1
109 156 146.2
109 200 156.2
109 205 117.19999999999999
109 260 151.2
109 263 59.1
110 11 106.2
110 14 155.3
110 41 126.19999999999999
110 73 143.2
110 92 79.1
110 94 69.1
110 108 65.1
110 114 69.1
110 130 71.1
110 145 141.2
110 163 131.2
110 189 97.2
110 202 114.2
110 207 87.1
110 241 71.1
110 281 86.1
111 12 129.2
111 15 78.1
111 20 71.1
111 24 87.1
111 29 55.1
111 39 124.19999999999999
111 46 69.1
111 47 157.2
111 49 130.2
111 65 120.2
111 93 73.1
111 96 255.29999999999998
111 116 74.1
111 150 223.29999999999998
111 205 72.1
111 235 137.2
111 243 72.1
111 245 247.29999999999998
112 5 127.19999999999999
112 9 102.2
112 16 59.1
112 26 59.1
112 70 188.29999999999998
112 102 121.2
112 108 137.2
112 126 52.1
112 138 215.29999999999998
112 157 55.1
112 180 109.2
112 186 78.1
112 210 127.19999999999999
112 236 85.1
113 57 64.1
113 71 62.1
113 89 196.29999999999998
113 116 135.2
113 117 77.1
113 121 139.2
113 132 210.29999999999998
113 143 136.2
113 208 103.2
113 212 140.2
113 218 141.2
113 225 131.2
113 245 77.1
114 19 65.1
114 22 135.2
114 30 64.1
114 59 219.29999999999998
114 75 128.2
114 77 178.3
114 83 67.1
114 103 47.1
114 110 57.1
114 128 60.1
114 139 87.1
114 154 106.2
114 159 61.1
114 164 83.1
114 188 215.29999999999998
114 201 80.1
114 221 125.19999999999999
114 231 79.1
115 9 59.1
115 14 55.1
115 25 66.1
115 89 114.2
115 105 136.2
115 180 47.1
115 203 120.19999999999999
115 206 73.1
115 232 74.1
115 238 48.1
115 242 62.1
115 265 153.2
115 268 154.2
115 271 146.2
115 273 75.1
115 278 140.2
116 25 58.1
116 35 62.1
116 69 59.1
116 89 154.2
116 111 58.1
116 113 124.19999999999999
116 121 144.2
116 122 71.1
116 132 150.2
116 135 64.1
116 141 85.1
116 143 199.29999999999998
116 208 217.29999999999998
116 212 159.2
116 218 131.2
116 252 76.1
117 25 149.2
117 33 188.3
117 39 79.1
117 45 148.2
117 50 155.2
117 51 102.2
117 57 156.2
117 64 164.2
117 69 67.1
117 71 141.2
117 113 84.1
117 122 81.1
117 131 81.1
117 143 55.1
117 156 86.1
117 265 89.1
117 278 90.1
117 279 96.1
118 34 127.19999999999999
118 55 85.1
118 61 72.1
118 72 74.1
118 86 172.2
118 121 63.1
118 134 68.1
118 136 161.2
118 139 160.2
118 140 109.1
118 166 152.2
118 172 70.1
118 182 137.2
118 187 153.2
118 191 80.1
118 195 235.29999999999998
118 198 112.19999999999999
119 43 152.2
119 80 131.2
119 104 60.1
119 121 63.1
119 133 45.1
119 161 50.1
119 169 56.1
119 170 121.2
119 173 172.29999999999998
119 199 46.1
119 215 118.2
119 226 50.1
119 230 124.19999999999999
119 248 152.3
119 256 138.2
119 259 61.1
119 281 126.19999999999999
120 1 128.2
120 68 128.2
120 129 81.2
120 149 127.19999999999999
120 158 157.3
120 165 149.2
120 204 59.1
120 227 125.2
120 233 121.19999999999999
120 252 136.2
120 257 117.19999999999999
120 272 144.2
121 34 71.1
121 60 67.1
121 76 70.1
121 89 241.29999999999998
121 107 62.1
121 113 169.2
121 116 136.2
121 118 62.1
121 119 58.1
121 132 161.2
121 143 157.2
121 152 63.1
121 205 77.1
121 208 189.29999999999998
121 212 143.2
121 218 228.29999999999998
121 226 172.2
121 234 79.1
121 279 90.1
122 47 50.1
122 68 210.29999999999998
122 69 188.29999999999998
122 72 196.29999999999998
122 76 64.1
122 93 77.1
122 116 69.1
122 117 75.1
122 131 82.1
122 134 135.2
122 135 145.2
122 199 187.29999999999998
122 234 158.2
122 246 112.19999999999999
123 2 61.1
123 8 125.19999999999999
123 9 64.1
123 32 200.29999999999998
123 58 166.2
123 81 65.1
123 87 150.2
123 97 53.1
123 137 124.19999999999999
123 146 63.1
123 150 65.1
123 157 145.2
123 186 165.2
123 209 61.1
123 211 61.1
123 213 207.29999999999998
124 28 59.1
124 72 57.1
124 139 50.1
124 140 127.19999999999999
124 142 210.29999999999998
124 146 147.2
124 148 61.1
124 168 129.2
124 176 56.1
124 222 52.1
124 249 122.19999999999999
124 259 141.2
124 268 64.1
124 269 116.2
124 275 139.2
125 10 218.29999999999998
125 16 73.1
125 44 149.2
125 62 130.2
125 68 97.1
125 74 149.2
125 75 70.1
125 99 142.2
125 127 133.2
125 154 56.1
125 163 69.1
125 183 161.2
125 188 58.1
125 193 89.1
125 220 126.19999999999999
125 225 73.1
126 20 60.1
126 67 164.3
126 82 217.29999999999998
126 99 59.1
126 106 157.2
126 109 120.19999999999999
126 112 67.1
126 127 57.1
126 144 121.19999999999999
126 156 109.2
126 159 88.1
126 200 136.2
126 205 108.2
126 244 67.1
126 260 135.2
126 276 73.1
127 10 239.29999999999998
127 13 88.1
127 21 93.1
127 33 66.1
127 44 235.29999999999998
127 62 171.2
127 74 137.2
127 75 47.1
127 96 77.1
127 99 170.2
127 106 77.1
127 125 160.2
127 126 58.1
127 151 93.1
127 159 59.1
127 183 154.2
127 218 77.1
127 220 215.29999999999998
127 262 68.1
128 2 111.2
128 13 137.2
128 17 113.19999999999999
128 59 84.1
128 94 76.1
128 98 56.1
128 104 115.2
128 114 75.1
128 130 146.2
128 133 116.19999999999999
128 153 67.1
128 161 122.19999999999999
128 209 127.19999999999999
128 211 149.2
128 215 66.1
129 60 126.19999999999999
129 63 119.19999999999999
129 81 70.1
129 97 56.1
129 120 98.2
129 145 81.1
129 168 111.2
129 176 54.1
129 179 143.2
129 204 153.2
129 207 143.2
129 227 129.2
129 254 57.1
129 257 122.2
129 272 122.19999999999999
130 2 119.19999999999999
130 13 158.2
130 17 161.2
130 41 59.1
130 57 73.1
130 70 78.1
130 84 73.1
130 89 95.1
130 93 45.1
130 104 128.2
130 110 70.1
130 128 119.19999999999999
130 133 111.2
130 161 118.2
130 181 76.1
130 209 133.2
130 210 67.1
130 211 149.2
130 237 83.1
131 15 138.2
131 23 130.2
131 40 215.29999999999998
131 54 133.2
131 73 84.1
131 78 120.2
131 79 151.2
131 92 123.19999999999999
131 117 74.1
131 122 94.1
131 194 77.1
131 224 118.2
131 231 87.1
131 238 142.2
131 246 73.1
131 261 68.1
131 262 73.1
131 274 73.1
132 6 62.1
132 33 67.1
132 42 69.1
132 89 155.2
132 105 77.1
132 113 208.29999999999998
132 116 135.2
132 121 137.2
132 143 130.2
132 208 181.3
132 212 181.2
132 218 136.2
132 265 180.2
132 278 84.1
133 2 116.2
133 5 81.1
133 8 74.1
133 13 118.19999999999999
133 17 113.19999999999999
133 25 58.1
133 41 59.1
133 52 50.1
133 57 59.1
133 60 64.1
133 98 68.1
133 104 154.2
133 119 53.1
133 128 145.2
133 130 116.19999999999999
133 136 66.1
133 137 79.1
133 138 75.1
133 148 72.1
133 161 105.2
133 209 141.2
133 211 153.2
134 55 63.1
134 69 94.2
134 72 128.2
134 118 53.1
134 122 143.2
134 135 132.2
134 140 108.2
134 182 53.1
134 195 52.1
134 199 118.19999999999999
134 203 61.1
134 234 125.19999999999999
134 246 143.2
134 273 67.1
134 275 64.1
135 12 68.1
135 54 48.1
135 68 207.29999999999998
135 69 141.2
135 72 138.2
135 116 54.1
135 122 128.2
135 134 120.19999999999999
135 176 63.1
135 199 129.2
135 234 127.19999999999999
135 246 175.3
135 255 70.1
136 34 114.2
136 86 184.2
136 88 75.1
136 118 161.2
136 133 55.1
136 139 168.2
136 142 74.1
136 152 59.1
136 166 191.29999999999998
136 182 141.2
136 187 153.2
136 194 86.1
136 195 168.2
136 198 251.29999999999998
136 226 70.1
136 228 85.1
136 250 115.1
136 259 75.1
137 8 216.29999999999998
137 26 54.1
137 32 142.2
137 55 81.1
137 58 122.19999999999999
137 87 134.2
137 123 135.2
137 133 53.1
137 157 167.29999999999998
137 161 59.1
137 186 150.2
137 210 57.1
137 213 215.29999999999998
137 236 93.1
138 5 154.2
138 9 144.2
138 13 89.1
138 43 184.2
138 44 61.1
138 52 58.1
138 59 73.1
138 70 148.2
138 87 79.1
138 102 142.2
138 108 141.2
138 112 229.29999999999998
138 133 84.1
138 180 148.2
138 210 144.2
138 215 72.1
138 231 73.1
138 239 86.1
138 269 66.1
139 34 118.19999999999999
139 53 63.1
139 86 223.29999999999998
139 114 75.1
139 118 146.2
139 124 51.1
139 136 156.2
139 166 141.2
139 182 128.2
139 187 166.2
139 191 67.1
139 195 145.2
139 198 118.2
139 219 66.1
140 50 84.1
140 72 63.1
140 118 105.1
140 124 145.2
140 134 128.2
140 142 161.2
140 146 162.2
140 195 148.2
140 200 112.1
140 242 67.1
140 247 66.1
140 249 209.2
140 259 240.29999999999998
140 269 223.29999999999998
140 275 155.2
141 4 84.1
141 15 63.1
141 83 69.1
141 91 84.1
141 103 53.1
141 116 67.1
141 151 116.19999999999999
141 171 61.1
141 184 142.2
141 196 118.2
141 216 81.1
141 217 147.2
141 228 202.29999999999998
141 239 151.2
141 261 51.1
141 262 65.1
141 264 156.2
142 55 81.1
142 58 71.1
142 124 238.29999999999998
142 136 73.1
142 140 142.2
142 146 150.2
142 168 78.1
142 194 68.1
142 195 57.1
142 203 97.1
142 214 71.1
142 216 79.1
142 219 72.1
142 249 170.2
142 259 144.2
142 269 205.29999999999998
142 275 216.29999999999998
143 49 49.1
143 51 55.1
143 66 58.1
143 71 64.1
143 89 141.2
143 113 120.19999999999999
143 116 163.3
143 117 53.1
143 121 122.2
143 132 130.2
143 190 47.1
143 192 75.1
143 208 125.2
143 212 151.2
143 218 137.2
143 245 65.1
143 246 54.1
144 6 70.1
144 30 54.1
144 45 42.1
144 67 109.2
144 82 177.2
144 106 169.2
144 109 151.3
144 126 132.2
144 156 124.19999999999999
144 172 79.1
144 196 76.1
144 200 136.2
144 205 134.2
144 216 83.1
144 260 182.2
144 264 53.1
144 280 115.1
145 0 76.1
145 6 75.1
145 11 229.29999999999998
145 14 137.2
145 21 58.1
145 37 88.1
145 39 70.1
145 41 163.2
145 73 165.2
145 92 81.1
145 98 66.1
145 110 152.2
145 129 93.1
145 163 173.2
145 189 163.2
145 202 146.2
145 278 73.1
146 30 60.1
146 34 72.1
146 90 62.1
146 123 54.1
146 124 150.2
146 140 147.2
146 142 121.19999999999999
146 149 83.1
146 153 59.1
146 214 66.1
146 223 82.1
146 233 74.1
146 242 59.1
146 249 146.2
146 259 130.2
146 263 76.1
146 269 241.29999999999998
146 275 142.2
147 0 91.2
147 23 80.1
147 27 109.2
147 28 70.1
147 29 64.1
147 30 119.2
147 31 168.2
147 34 90.1
147 35 147.2
147 47 80.1
147 52 63.1
147 53 148.2
147 61 158.2
147 78 81.1
147 109 81.1
147 148 69.1
147 162 115.2
147 198 77.1
147 247 155.2
148 3 81.1
148 6 219.29999999999998
148 14 79.1
148 27 54.1
148 28 125.19999999999999
148 36 221.29999999999998
148 46 53.1
148 56 216.29999999999998
148 84 73.1
148 102 85.1
148 124 69.1
148 133 59.1
148 147 67.1
148 160 146.2
148 174 74.1
148 176 141.2
148 177 133.2
148 251 77.1
148 280 114.1
149 1 134.2
149 12 57.1
149 55 64.1
149 68 125.19999999999999
149 79 46.1
149 120 139.2
149 146 63.1
149 158 125.19999999999999
149 165 164.2
149 227 145.2
149 233 142.2
149 253 114.19999999999999
149 257 132.2
149 272 150.2
150 12 119.19999999999999
150 23 70.1
150 39 139.2
150 47 133.2
150 51 68.1
150 65 189.3
150 96 144.2
150 111 176.29999999999998
150 123 64.1
150 159 73.1
150 192 132.2
150 203 64.1
150 224 71.1
150 245 178.2
150 252 68.1
150 262 81.1
150 271 86.1
151 35 67.1
151 40 58.1
151 62 66.1
151 103 71.1
151 127 47.1
151 141 119.19999999999999
151 154 53.1
151 171 57.1
151 184 127.19999999999999
151 185 61.1
151 196 128.2
151 217 155.2
151 228 115.2
151 239 223.29999999999998
151 261 45.1
151 264 132.2
151 276 67.1
151 277 47.1
152 1 80.1
152 29 73.1
152 36 72.1
152 47 59.1
152 60 207.29999999999998
152 100 217.29999999999998
152 121 69.1
152 136 73.1
152 163 75.1
152 169 177.2
152 179 162.2
152 207 170.2
152 223 147.2
152 253 180.2
152 255 90.1
152 266 161.2
152 270 158.2
153 2 75.1
153 26 117.19999999999999
153 32 60.1
153 37 120.2
153 38 125.19999999999999
153 56 80.1
153 70 85.1
153 81 139.2
153 97 120.19999999999999
153 98 135.2
153 128 59.1
153 146 58.1
153 157 58.1
153 173 73.1
153 230 76.1
153 236 84.1
153 248 68.1
154 16 74.1
154 22 179.2
154 36 74.1
154 52 56.1
154 59 138.2
154 75 164.3
154 77 139.2
154 101 61.1
154 114 97.2
154 125 59.1
154 151 52.1
154 185 51.1
154 188 138.2
154 196 60.1
154 221 163.2
154 231 57.1
154 239 61.1
154 255 52.1
154 262 59.1
154 276 69.1
155 7 74.1
155 10 64.1
155 20 120.2
155 21 120.19999999999999
155 26 54.1
155 28 54.1
155 31 62.1
155 52 122.2
155 56 67.1
155 86 80.1
155 99 53.1
155 169 72.1
155 172 140.2
155 187 61.1
155 196 85.1
155 202 69.1
155 221 74.1
155 235 75.1
155 236 74.1
155 242 55.1
155 247 53.1
155 249 88.1
155 251 59.1
155 259 66.1
156 19 84.1
156 67 87.2
156 82 148.2
156 95 67.1
156 106 229.29999999999998
156 109 143.2
156 117 72.1
156 126 128.2
156 144 122.2
156 183 52.1
156 193 59.1
156 200 144.2
156 205 133.2
156 237 70.1
156 260 121.19999999999999
156 262 40.1
156 267 55.1
157 8 161.2
157 32 137.2
157 58 149.2
157 87 136.2
157 95 81.1
157 104 57.1
157 112 80.1
157 123 148.2
157 137 180.29999999999998
157 153 74.1
157 173 60.1
157 186 131.2
157 209 53.1
157 213 136.2
157 230 83.1
157 250 74.1
158 1 159.2
158 63 154.2
158 107 167.2
158 120 229.29999999999998
158 149 155.2
158 165 258.29999999999995
158 178 76.1
158 233 142.2
158 257 137.2
158 272 262.29999999999995
159 59 58.1
159 83 138.2
159 95 155.2
159 114 59.1
159 126 65.1
159 127 62.1
159 150 61.1
159 172 64.1
159 184 73.1
159 189 71.1
159 193 67.1
159 237 207.29999999999998
159 240 180.2
159 244 118.19999999999999
159 263 79.1
159 267 152.2
159 274 145.2
159 277 127.19999999999999
160 6 151.2
160 11 65.1
160 28 164.2
160 36 256.29999999999995
160 56 177.2
160 85 83.1
160 97 62.1
160 148 125.19999999999999
160 164 75.1
160 167 63.1
160 175 44.1
160 176 139.2
160 177 116.19999999999999
160 179 96.1
160 226 78.1
160 241 92.1
160 253 140.2
161 2 111.2
161 5 64.1
161 9 65.1
161 13 110.2
161 17 157.29999999999998
161 26 62.1
161 28 56.1
161 37 69.1
161 38 64.1
161 104 112.2
161 119 66.1
161 128 137.2
161 130 118.2
161 133 97.2
161 137 74.1
161 176 54.1
161 209 142.2
161 211 157.2
161 263 80.1
162 0 97.2
162 27 123.2
162 30 138.2
162 31 153.2
162 35 131.2
162 53 139.2
162 61 149.2
162 64 85.1
162 78 66.1
162 79 77.1
162 147 134.2
162 178 75.1
162 180 74.1
162 198 79.1
162 219 82.1
162 247 126.19999999999999
163 11 109.2
163 14 127.19999999999999
163 41 114.2
163 52 73.1
163 60 62.1
163 63 64.1
163 73 134.2
163 110 118.19999999999999
163 125 66.1
163 145 164.2
163 152 63.1
163 167 58.1
163 189 125.2
163 202 114.2
163 204 65.1
163 221 62.1
164 3 66.1
164 4 178.29999999999998
164 62 110.2
164 91 136.2
164 101 173.2
164 114 77.1
164 160 67.1
164 196 73.1
164 197 115.2
164 201 151.2
164 205 65.1
164 214 118.2
164 217 66.1
164 238 62.1
164 242 56.1
164 260 65.1
164 276 123.19999999999999
165 1 172.2
165 55 167.2
165 100 176.2
165 120 209.2
165 149 146.2
165 158 264.29999999999995
165 180 84.1
165 207 191.2
165 227 145.2
165 233 228.29999999999998
165 251 82.1
165 257 167.2
165 258 82.1
165 266 97.1
165 272 164.2
166 7 66.1
166 34 127.19999999999999
166 78 54.1
166 86 159.2
166 118 141.2
166 136 200.29999999999998
166 139 131.2
166 182 149.2
166 186 87.1
166 187 125.2
166 190 76.1
166 191 55.1
166 195 138.2
166 198 143.2
166 211 79.1
166 233 82.1
166 261 61.1
167 18 150.3
167 29 119.19999999999999
167 35 71.1
167 46 123.19999999999999
167 62 54.1
167 63 73.1
167 64 142.2
167 84 135.2
167 93 101.2
167 160 70.1
167 163 55.1
167 169 64.1
167 174 56.1
167 190 65.1
167 192 115.19999999999999
167 206 87.1
167 226 52.1
167 227 55.1
167 252 89.1
168 2 60.1
168 21 55.1
168 28 68.1
168 60 135.2
168 66 133.2
168 124 151.2
168 129 145.2
168 142 76.1
168 169 116.2
168 175 135.2
168 202 53.1
168 204 138.2
168 226 142.2
168 253 54.1
168 270 124.19999999999999
169 5 70.1
169 60 121.19999999999999
169 63 80.1
169 66 166.2
169 69 82.1
169 84 73.1
169 87 80.1
169 100 60.1
169 108 73.1
169 119 63.1
169 152 150.2
169 155 64.1
169 167 53.1
169 168 153.2
169 170 55.1
169 184 71.1
169 203 88.1
169 214 117.1
169 223 137.2
169 226 154.2
169 228 101.1
170 8 175.2
170 28 77.1
170 43 243.2
170 50 78.1
170 80 172.2
170 102 88.1
170 119 122.19999999999999
170 169 84.1
170 173 240.29999999999998
170 215 254.29999999999998
170 220 46.1
170 223 84.1
170 230 196.2
170 248 174.2
170 253 78.1
170 256 210.29999999999998
170 281 159.2
171 24 137.2
171 42 146.2
171 45 54.1
171 49 217.29999999999998
171 57 60.1
171 71 47.1
171 77 55.1
171 96 115.2
171 103 202.29999999999998
171 141 72.1
171 151 58.1
171 184 81.1
171 208 48.1
171 216 151.2
171 235 134.2
171 243 147.2
171 267 53.1
172 7 245.29999999999998
172 18 55.1
172 20 56.1
172 62 61.1
172 65 50.1
172 88 132.2
172 118 71.1
172 144 87.1
172 155 113.2
172 159 81.1
172 191 228.29999999999998
172 198 88.1
172 203 78.1
172 211 67.1
172 219 154.2
172 229 139.2
172 241 159.2
172 255 145.2
173 8 56.1
173 37 53.1
173 43 136.2
173 80 147.2
173 81 81.1
173 98 51.1
173 102 66.1
173 119 161.3
173 153 69.1
173 157 59.1
173 170 199.29999999999998
173 204 64.1
173 215 165.2
173 230 252.29999999999998
173 248 149.2
173 256 143.2
173 281 151.2
174 26 38.1
174 48 142.2
174 85 122.19999999999999
174 90 102.2
174 148 73.1
174 167 58.1
174 178 136.2
174 190 129.2
174 194 139.2
174 196 81.1
174 202 49.1
174 229 65.1
174 251 159.2
174 258 141.2
174 259 68.1
174 270 63.1
175 2 56.1
175 76 119.19999999999999
175 94 200.29999999999998
175 107 235.29999999999998
175 160 43.1
175 168 145.2
175 181 130.2
175 227 125.2
175 250 174.2
175 254 202.29999999999998
175 266 148.2
175 272 131.2
176 0 50.1
176 2 76.1
176 6 130.2
176 28 176.3
176 30 61.1
176 35 77.1
176 36 233.29999999999998
176 40 70.1
176 51 81.1
176 56 156.2
176 69 86.1
176 73 88.1
176 124 70.1
176 129 88.1
176 135 72.1
176 148 137.2
176 160 144.2
176 161 52.1
176 177 135.2
176 234 75.1
177 6 214.29999999999998
177 28 137.2
177 32 86.1
177 36 136.2
177 38 59.1
177 41 79.1
177 53 53.1
177 56 146.2
177 102 88.1
177 148 139.2
177 160 132.2
177 176 124.19999999999999
177 209 58.1
177 210 79.1
177 219 73.1
177 230 73.1
177 251 78.1
178 48 198.29999999999998
178 55 92.1
178 85 156.2
178 90 126.2
178 103 75.1
178 158 92.1
178 162 66.1
178 174 155.2
178 180 75.1
178 190 121.19999999999999
178 194 159.2
178 199 60.1
178 203 76.1
178 229 73.1
178 251 173.2
178 258 124.19999999999999
178 269 71.1
179 60 185.29999999999998
179 100 155.2
179 102 77.1
179 107 63.1
179 129 146.2
179 152 126.19999999999999
179 160 84.1
179 204 144.2
179 223 172.2
179 228 93.1
179 250 85.1
179 253 121.2
179 254 143.2
179 269 49.1
179 270 163.2
180 5 150.2
180 9 150.2
180 60 69.1
180 70 228.29999999999998
180 71 90.1
180 80 146.2
180 102 148.2
180 108 231.29999999999998
180 112 131.2
180 115 66.1
180 138 157.2
180 162 64.1
180 165 75.1
180 178 77.1
180 210 139.2
180 211 68.1
180 257 62.1
180 275 83.1
181 27 47.1
181 36 63.1
181 63 149.2
181 76 195.29999999999998
181 94 241.29999999999998
181 95 63.1
181 107 170.2
181 130 68.1
181 175 135.2
181 207 141.2
181 219 65.1
181 250 233.29999999999998
181 253 54.1
181 254 220.29999999999998
181 266 148.2
181 272 165.2
182 34 113.2
182 60 74.1
182 86 179.2
182 118 137.2
182 134 64.1
182 136 126.19999999999999
182 139 138.2
182 166 132.2
182 187 152.2
182 191 77.1
182 195 138.2
182 198 113.2
182 234 66.1
182 237 67.1
182 240 55.1
182 260 61.1
182 261 60.1
183 10 150.2
183 22 74.1
183 31 60.1
183 35 65.1
183 44 130.2
183 62 147.2
183 74 151.2
183 77 54.1
183 82 93.1
183 99 141.2
183 125 161.2
183 127 115.19999999999999
183 156 64.1
183 220 175.29999999999998
183 221 71.1
183 231 95.1
183 236 90.1
183 267 81.1
183 279 74.1
184 44 55.1
184 67 62.1
184 85 62.1
184 91 71.1
184 103 74.1
184 141 162.2
184 151 114.2
184 159 67.1
184 169 52.1
184 171 65.1
184 188 57.1
184 196 198.29999999999998
184 207 92.1
184 217 119.2
184 228 128.2
184 235 52.1
184 237 59.1
184 239 149.2
184 243 80.1
184 264 157.2
185 3 120.19999999999999
185 16 159.2
185 19 131.2
185 57 53.1
185 151 57.1
185 154 56.1
185 196 75.1
185 221 67.1
185 231 144.2
185 261 105.2
185 262 117.2
185 263 128.2
185 267 69.1
185 274 79.1
186 8 223.29999999999998
186 11 71.1
186 13 58.1
186 26 54.1
186 32 135.2
186 38 58.1
186 58 147.2
186 87 158.2
186 97 75.1
186 112 67.1
186 123 146.2
186 137 140.2
186 157 104.2
186 166 80.1
186 209 77.1
186 213 194.2
186 245 58.1
187 21 58.1
187 22 87.1
187 24 97.1
187 34 91.2
187 53 71.1
187 86 135.2
187 118 135.2
187 136 150.2
187 139 163.2
187 155 52.1
187 166 121.19999999999999
187 182 160.2
187 190 64.1
187 195 116.2
187 198 125.2
187 247 59.1
188 22 125.19999999999999
188 30 38.1
188 59 117.2
188 65 61.1
188 75 158.3
188 77 108.2
188 114 213.29999999999998
188 125 57.1
188 154 138.2
188 184 75.1
188 193 79.1
188 197 48.1
188 221 215.29999999999998
188 222 49.1
188 232 63.1
188 242 73.1
188 279 63.1
188 280 103.1
189 11 142.2
189 14 131.2
189 41 101.2
189 73 165.2
189 74 75.1
189 108 72.1
189 110 107.2
189 145 158.2
189 159 81.1
189 163 123.2
189 202 172.3
189 204 74.1
189 224 64.1
189 255 71.1
189 270 76.1
189 278 58.1
190 7 128.2
190 48 144.2
190 67 57.1
190 85 202.29999999999998
190 90 137.2
190 143 59.1
190 166 78.1
190 167 56.1
190 174 154.2
190 178 135.2
190 187 83.1
190 194 149.2
190 195 84.1
190 233 79.1
190 241 73.1
190 251 210.29999999999998
190 258 141.2
191 6 64.1
191 7 179.2
191 20 68.1
191 31 77.1
191 61 66.1
191 77 82.1
191 88 125.19999999999999
191 90 73.1
191 93 71.1
191 99 63.1
191 118 85.1
191 139 89.1
191 166 65.1
191 172 219.29999999999998
191 182 81.1
191 219 163.2
191 229 122.2
191 241 139.2
191 255 159.2
192 18 223.29999999999998
192 23 144.2
192 29 134.2
192 33 66.1
192 46 243.29999999999998
192 51 69.1
192 62 83.1
192 64 164.2
192 65 54.1
192 84 154.2
192 93 223.29999999999998
192 143 97.1
192 150 149.2
192 167 135.2
193 3 70.1
193 4 63.1
193 19 52.1
193 33 46.1
193 48 66.1
193 56 67.1
193 59 80.1
193 64 67.1
193 74 77.1
193 75 70.1
193 82 59.1
193 83 65.1
193 95 59.1
193 125 63.1
193 156 63.1
193 159 64.1
193 188 73.1
193 204 77.1
193 206 127.19999999999999
193 237 66.1
193 240 78.1
193 242 64.1
193 244 65.1
193 245 65.1
193 263 57.1
194 21 65.1
194 31 94.1
194 48 217.29999999999998
194 85 171.2
194 88 144.2
194 90 213.29999999999998
194 131 88.1
194 136 91.1
194 142 67.1
194 174 140.2
194 178 147.2
194 190 154.2
194 219 70.1
194 251 157.2
194 258 168.2
195 22 90.1
195 34 189.29999999999998
195 54 64.1
195 86 173.2
195 93 57.1
195 118 242.29999999999998
195 134 56.1
195 136 173.2
195 139 136.2
195 140 157.2
195 142 62.1
195 166 124.19999999999999
195 182 156.2
195 187 126.19999999999999
195 190 72.1
195 198 146.2
196 22 79.1
196 83 67.1
196 101 83.1
196 141 116.19999999999999
196 144 49.1
196 151 127.19999999999999
196 154 57.1
196 155 56.1
196 164 64.1
196 174 59.1
196 184 200.29999999999998
196 185 72.1
196 211 64.1
196 217 195.29999999999998
196 228 129.2
196 239 245.29999999999998
196 261 67.1
196 262 47.1
196 264 131.2
197 3 61.1
197 4 118.19999999999999
197 22 76.1
197 44 51.1
197 66 57.1
197 77 78.1
197 91 175.3
197 101 155.2
197 164 127.19999999999999
197 188 47.1
197 201 144.2
197 214 127.19999999999999
197 228 73.1
197 232 72.1
197 237 51.1
197 239 64.1
197 242 59.1
197 276 163.3
197 279 55.1
198 18 77.1
198 20 123.19999999999999
198 34 193.29999999999998
198 86 236.29999999999998
198 118 123.19999999999999
198 136 265.29999999999995
198 139 160.2
198 147 72.1
198 162 84.1
198 166 135.2
198 172 85.1
198 182 129.2
198 187 149.2
198 195 141.2
198 211 68.1
199 37 71.1
199 47 69.1
199 68 151.2
199 69 133.2
199 72 123.19999999999999
199 119 44.1
199 122 182.3
199 134 128.2
199 135 150.2
199 178 66.1
199 219 58.1
199 226 66.1
199 234 159.2
199 246 121.19999999999999
199 263 66.1
200 21 61.1
200 45 54.1
200 67 100.2
200 82 144.2
200 103 66.1
200 106 138.2
200 109 113.2
200 126 116.2
200 140 82.1
200 144 135.2
200 156 149.2
200 205 121.19999999999999
200 226 59.1
200 260 188.3
201 4 139.2
201 29 63.1
201 33 64.1
201 34 84.1
201 47 67.1
201 52 45.1
201 62 88.1
201 91 232.29999999999998
201 101 183.2
201 114 72.1
201 164 159.2
201 197 126.19999999999999
201 214 168.2
201 232 79.1
201 244 80.1
201 264 90.1
201 276 142.2
201 279 95.1
202 11 139.2
202 14 120.19999999999999
202 41 163.3
202 53 69.1
202 73 180.2
202 90 66.1
202 110 117.19999999999999
202 145 152.2
202 155 77.1
202 163 143.2
202 168 74.1
202 174 66.1
202 189 186.29999999999998
202 215 79.1
202 241 71.1
202 249 76.1
203 14 45.1
203 16 51.1
203 20 61.1
203 23 55.1
203 35 59.1
203 39 66.1
203 64 46.1
203 66 130.2
203 69 55.1
203 115 122.19999999999999
203 134 60.1
203 142 79.1
203 150 49.1
203 169 55.1
203 172 51.1
203 178 65.1
203 227 130.2
203 252 137.2
203 271 70.1
203 273 70.1
203 275 58.1
203 278 69.1
204 14 67.1
204 41 49.1
204 60 70.1
204 73 101.1
204 120 81.1
204 129 177.2
204 163 80.1
204 168 130.2
204 173 72.1
204 179 162.2
204 189 76.1
204 193 75.1
204 226 125.19999999999999
204 254 167.2
204 258 137.2
204 270 169.2
204 272 143.2
205 15 58.1
205 46 63.1
205 50 47.1
205 62 65.1
205 67 132.2
205 82 146.2
205 106 149.2
205 109 122.19999999999999
205 111 60.1
205 121 89.1
205 126 118.19999999999999
205 144 140.2
205 156 158.2
205 164 70.1
205 200 144.2
205 260 223.29999999999998
206 4 46.1
206 20 56.1
206 55 139.2
206 65 66.1
206 72 58.1
206 101 75.1
206 115 67.1
206 167 55.1
206 193 145.2
206 217 59.1
206 232 142.2
206 236 147.2
206 240 145.2
206 242 59.1
206 273 166.2
206 277 52.1
206 279 174.2
207 11 57.1
207 36 62.1
207 55 78.1
207 63 219.29999999999998
207 100 202.29999999999998
207 110 52.1
207 129 118.2
207 152 113.2
207 165 155.2
207 181 118.19999999999999
207 184 82.1
207 227 117.19999999999999
207 266 223.29999999999998
208 45 57.1
208 49 63.1
208 89 114.2
208 96 50.1
208 105 53.1
208 113 116.19999999999999
208 116 185.3
208 121 186.29999999999998
208 132 179.29999999999998
208 143 129.2
208 171 50.1
208 212 130.2
208 217 60.1
208 218 120.2
208 235 48.1
209 2 116.2
209 13 114.19999999999999
209 17 144.2
209 26 62.1
209 53 59.1
209 104 154.2
209 123 63.1
209 128 149.2
209 130 120.2
209 133 111.2
209 157 54.1
209 161 106.2
209 177 63.1
209 186 56.1
209 211 145.2
209 248 80.1
209 256 60.1
210 5 118.19999999999999
210 9 115.19999999999999
210 56 72.1
210 67 60.1
210 70 199.29999999999998
210 73 86.1
210 102 122.19999999999999
210 104 60.1
210 108 127.19999999999999
210 112 126.19999999999999
210 130 57.1
210 137 55.1
210 138 143.2
210 177 65.1
210 180 124.19999999999999
210 254 51.1
210 281 73.1
211 2 108.2
211 13 126.19999999999999
211 17 138.2
211 23 73.1
211 48 76.1
211 51 66.1
211 104 137.2
211 123 67.1
211 128 180.2
211 130 114.2
211 133 128.2
211 161 147.2
211 166 66.1
211 172 71.1
211 180 57.1
211 196 81.1
211 198 52.1
211 209 141.2
212 12 57.1
212 49 46.1
212 54 76.1
212 66 55.1
212 78 54.1
212 89 161.2
212 105 78.1
212 113 127.19999999999999
212 116 137.2
212 121 116.2
212 132 139.2
212 143 126.19999999999999
212 208 124.19999999999999
212 218 126.19999999999999
212 224 70.1
212 250 91.1
212 265 75.1
212 279 63.1
213 0 44.1
213 8 237.29999999999998
213 26 60.1
213 32 150.2
213 40 59.1
213 43 85.1
213 58 123.19999999999999
213 77 69.1
213 87 234.29999999999998
213 101 92.1
213 123 239.29999999999998
213 137 205.29999999999998
213 157 127.19999999999999
213 186 171.2
213 236 184.2
214 4 212.29999999999998
214 7 82.1
214 65 64.1
214 75 67.1
214 91 151.2
214 101 257.29999999999995
214 142 72.1
214 146 62.1
214 164 138.2
214 169 71.1
214 197 122.2
214 201 186.2
214 232 150.2
214 276 142.2
215 32 73.1
215 37 61.1
215 43 168.2
215 80 125.19999999999999
215 97 47.1
215 119 96.2
215 128 53.1
215 138 63.1
215 170 187.29999999999998
215 173 123.19999999999999
215 202 62.1
215 230 129.2
215 248 130.2
215 255 80.1
215 256 110.19999999999999
215 281 139.2
216 24 149.2
216 42 124.19999999999999
216 49 128.2
216 80 69.1
216 103 129.2
216 106 70.1
216 141 73.1
216 142 80.1
216 144 59.1
216 171 125.19999999999999
216 220 64.1
216 232 84.1
216 235 189.3
216 243 167.2
216 262 70.1
216 263 71.1
216 264 85.1
217 24 77.1
217 54 56.1
217 77 68.1
217 101 67.1
217 141 157.2
217 151 154.2
217 164 63.1
217 184 127.19999999999999
217 196 216.29999999999998
217 206 76.1
217 208 63.1
217 228 234.29999999999998
217 239 140.2
217 242 65.1
217 264 212.29999999999998
218 37 49.1
218 45 65.1
218 52 62.1
218 57 65.1
218 64 76.1
218 71 55.1
218 89 181.2
218 104 50.1
218 113 140.2
218 116 110.2
218 121 208.29999999999998
218 127 51.1
218 132 125.19999999999999
218 143 152.2
218 208 122.19999999999999
218 212 136.2
218 245 70.1
218 263 80.1
219 7 169.2
219 47 71.1
219 88 210.29999999999998
219 139 82.1
219 142 67.1
219 162 57.1
219 172 140.2
219 177 80.1
219 181 72.1
219 191 140.2
219 194 72.1
219 199 50.1
219 222 84.1
219 226 69.1
219 229 136.2
219 241 223.29999999999998
219 255 124.19999999999999
219 269 64.1
220 9 69.1
220 10 172.2
220 14 56.1
220 21 77.1
220 44 109.2
220 62 135.2
220 68 77.1
220 74 160.2
220 99 227.29999999999998
220 125 163.2
220 127 242.29999999999998
220 170 82.1
220 183 240.29999999999998
220 216 86.1
220 225 61.1
220 280 89.1
221 10 74.1
221 16 68.1
221 22 137.2
221 50 75.1
221 52 61.1
221 59 159.2
221 74 63.1
221 75 132.2
221 77 160.2
221 91 73.1
221 114 124.19999999999999
221 154 164.2
221 155 67.1
221 163 60.1
221 183 58.1
221 185 66.1
221 188 196.29999999999998
221 231 55.1
221 267 67.1
222 4 119.2
222 10 53.1
222 24 77.1
222 51 63.1
222 55 66.1
222 83 62.1
222 124 62.1
222 188 47.1
222 219 72.1
222 225 187.29999999999998
222 243 48.1
222 264 67.1
222 268 118.19999999999999
222 271 164.2
222 273 146.2
222 279 225.29999999999998
222 280 153.2
223 48 60.1
223 55 57.1
223 60 244.29999999999998
223 63 146.2
223 84 56.1
223 100 144.2
223 108 85.1
223 146 69.1
223 152 127.19999999999999
223 169 142.2
223 170 73.1
223 179 199.2
223 253 146.2
223 270 249.29999999999998
224 15 190.3
224 23 120.19999999999999
224 40 121.2
224 54 96.2
224 78 97.2
224 79 97.2
224 92 132.2
224 93 52.1
224 107 80.1
224 131 121.2
224 150 47.1
224 189 66.1
224 212 64.1
224 226 55.1
224 238 117.19999999999999
225 25 43.1
225 33 54.1
225 42 70.1
225 46 67.1
225 68 142.2
225 113 152.2
225 125 68.1
225 220 56.1
225 222 205.29999999999998
225 268 148.2
225 271 253.29999999999998
225 273 127.19999999999999
225 279 118.19999999999999
225 280 200.2
226 1 57.1
226 5 78.1
226 7 85.1
226 24 87.1
226 39 150.2
226 52 54.1
226 54 55.1
226 66 144.2
226 77 66.1
226 92 64.1
226 119 32.1
226 121 156.2
226 136 80.1
226 160 57.1
226 167 49.1
226 168 163.2
226 169 109.19999999999999
226 199 61.1
226 200 61.1
226 204 121.19999999999999
226 219 64.1
226 224 51.1
226 227 66.1
227 63 129.2
227 107 76.1
227 120 143.2
227 129 186.2
227 149 148.2
227 165 154.2
227 167 54.1
227 175 122.2
227 203 134.2
227 207 150.2
227 226 71.1
227 257 146.2
227 272 145.2
228 46 74.1
228 71 59.1
228 105 82.1
228 106 73.1
228 136 63.1
228 141 188.3
228 151 126.19999999999999
228 169 70.1
228 179 100.1
228 184 129.2
228 196 143.2
228 197 68.1
228 217 191.29999999999998
228 232 72.1
228 239 131.2
228 264 152.2
228 276 71.1
229 7 116.19999999999999
229 25 54.1
229 52 42.1
229 57 64.1
229 58 74.1
229 88 132.2
229 172 130.2
229 174 62.1
229 178 64.1
229 191 111.2
229 219 138.2
229 236 75.1
229 241 172.29999999999998
229 254 66.1
229 255 153.2
229 269 59.1
229 275 65.1
230 5 87.1
230 18 99.1
230 37 69.1
230 43 167.2
230 56 73.1
230 80 167.2
230 81 92.1
230 108 77.1
230 119 106.19999999999999
230 153 66.1
230 157 68.1
230 170 184.2
230 173 222.29999999999998
230 177 67.1
230 215 139.2
230 248 151.2
230 256 149.2
230 281 174.2
231 3 130.2
231 16 159.2
231 19 154.2
231 114 63.1
231 131 72.1
231 138 58.1
231 154 60.1
231 183 77.1
231 185 141.2
231 221 59.1
231 238 65.1
231 261 109.2
231 262 122.19999999999999
231 263 143.2
231 267 65.1
231 274 73.1
232 4 77.1
232 25 66.1
232 44 62.1
232 59 67.1
232 77 67.1
232 101 141.2
232 106 74.1
232 115 72.1
232 188 53.1
232 197 54.1
232 201 81.1
232 206 124.19999999999999
232 214 160.2
232 216 81.1
232 228 76.1
232 239 58.1
232 242 77.1
232 274 69.1
232 276 53.1
232 279 82.1
232 280 88.1
233 1 186.2
233 61 81.1
233 85 79.1
233 120 161.2
233 146 88.1
233 149 181.2
233 158 169.2
233 165 202.29999999999998
233 166 70.1
233 190 72.1
233 252 112.1
233 257 210.29999999999998
233 268 175.2
233 270 95.1
233 272 194.2
234 27 46.1
234 36 48.1
234 47 49.1
234 68 129.2
234 69 143.2
234 72 206.29999999999998
234 121 73.1
234 122 130.2
234 134 114.2
234 135 116.2
234 176 60.1
234 182 60.1
234 199 119.2
234 246 119.2
235 24 206.29999999999998
235 40 64.1
235 42 145.2
235 45 52.1
235 49 213.29999999999998
235 91 84.1
235 103 194.29999999999998
235 105 71.1
235 111 112.2
235 155 67.1
235 171 150.2
235 184 85.1
235 208 47.1
235 216 230.29999999999998
235 239 85.1
235 243 126.2
235 278 74.1
236 13 50.1
236 55 114.19999999999999
236 58 71.1
236 81 56.1
236 87 51.1
236 98 52.1
236 100 80.2
236 102 89.2
236 108 74.1
236 112 56.1
236 137 42.1
236 153 65.1
236 155 27.1
236 183 65.1
236 206 126.19999999999999
236 213 112.2
236 229 47.1
236 280 61.1
236 281 54.1
237 27 53.1
237 51 72.1
237 83 130.2
237 95 198.29999999999998
237 130 70.1
237 156 71.1
237 159 234.29999999999998
237 182 63.1
237 184 62.1
237 193 90.1
237 197 45.1
237 240 160.2
237 243 62.1
237 244 203.29999999999998
237 267 145.2
237 274 141.2
237 277 117.2
238 15 183.2
238 23 151.2
238 25 60.1
238 40 231.29999999999998
238 44 75.1
238 54 201.29999999999998
238 61 57.1
238 78 160.2
238 79 143.2
238 92 133.2
238 115 85.1
238 131 148.2
238 164 99.1
238 224 175.2
238 231 105.1
238 250 89.1
239 38 80.1
239 75 73.1
239 77 72.1
239 101 71.1
239 138 76.1
239 141 170.2
239 151 212.29999999999998
239 154 70.1
239 184 151.2
239 196 218.29999999999998
239 197 73.1
239 217 145.2
239 228 126.19999999999999
239 232 56.1
239 235 70.1
239 245 77.1
239 264 145.2
240 24 88.1
240 82 60.1
240 83 128.2
240 95 222.29999999999998
240 99 65.1
240 159 168.2
240 182 53.1
240 193 71.1
240 206 131.2
240 237 132.2
240 242 69.1
240 244 139.2
240 249 63.1
240 267 116.2
240 274 121.2
240 276 85.1
240 277 139.2
241 7 252.29999999999998
241 13 61.1
241 14 57.1
241 28 86.1
241 51 65.1
241 66 93.1
241 85 143.2
241 88 138.2
241 92 71.1
241 110 82.1
241 160 71.1
241 172 156.2
241 190 83.1
241 191 145.2
241 202 70.1
241 219 239.29999999999998
241 229 198.29999999999998
241 255 147.2
242 3 54.1
242 4 53.1
242 22 63.1
242 55 123.19999999999999
242 83 56.1
242 99 63.1
242 115 59.1
242 140 59.1
242 146 80.1
242 155 53.1
242 164 84.1
242 188 57.1
242 193 61.1
242 197 71.1
242 206 56.1
242 217 67.1
242 232 78.1
242 240 66.1
242 244 69.1
242 249 64.1
242 274 73.1
242 277 51.1
243 24 128.2
243 42 134.2
243 49 126.19999999999999
243 57 63.1
243 71 57.1
243 85 63.1
243 103 207.29999999999998
243 111 61.1
243 171 124.19999999999999
243 184 73.1
243 216 141.2
243 222 46.1
243 235 110.2
243 237 75.1
243 270 70.1
243 278 116.2
244 3 71.1
244 20 52.1
244 30 71.1
244 83 137.2
244 95 158.2
244 99 48.1
244 126 44.1
244 159 144.2
244 193 89.1
244 201 89.1
244 237 217.29999999999998
244 240 157.2
244 242 61.1
244 260 77.1
244 267 209.29999999999998
244 274 164.2
244 277 143.2
245 12 117.2
245 25 68.1
245 39 138.2
245 40 76.1
245 42 60.1
245 47 144.2
245 65 135.2
245 96 124.19999999999999
245 111 193.3
245 113 68.1
245 143 71.1
245 150 139.2
245 186 76.1
245 193 75.1
245 218 64.1
245 239 70.1
245 261 66.1
246 18 48.1
246 20 55.1
246 34 52.1
246 40 74.1
246 47 59.1
246 69 117.2
246 70 62.1
246 72 195.3
246 122 112.19999999999999
246 131 59.1
246 134 147.2
246 135 211.29999999999998
246 143 63.1
246 199 129.2
246 234 135.2
246 265 87.1
247 0 85.2
247 7 67.1
247 21 56.1
247 27 125.19999999999999
247 30 101.2
247 31 104.2
247 35 119.2
247 52 61.1
247 53 104.2
247 57 55.1
247 61 118.19999999999999
247 88 61.1
247 140 54.1
247 147 109.2
247 155 44.1
247 162 106.2
247 187 64.1
248 32 60.1
248 33 70.1
248 43 130.2
248 80 165.2
248 81 63.1
248 97 60.1
248 108 69.1
248 119 135.3
248 153 78.1
248 170 147.2
248 173 157.2
248 209 69.1
248 215 146.2
248 230 146.2
248 256 109.2
248 281 156.2
249 52 57.1
249 86 57.1
249 88 101.2
249 124 105.2
249 140 160.2
249 142 143.2
249 146 111.19999999999999
249 155 46.1
249 202 66.1
249 240 61.1
249 242 47.1
249 259 119.19999999999999
249 269 151.2
249 270 79.1
249 275 212.29999999999998
250 27 40.1
250 64 66.1
250 76 172.3
250 89 72.1
250 94 144.2
250 107 139.2
250 136 58.1
250 157 62.1
250 175 140.2
250 179 79.1
250 181 211.29999999999998
250 212 80.1
250 238 53.1
250 254 125.19999999999999
250 265 142.2
250 266 135.2
251 5 79.1
251 20 62.1
251 21 58.1
251 48 153.2
251 52 60.1
251 85 129.2
251 90 134.2
251 148 68.1
251 155 71.1
251 165 87.1
251 174 112.2
251 177 73.1
251 178 166.2
251 190 202.29999999999998
251 194 193.2
251 258 155.2
252 1 176.2
252 65 59.1
252 66 56.1
252 68 168.2
252 94 172.2
252 105 156.2
252 107 130.2
252 116 60.1
252 120 131.2
252 150 52.1
252 167 56.1
252 203 125.2
252 233 78.1
252 265 155.2
252 271 183.2
253 60 137.2
253 68 118.2
253 84 64.1
253 93 62.1
253 100 177.3
253 149 139.2
253 152 140.2
253 160 111.2
253 168 50.1
253 170 71.1
253 179 134.2
253 181 67.1
253 223 130.2
253 269 62.1
253 270 139.2
254 76 108.2
254 94 143.2
254 97 65.1
254 107 132.2
254 129 70.1
254 175 193.29999999999998
254 179 133.2
254 181 200.29999999999998
254 204 157.2
254 210 44.1
254 229 64.1
254 250 139.2
254 266 126.19999999999999
254 270 58.1
255 7 234.29999999999998
255 24 73.1
255 38 59.1
255 88 111.2
255 135 99.1
255 152 62.1
255 154 53.1
255 172 127.19999999999999
255 189 60.1
255 191 139.2
255 215 67.1
255 219 124.2
255 229 111.2
255 241 123.2
256 2 44.1
256 34 67.1
256 37 81.1
256 38 74.1
256 43 250.29999999999998
256 70 72.1
256 80 145.2
256 97 63.1
256 119 133.2
256 170 180.3
256 173 143.2
256 209 58.1
256 215 131.2
256 230 170.2
256 248 131.2
256 281 141.2
257 1 141.2
257 6 74.1
257 9 63.1
257 11 72.1
257 39 70.1
257 63 135.2
257 120 137.2
257 129 161.2
257 149 135.2
257 158 148.2
257 165 137.2
257 180 63.1
257 227 137.2
257 233 202.29999999999998
257 272 166.2
258 10 64.1
258 37 80.1
258 48 150.2
258 85 229.29999999999998
258 90 126.19999999999999
258 95 81.1
258 98 82.1
258 165 78.1
258 174 134.2
258 178 122.19999999999999
258 190 119.19999999999999
258 194 152.2
258 204 133.2
258 251 124.2
259 26 53.1
259 31 71.1
259 55 119.2
259 90 49.1
259 119 46.1
259 124 144.2
259 136 57.1
259 140 201.29999999999998
259 142 124.19999999999999
259 146 124.2
259 155 48.1
259 174 61.1
259 249 102.2
259 269 115.2
259 275 124.19999999999999
260 62 61.1
260 67 144.2
260 77 67.1
260 82 117.2
260 99 60.1
260 106 174.3
260 109 110.2
260 126 133.2
260 144 126.19999999999999
260 156 118.2
260 164 59.1
260 182 70.1
260 200 209.29999999999998
260 205 193.29999999999998
260 244 74.1
261 3 72.2
261 16 132.2
261 19 132.2
261 21 42.1
261 31 44.1
261 106 41.1
261 131 47.1
261 141 48.1
261 151 43.1
261 166 45.1
261 182 59.1
261 185 102.2
261 196 75.1
261 231 111.19999999999999
261 245 68.1
261 262 103.2
261 263 98.2
262 0 48.1
262 3 115.19999999999999
262 9 44.1
262 16 115.2
262 19 150.2
262 75 72.1
262 127 49.1
262 131 59.1
262 141 62.1
262 150 61.1
262 154 72.1
262 156 52.1
262 185 118.2
262 196 53.1
262 216 56.1
262 231 129.2
262 261 112.2
262 263 121.19999999999999
263 3 122.19999999999999
263 16 170.2
263 19 181.2
263 44 67.1
263 45 50.1
263 59 74.1
263 67 57.1
263 109 57.1
263 146 71.1
263 159 73.1
263 161 58.1
263 185 128.2
263 193 59.1
263 199 54.1
263 216 86.1
263 218 81.1
263 231 147.2
263 261 106.2
263 262 136.2
264 20 55.1
264 24 62.1
264 50 38.1
264 64 68.1
264 91 129.2
264 141 135.2
264 144 50.1
264 151 115.2
264 184 137.2
264 196 136.2
264 201 86.1
264 216 69.1
264 217 195.29999999999998
264 222 60.1
264 228 141.2
264 239 151.2
265 25 53.1
265 42 119.19999999999999
265 47 57.1
265 64 52.1
265 68 106.2
265 76 103.2
265 94 129.2
265 105 113.2
265 115 138.2
265 117 62.1
265 132 149.2
265 212 60.1
265 246 64.1
265 250 154.2
265 252 154.2
265 278 150.2
266 11 79.1
266 63 60.1
266 76 108.2
266 94 197.29999999999998
266 100 57.1
266 107 103.2
266 152 127.19999999999999
266 165 76.1
266 175 107.2
266 181 117.2
266 207 217.29999999999998
266 250 164.2
266 254 117.2
267 16 60.1
267 19 62.1
267 22 64.1
267 74 63.1
267 82 74.1
267 83 120.19999999999999
267 95 127.19999999999999
267 156 51.1
267 159 126.19999999999999
267 171 45.1
267 183 57.1
267 185 63.1
267 221 68.1
267 231 63.1
267 237 115.19999999999999
267 240 110.2
267 244 158.3
267 274 127.19999999999999
267 277 148.3
268 0 47.1
268 1 198.29999999999998
268 6 54.1
268 12 56.1
268 46 65.1
268 115 165.2
268 124 61.1
268 222 118.19999999999999
268 225 148.2
268 233 158.2
268 271 110.2
268 273 148.2
268 279 139.2
268 280 170.2
269 14 56.1
269 38 73.1
269 90 44.1
269 124 119.2
269 138 46.1
269 140 232.29999999999998
269 142 197.29999999999998
269 146 275.29999999999995
269 178 67.1
269 179 76.1
269 219 74.1
269 229 56.1
269 249 149.2
269 253 75.1
269 259 147.2
269 275 120.2
270 11 45.1
270 28 50.1
270 41 55.1
270 60 124.19999999999999
270 100 138.2
270 152 122.19999999999999
270 168 117.19999999999999
270 174 59.1
270 179 150.2
270 189 58.1
270 204 142.2
270 223 201.29999999999998
270 233 75.1
270 243 65.1
270 249 63.1
270 253 116.2
270 254 60.1
271 39 68.1
271 65 50.1
271 66 83.1
271 94 60.1
271 105 60.1
271 107 59.1
271 115 126.19999999999999
271 150 66.1
271 203 71.1
271 222 135.2
271 225 190.29999999999998
271 252 147.2
271 268 112.2
271 273 146.2
271 279 145.2
271 280 160.2
272 1 117.19999999999999
272 73 77.1
272 120 138.2
272 129 120.19999999999999
272 149 156.2
272 158 202.3
272 165 147.2
272 175 110.2
272 181 122.19999999999999
272 204 127.19999999999999
272 227 138.2
272 233 163.2
272 257 154.2
273 25 40.1
273 33 51.1
273 46 46.1
273 50 48.1
273 105 175.3
273 115 58.1
273 134 53.1
273 203 58.1
273 206 140.2
273 222 120.2
273 225 112.2
273 268 116.19999999999999
273 271 137.2
273 279 176.3
273 280 152.2
274 19 62.1
274 40 48.1
274 44 56.1
274 83 176.3
274 95 114.2
274 131 55.1
274 159 122.19999999999999
274 185 58.1
274 231 59.1
274 232 72.1
274 237 111.19999999999999
274 240 147.2
274 242 60.1
274 244 101.2
274 267 126.19999999999999
274 277 95.2
275 30 61.1
275 88 122.19999999999999
275 103 74.1
275 124 145.2
275 134 57.1
275 140 153.2
275 142 217.29999999999998
275 146 164.2
275 180 49.1
275 203 55.1
275 229 47.1
275 249 226.29999999999998
275 259 130.2
275 269 132.2
276 4 110.2
276 75 65.1
276 77 60.1
276 83 60.1
276 91 92.2
276 101 122.19999999999999
276 126 59.1
276 151 42.1
276 154 64.1
276 164 115.2
276 197 132.3
276 201 119.2
276 214 136.2
276 228 66.1
276 232 51.1
276 240 65.1
277 3 40.1
277 19 60.1
277 83 99.2
277 95 101.2
277 151 40.1
277 159 81.2
277 206 46.1
277 237 90.2
277 240 116.2
277 242 43.1
277 244 93.2
277 267 129.3
277 274 88.2
278 11 70.1
278 33 54.1
278 42 112.2
278 73 71.1
278 76 113.2
278 103 63.1
278 105 167.3
278 115 138.2
278 117 55.1
278 132 63.1
278 145 64.1
278 189 42.1
278 203 59.1
278 235 58.1
278 243 116.2
278 265 130.2
279 4 56.1
279 117 65.1
279 121 62.1
279 183 68.1
279 188 61.1
279 197 50.1
279 201 86.1
279 206 162.2
279 212 60.1
279 222 184.29999999999998
279 225 115.19999999999999
279 232 66.1
279 268 133.2
279 271 161.2
279 273 228.29999999999998
279 280 162.2
280 9 71.1
280 24 72.1
280 28 70.1
280 39 57.1
280 46 66.1
280 53 78.1
280 105 68.1
280 108 68.1
280 144 67.1
280 148 67.1
280 188 68.1
280 220 62.1
280 222 122.2
280 225 135.2
280 232 72.1
280 236 71.1
280 268 130.2
280 271 158.2
280 273 152.2
280 279 145.2
281 43 128.2
281 75 55.1
281 80 151.2
281 81 64.1
281 108 129.2
281 110 62.1
281 119 108.2
281 170 122.2
281 173 131.2
281 210 49.1
281 215 130.2
281 230 151.2
281 236 53.1
281 248 129.2
281 256 139.2
