0 1 80.1
0 2 96.1
0 6 70.1
0 9 126.19999999999999
0 13 124.19999999999999
0 23 222.29999999999998
0 34 83.1
0 35 152.2
0 46 146.2
0 62 70.1
0 64 71.1
0 71 141.2
0 77 83.1
0 85 68.1
0 89 76.1
0 130 102.1
0 142 124.19999999999999
0 163 206.29999999999998
0 175 130.2
0 202 82.1
0 213 77.1
0 258 83.1
1 0 69.1
1 8 151.2
1 13 83.1
1 17 179.2
1 23 78.1
1 32 267.29999999999995
1 40 67.1
1 48 131.2
1 62 156.2
1 66 86.1
1 114 161.2
1 128 71.1
1 144 84.1
1 166 156.2
1 175 87.1
1 188 114.1
1 208 79.1
1 257 62.1
1 271 80.1
1 280 108.1
1 281 79.1
1 284 68.1
2 0 89.1
2 4 107.1
2 5 104.1
2 11 99.1
2 18 173.2
2 27 102.1
2 28 134.2
2 61 83.1
2 81 177.2
2 122 100.1
2 136 123.1
2 140 84.1
2 145 199.2
2 160 76.1
2 161 160.2
2 178 275.29999999999995
2 199 99.1
2 218 115.1
2 224 76.1
2 239 175.2
2 241 80.1
2 272 83.1
3 6 61.1
3 30 130.2
3 99 71.1
3 108 157.2
3 111 81.1
3 113 209.2
3 126 88.1
3 158 63.1
3 167 154.2
3 170 92.1
3 177 91.1
3 182 190.2
3 191 229.29999999999998
3 212 161.2
3 216 237.29999999999998
3 221 133.2
3 259 84.1
4 2 96.1
4 6 67.1
4 7 77.1
4 10 61.1
4 15 164.2
4 45 122.19999999999999
4 80 77.1
4 81 100.1
4 87 152.2
4 122 86.1
4 130 74.1
4 154 64.1
4 156 157.2
4 183 64.1
4 185 205.29999999999998
4 187 88.1
4 193 120.2
4 199 87.1
4 250 148.2
4 261 147.2
4 263 138.2
4 267 108.1
5 2 96.1
5 18 72.1
5 26 174.2
5 27 153.2
5 28 101.1
5 33 171.2
5 34 150.2
5 69 174.2
5 77 110.1
5 83 88.1
5 97 170.2
5 105 96.1
5 112 175.2
5 115 149.2
5 124 82.1
5 130 144.2
5 166 81.1
5 168 102.1
5 244 68.1
5 255 80.1
5 257 91.1
6 0 68.1
6 3 93.1
6 4 88.1
6 37 150.2
6 47 147.2
6 53 159.2
6 59 132.2
6 65 80.1
6 70 92.1
6 72 98.1
6 85 172.2
6 86 92.1
6 90 125.19999999999999
6 92 79.1
6 93 221.29999999999998
6 110 98.1
6 131 104.1
6 133 75.1
6 197 85.1
6 198 219.3
6 209 59.1
6 235 93.1
7 4 66.1
7 8 73.1
7 10 150.2
7 11 173.2
7 15 80.1
7 44 116.1
7 49 221.29999999999998
7 57 144.2
7 83 141.2
7 90 64.1
7 102 201.2
7 116 119.1
7 154 175.2
7 162 76.1
7 206 66.1
7 207 132.2
7 208 98.1
7 237 74.1
7 257 79.1
7 265 166.2
8 1 170.2
8 7 80.1
8 17 176.2
8 26 83.1
8 29 96.1
8 32 219.29999999999998
8 40 87.1
8 46 76.1
8 48 151.2
8 58 98.1
8 62 211.29999999999998
8 65 76.1
8 89 90.1
8 93 96.1
8 114 152.2
8 120 86.1
8 162 66.1
8 166 243.29999999999998
8 249 115.1
8 265 82.1
9 0 109.19999999999999
9 12 55.1
9 13 156.2
9 23 111.2
9 35 179.3
9 46 148.2
9 56 83.1
9 71 123.19999999999999
9 85 51.1
9 119 67.1
9 125 86.1
9 142 117.2
9 163 140.2
9 175 124.19999999999999
9 184 65.1
9 204 69.1
9 236 55.1
9 250 85.1
9 265 78.1
9 287 64.1
10 4 59.1
10 7 164.2
10 11 200.2
10 26 78.1
10 27 66.1
10 33 79.1
10 34 78.1
10 49 168.2
10 57 242.29999999999998
10 62 91.1
10 83 159.2
10 84 73.1
10 93 80.1
10 102 261.29999999999995
10 154 199.2
10 168 77.1
10 207 230.29999999999998
10 226 133.1
10 231 94.1
10 265 195.2
10 273 77.1
11 2 85.1
11 7 154.2
11 10 132.2
11 40 63.1
11 45 62.1
11 49 132.2
11 57 170.2
11 83 166.2
11 87 91.1
11 102 167.2
11 114 71.1
11 123 79.1
11 124 83.1
11 142 70.1
11 154 242.29999999999998
11 207 143.2
11 265 158.2
11 273 79.1
12 9 80.1
12 24 148.2
12 32 61.1
12 35 79.1
12 36 77.1
12 39 192.2
12 48 66.1
12 51 200.29999999999998
12 78 53.1
12 89 148.2
12 104 47.1
12 121 159.2
12 122 163.2
12 123 222.29999999999998
12 124 144.2
12 188 101.1
12 192 78.1
12 230 81.1
12 287 91.1
13 0 130.2
13 1 72.1
13 9 161.2
13 23 192.29999999999998
13 26 103.1
13 35 158.2
13 46 152.2
13 47 65.1
13 71 115.2
13 96 93.1
13 142 142.2
13 163 137.2
13 175 158.2
13 199 98.1
13 223 120.1
13 232 80.1
13 252 70.1
14 19 157.2
14 22 66.1
14 50 71.1
14 64 58.1
14 72 129.2
14 73 227.29999999999998
14 87 70.1
14 139 99.1
14 171 190.2
14 184 87.1
14 197 91.1
14 213 172.2
14 226 96.1
14 247 80.1
14 267 185.2
14 283 145.2
14 288 84.1
15 4 178.2
15 7 87.1
15 29 95.1
15 43 83.1
15 45 142.2
15 49 60.1
15 77 99.1
15 87 172.2
15 104 72.1
15 106 109.1
15 156 161.2
15 185 224.29999999999998
15 187 104.1
15 192 91.1
15 193 161.2
15 204 90.1
15 214 217.2
15 261 245.29999999999998
15 263 171.2
16 36 129.2
16 67 114.19999999999999
16 81 84.1
16 95 160.2
16 120 159.2
16 148 164.2
16 168 222.29999999999998
16 181 96.1
16 232 163.2
16 251 67.1
16 256 165.2
16 275 92.1
16 277 169.2
16 284 195.2
17 1 173.2
17 8 116.19999999999999
17 32 119.19999999999999
17 33 88.1
17 48 140.2
17 62 142.2
17 109 98.1
17 114 196.29999999999998
17 119 132.2
17 149 85.1
17 166 148.2
17 196 76.1
17 207 69.1
17 213 71.1
17 230 76.1
17 232 103.1
17 236 81.1
17 267 83.1
17 280 91.1
18 2 149.2
18 5 54.1
18 26 68.1
18 28 125.19999999999999
18 45 64.1
18 75 76.1
18 81 226.29999999999998
18 133 60.1
18 145 124.19999999999999
18 154 75.1
18 156 68.1
18 157 78.1
18 161 126.19999999999999
18 168 57.1
18 178 150.2
18 180 83.1
18 187 72.1
18 193 60.1
18 239 144.2
18 253 66.1
19 14 156.2
19 29 72.1
19 50 69.1
19 72 124.19999999999999
19 73 154.2
19 106 89.1
19 171 164.2
19 209 63.1
19 213 153.2
19 219 64.1
19 225 63.1
19 240 102.1
19 267 256.29999999999995
19 271 77.1
19 272 60.1
19 283 132.2
20 70 76.1
20 77 68.1
20 90 60.1
20 92 55.1
20 118 77.1
20 138 82.1
20 176 140.2
20 211 149.2
20 234 153.2
20 235 150.2
20 240 218.29999999999998
20 246 271.29999999999995
20 247 161.2
20 248 144.2
20 267 87.1
20 288 160.2
21 30 62.1
21 42 74.1
21 107 175.2
21 125 86.1
21 143 77.1
21 144 248.29999999999998
21 174 138.2
21 195 365.4
21 220 174.2
21 222 302.4
21 233 160.2
21 278 212.29999999999998
22 14 56.1
22 28 50.1
22 31 101.1
22 41 121.2
22 44 149.2
22 49 60.1
22 124 55.1
22 131 148.2
22 133 66.1
22 154 61.1
22 214 137.2
22 228 131.2
22 231 151.2
22 237 173.3
22 250 120.2
22 252 129.2
22 273 66.1
23 0 213.29999999999998
23 1 77.1
23 9 126.19999999999999
23 13 209.29999999999998
23 29 79.1
23 35 158.2
23 43 85.1
23 46 148.2
23 48 54.1
23 71 206.29999999999998
23 79 81.1
23 81 90.1
23 94 68.1
23 142 185.29999999999998
23 152 95.1
23 163 161.2
23 175 121.2
23 181 93.1
23 236 105.1
23 280 92.1
24 12 144.2
24 39 165.2
24 48 81.1
24 51 132.2
24 79 64.1
24 89 225.29999999999998
24 94 101.1
24 99 80.1
24 112 60.1
24 121 145.2
24 122 197.29999999999998
24 123 140.2
24 124 144.2
24 132 85.1
24 134 65.1
24 141 71.1
24 171 91.1
24 228 69.1
24 257 69.1
25 49 96.2
25 52 102.2
25 68 121.19999999999999
25 132 114.2
25 143 147.2
25 164 132.2
25 177 58.1
25 187 144.2
25 200 121.19999999999999
25 204 197.29999999999998
25 249 124.19999999999999
25 261 83.1
25 268 135.2
25 273 125.19999999999999
26 5 147.2
26 8 74.1
26 10 70.1
26 13 107.1
26 18 86.1
26 27 173.2
26 33 149.2
26 34 160.2
26 47 76.1
26 51 73.1
26 69 149.2
26 97 165.2
26 112 151.2
26 115 158.2
26 130 178.2
26 161 81.1
26 163 103.1
26 178 75.1
26 191 100.1
26 192 86.1
26 264 109.1
26 287 111.1
27 2 100.1
27 5 147.2
27 10 59.1
27 26 174.2
27 33 198.2
27 34 204.2
27 44 124.1
27 47 97.1
27 60 102.1
27 61 70.1
27 69 173.2
27 72 109.1
27 97 207.2
27 102 78.1
27 112 183.2
27 115 183.2
27 116 126.1
27 130 175.2
27 134 110.1
27 161 100.1
27 244 88.1
27 272 91.1
28 2 162.2
28 5 72.1
28 18 151.2
28 22 65.1
28 78 80.1
28 81 247.29999999999998
28 87 79.1
28 129 78.1
28 145 217.29999999999998
28 149 158.2
28 161 204.29999999999998
28 178 167.2
28 214 81.1
28 218 88.1
28 239 135.2
28 255 58.1
28 262 88.1
29 8 82.1
29 15 82.1
29 19 86.1
29 23 71.1
29 31 249.29999999999998
29 40 81.1
29 47 80.1
29 50 138.2
29 65 240.29999999999998
29 70 192.2
29 91 63.1
29 92 123.19999999999999
29 95 74.1
29 110 309.29999999999995
29 140 69.1
29 162 56.1
29 173 153.2
29 189 73.1
29 206 59.1
29 208 61.1
29 209 63.1
29 279 85.1
30 3 136.2
30 21 53.1
30 37 80.1
30 67 46.1
30 79 221.29999999999998
30 94 143.2
30 99 182.3
30 125 156.2
30 134 143.2
30 141 145.2
30 148 73.1
30 187 76.1
30 204 85.1
30 205 74.1
30 223 89.1
30 259 132.2
31 22 73.1
31 29 195.29999999999998
31 38 80.1
31 44 83.1
31 50 157.2
31 65 121.2
31 70 158.2
31 72 65.1
31 92 140.2
31 100 77.1
31 110 180.2
31 136 81.1
31 141 77.1
31 171 56.1
31 173 170.2
31 211 85.1
31 217 81.1
31 225 84.1
31 235 77.1
31 263 76.1
32 1 249.29999999999998
32 8 202.29999999999998
32 12 88.1
32 17 138.2
32 35 77.1
32 48 141.2
32 62 155.2
32 82 70.1
32 114 149.2
32 119 82.1
32 127 65.1
32 166 163.2
32 175 54.1
32 178 85.1
32 206 78.1
32 215 49.1
32 220 101.1
32 227 75.1
32 247 74.1
33 5 154.2
33 10 64.1
33 17 93.1
33 26 150.2
33 27 207.2
33 34 167.2
33 43 78.1
33 56 97.1
33 69 164.2
33 77 109.1
33 93 71.1
33 97 145.2
33 112 185.2
33 115 197.2
33 130 163.2
33 165 113.1
33 172 115.1
33 191 88.1
33 199 78.1
33 243 92.1
33 258 92.1
34 0 59.1
34 5 137.2
34 10 58.1
34 26 127.19999999999999
34 27 164.2
34 33 139.2
34 66 64.1
34 69 133.2
34 97 141.2
34 112 117.2
34 115 120.19999999999999
34 121 69.1
34 130 154.2
34 172 80.1
34 191 77.1
34 248 87.1
34 252 82.1
34 264 78.1
34 289 65.1
35 0 154.2
35 9 194.29999999999998
35 12 40.1
35 13 145.2
35 23 145.2
35 32 69.1
35 46 125.19999999999999
35 71 200.29999999999998
35 79 83.1
35 91 59.1
35 104 69.1
35 142 118.2
35 162 61.1
35 163 149.2
35 175 118.2
35 275 80.1
36 12 55.1
36 16 154.2
36 51 54.1
36 80 136.2
36 88 168.3
36 94 67.1
36 103 149.2
36 116 82.1
36 123 61.1
36 125 124.19999999999999
36 132 133.2
36 164 195.29999999999998
36 251 157.2
36 259 165.2
36 268 68.1
36 275 134.2
37 6 134.2
37 30 84.1
37 38 70.1
37 45 62.1
37 47 150.2
37 53 133.2
37 55 104.1
37 59 219.29999999999998
37 65 80.1
37 77 77.1
37 85 142.2
37 90 157.2
37 93 144.2
37 110 98.1
37 176 70.1
37 191 105.1
37 198 141.2
37 228 72.1
37 229 96.1
38 31 94.1
38 37 92.1
38 48 76.1
38 55 104.1
38 58 113.1
38 65 53.1
38 66 176.2
38 86 299.29999999999995
38 87 77.1
38 91 190.2
38 136 101.1
38 162 199.29999999999998
38 205 95.1
38 210 186.2
38 215 214.29999999999998
38 226 182.2
38 238 188.2
38 242 160.2
38 282 96.1
39 12 148.2
39 24 132.2
39 51 125.19999999999999
39 89 128.2
39 121 132.2
39 122 143.2
39 123 125.19999999999999
39 124 129.2
39 136 81.1
39 141 70.1
39 142 68.1
39 143 48.1
39 167 67.1
39 180 97.1
39 181 86.1
39 198 63.1
39 249 73.1
40 1 73.1
40 8 76.1
40 11 76.1
40 29 82.1
40 54 66.1
40 82 152.2
40 96 113.2
40 104 64.1
40 126 74.1
40 147 67.1
40 189 141.2
40 197 222.29999999999998
40 203 123.19999999999999
40 227 219.29999999999998
40 260 188.3
40 269 88.1
40 271 150.2
40 272 137.2
41 22 152.2
41 44 164.2
41 84 76.1
41 102 65.1
41 114 96.1
41 131 165.2
41 133 67.1
41 180 72.1
41 204 71.1
41 207 71.1
41 208 82.1
41 214 200.29999999999998
41 228 133.2
41 231 157.2
41 237 124.19999999999999
41 250 179.29999999999998
41 252 126.19999999999999
42 21 68.1
42 62 53.1
42 63 133.2
42 70 73.1
42 75 162.2
42 76 55.1
42 78 49.1
42 140 79.1
42 157 67.1
42 159 80.1
42 160 68.1
42 186 59.1
42 192 53.1
42 199 66.1
42 201 74.1
42 216 74.1
42 224 97.2
42 229 156.2
42 241 91.1
42 244 58.1
42 279 84.1
42 289 206.29999999999998
43 15 102.1
43 23 66.1
43 33 76.1
43 57 64.1
43 79 56.1
43 82 160.2
43 93 63.1
43 96 166.2
43 103 72.1
43 119 63.1
43 153 122.19999999999999
43 156 69.1
43 158 157.2
43 170 81.1
43 185 58.1
43 202 147.2
43 215 66.1
43 223 221.29999999999998
43 258 142.2
43 278 65.1
43 281 65.1
43 287 85.1
44 7 100.1
44 22 149.2
44 27 88.1
44 31 86.1
44 41 155.2
44 50 90.1
44 79 93.1
44 84 89.1
44 131 172.2
44 157 119.1
44 202 79.1
44 208 90.1
44 214 249.29999999999998
44 228 219.29999999999998
44 231 244.29999999999998
44 237 151.2
44 250 138.2
44 252 161.2
45 4 118.19999999999999
45 11 60.1
45 15 126.19999999999999
45 18 93.1
45 37 86.1
45 87 133.2
45 125 65.1
45 156 116.2
45 173 85.1
45 185 119.19999999999999
45 187 82.1
45 193 172.29999999999998
45 209 59.1
45 214 147.2
45 237 43.1
45 249 83.1
45 261 145.2
45 263 137.2
46 0 157.2
46 8 78.1
46 9 153.2
46 13 143.2
46 23 169.2
46 35 153.2
46 69 61.1
46 71 157.2
46 73 102.1
46 113 81.1
46 139 95.1
46 142 150.2
46 146 93.1
46 163 162.2
46 175 198.29999999999998
46 206 75.1
46 227 99.1
46 261 91.1
47 6 127.19999999999999
47 13 64.1
47 26 78.1
47 27 74.1
47 29 83.1
47 37 172.2
47 48 63.1
47 53 132.2
47 57 65.1
47 59 132.2
47 85 220.29999999999998
47 90 195.29999999999998
47 91 52.1
47 93 217.29999999999998
47 145 70.1
47 162 86.1
47 166 83.1
47 171 90.1
47 198 118.19999999999999
47 208 84.1
47 271 76.1
47 276 92.1
48 1 129.2
48 8 120.2
48 12 52.1
48 17 139.2
48 23 87.1
48 24 58.1
48 32 147.2
48 38 73.1
48 47 54.1
48 59 72.1
48 62 161.3
48 81 61.1
48 82 72.1
48 96 66.1
48 114 132.2
48 126 64.1
48 140 69.1
48 147 65.1
48 166 138.2
48 202 77.1
48 225 83.1
48 260 87.1
49 7 191.3
49 10 96.2
49 11 135.2
49 15 54.1
49 22 61.1
49 25 105.2
49 57 135.2
49 69 56.1
49 83 112.19999999999999
49 94 60.1
49 97 65.1
49 102 120.19999999999999
49 154 131.2
49 201 73.1
49 207 172.29999999999998
49 265 127.19999999999999
49 268 68.1
50 14 73.1
50 19 56.1
50 29 112.2
50 31 155.2
50 44 68.1
50 58 69.1
50 65 171.3
50 70 157.2
50 92 122.19999999999999
50 106 84.1
50 110 189.2
50 139 65.1
50 150 56.1
50 163 52.1
50 173 148.2
50 193 36.1
50 217 67.1
50 263 79.1
50 272 67.1
51 12 195.29999999999998
51 24 165.2
51 26 50.1
51 36 70.1
51 39 156.2
51 80 72.1
51 89 228.29999999999998
51 99 43.1
51 102 56.1
51 104 69.1
51 107 67.1
51 121 134.2
51 122 140.2
51 123 131.2
51 124 226.29999999999998
51 135 111.1
51 145 82.1
51 177 68.1
51 193 53.1
51 239 67.1
51 287 74.1
52 25 115.19999999999999
52 68 89.1
52 132 73.1
52 143 150.2
52 156 105.2
52 180 70.1
52 187 129.2
52 200 277.4
52 204 201.29999999999998
52 249 160.2
52 253 117.2
52 266 75.1
52 268 181.2
52 273 134.2
53 6 168.2
53 37 146.2
53 47 108.2
53 57 65.1
53 59 113.19999999999999
53 60 94.1
53 85 146.2
53 90 154.2
53 93 180.3
53 100 121.1
53 110 122.1
53 173 82.1
53 185 60.1
53 198 104.19999999999999
53 230 71.1
53 248 100.1
53 260 82.1
53 282 92.1
54 40 61.1
54 118 174.2
54 146 89.1
54 179 239.29999999999998
54 201 81.1
54 202 75.1
54 205 177.2
54 206 49.1
54 219 237.29999999999998
54 238 69.1
54 243 87.1
54 244 52.1
54 248 142.2
54 265 75.1
54 276 170.2
54 279 213.29999999999998
54 282 178.2
54 286 165.2
55 37 90.1
55 38 91.1
55 60 135.2
55 72 74.1
55 73 92.1
55 100 167.2
55 102 78.1
55 122 80.1
55 139 162.2
55 180 54.1
55 208 141.2
55 209 128.2
55 217 152.2
55 225 164.2
55 237 60.1
55 282 86.1
56 9 80.1
56 33 67.1
56 83 67.1
56 98 97.1
56 105 123.19999999999999
56 111 138.2
56 130 83.1
56 138 82.1
56 146 193.29999999999998
56 150 155.2
56 153 73.1
56 155 56.1
56 165 155.2
56 172 129.2
56 192 87.1
56 216 89.1
56 243 115.2
56 245 199.29999999999998
56 250 87.1
56 289 70.1
57 7 149.2
57 10 177.29999999999998
57 11 135.2
57 43 50.1
57 47 50.1
57 49 119.19999999999999
57 53 51.1
57 83 133.2
57 101 83.1
57 102 115.2
57 136 86.1
57 152 53.1
57 154 161.2
57 171 89.1
57 207 100.2
57 218 70.1
57 253 51.1
57 265 177.29999999999998
58 8 74.1
58 38 85.1
58 50 64.1
58 119 66.1
58 152 72.1
58 170 132.2
58 177 223.29999999999998
58 190 145.2
58 194 147.2
58 196 152.2
58 225 70.1
58 269 127.19999999999999
58 270 134.2
58 272 67.1
58 274 175.2
59 6 117.2
59 37 233.29999999999998
59 47 119.2
59 48 59.1
59 53 109.2
59 84 63.1
59 85 185.29999999999998
59 90 134.2
59 93 122.19999999999999
59 106 99.1
59 110 82.1
59 137 90.1
59 173 74.1
59 198 125.19999999999999
59 209 49.1
59 217 69.1
59 219 96.1
59 220 102.1
59 233 103.1
60 27 87.1
60 53 79.1
60 55 176.2
60 87 59.1
60 100 157.2
60 106 87.1
60 110 89.1
60 136 80.1
60 139 182.2
60 189 71.1
60 208 141.2
60 209 122.19999999999999
60 217 161.2
60 225 164.2
60 248 94.1
60 261 80.1
60 276 86.1
60 282 83.1
61 2 77.1
61 27 59.1
61 104 101.2
61 107 81.1
61 112 70.1
61 117 197.2
61 145 85.1
61 157 150.2
61 178 74.1
61 188 63.1
61 201 141.2
61 218 152.2
61 241 88.1
61 244 203.29999999999998
61 251 86.1
61 255 130.2
61 256 58.1
61 262 78.1
61 264 78.1
62 0 93.1
62 1 165.2
62 8 231.29999999999998
62 10 85.1
62 17 178.2
62 32 159.2
62 42 69.1
62 48 210.29999999999998
62 77 107.1
62 100 121.1
62 114 225.29999999999998
62 115 79.1
62 120 81.1
62 161 74.1
62 166 201.2
62 190 110.1
62 194 105.1
62 206 70.1
62 227 94.1
62 271 101.1
63 42 125.19999999999999
63 75 172.2
63 111 102.1
63 117 163.2
63 128 65.1
63 129 73.1
63 155 74.1
63 157 80.1
63 159 82.1
63 188 105.1
63 191 86.1
63 201 74.1
63 221 76.1
63 223 91.1
63 224 170.2
63 229 165.2
63 241 88.1
63 254 75.1
63 284 88.1
63 289 273.29999999999995
64 0 48.1
64 14 87.1
64 76 242.29999999999998
64 81 87.1
64 85 71.1
64 109 121.1
64 119 150.2
64 120 80.1
64 126 179.2
64 135 108.1
64 149 170.2
64 159 259.29999999999995
64 163 78.1
64 184 194.2
64 202 87.1
64 240 82.1
64 242 63.1
64 257 145.2
64 258 86.1
64 277 93.1
65 6 63.1
65 8 67.1
65 29 201.29999999999998
65 31 126.19999999999999
65 37 76.1
65 38 59.1
65 50 241.29999999999998
65 70 149.2
65 90 71.1
65 92 197.29999999999998
65 110 176.2
65 121 59.1
65 129 83.1
65 173 143.2
65 205 47.1
65 206 59.1
65 209 59.1
65 225 70.1
65 258 84.1
65 272 51.1
66 1 57.1
66 34 65.1
66 38 137.2
66 86 238.29999999999998
66 91 117.2
66 119 77.1
66 162 133.2
66 189 63.1
66 197 76.1
66 210 131.2
66 215 134.2
66 217 77.1
66 226 168.2
66 238 153.2
66 240 64.1
66 242 142.2
67 16 130.2
67 30 63.1
67 95 177.29999999999998
67 120 135.2
67 143 57.1
67 148 130.2
67 158 57.1
67 168 132.2
67 232 190.29999999999998
67 256 115.2
67 260 60.1
67 277 139.2
67 280 109.2
67 284 224.29999999999998
68 25 137.2
68 52 49.1
68 74 172.2
68 84 199.29999999999998
68 101 162.2
68 133 116.19999999999999
68 180 148.2
68 200 60.1
68 241 67.1
68 253 127.19999999999999
68 256 70.1
68 266 143.2
68 268 245.29999999999998
69 5 167.2
69 26 140.2
69 27 186.2
69 33 132.2
69 34 169.2
69 46 63.1
69 49 63.1
69 71 76.1
69 97 139.2
69 102 83.1
69 108 103.1
69 111 90.1
69 112 183.2
69 115 138.2
69 130 160.2
69 203 84.1
69 206 76.1
69 208 94.1
69 257 69.1
70 6 84.1
70 20 75.1
70 29 169.2
70 31 162.2
70 42 77.1
70 50 154.2
70 65 126.19999999999999
70 92 140.2
70 101 73.1
70 110 278.29999999999995
70 123 73.1
70 128 56.1
70 129 71.1
70 140 84.1
70 171 82.1
70 173 149.2
70 226 76.1
70 246 89.1
70 283 74.1
71 0 132.2
71 9 145.2
71 13 121.19999999999999
71 23 226.29999999999998
71 35 254.29999999999998
71 46 147.2
71 69 82.1
71 93 62.1
71 111 85.1
71 142 186.2
71 158 84.1
71 159 101.1
71 163 153.2
71 175 257.29999999999995
71 206 78.1
71 257 76.1
71 261 86.1
72 6 73.1
72 14 146.2
72 19 130.2
72 27 68.1
72 31 57.1
72 55 75.1
72 73 204.29999999999998
72 86 46.1
72 139 84.1
72 171 128.2
72 206 83.1
72 213 144.2
72 217 70.1
72 225 63.1
72 267 154.2
72 272 53.1
72 283 215.29999999999998
72 286 76.1
73 14 245.29999999999998
73 19 153.2
73 46 91.1
73 55 102.1
73 72 199.29999999999998
73 100 62.1
73 105 72.1
73 145 66.1
73 171 171.2
73 173 100.1
73 208 96.1
73 209 82.1
73 213 232.29999999999998
73 225 77.1
73 240 72.1
73 242 79.1
73 267 173.2
73 283 173.2
74 68 201.2
74 75 99.1
74 84 358.29999999999995
74 90 85.1
74 101 246.2
74 110 127.1
74 129 102.1
74 131 130.1
74 133 306.29999999999995
74 137 123.1
74 155 70.1
74 180 256.2
74 207 69.1
74 212 114.1
74 231 113.1
74 253 194.2
74 266 356.29999999999995
75 18 79.1
75 42 154.2
75 63 153.2
75 74 89.1
75 81 73.1
75 97 78.1
75 115 47.1
75 116 183.2
75 128 77.1
75 129 76.1
75 140 86.1
75 157 82.1
75 159 76.1
75 168 83.1
75 224 178.29999999999998
75 229 252.29999999999998
75 244 86.1
75 262 78.1
75 264 160.2
75 289 180.2
76 42 50.1
76 64 247.29999999999998
76 99 107.2
76 104 54.1
76 116 115.1
76 119 125.19999999999999
76 126 192.2
76 149 306.29999999999995
76 154 86.1
76 157 113.1
76 159 165.2
76 161 62.1
76 176 75.1
76 178 76.1
76 182 67.1
76 188 87.1
76 221 76.1
76 252 67.1
76 257 214.29999999999998
76 281 78.1
77 0 73.1
77 5 82.1
77 15 86.1
77 20 81.1
77 33 76.1
77 37 83.1
77 62 69.1
77 87 49.1
77 96 96.1
77 107 64.1
77 109 92.1
77 119 63.1
77 122 85.1
77 127 62.1
77 128 82.1
77 129 51.1
77 135 110.1
77 140 89.1
77 151 75.1
77 176 141.2
77 184 100.1
77 189 104.1
77 198 78.1
77 226 84.1
77 240 62.1
77 258 172.2
77 286 96.1
78 12 47.1
78 28 82.1
78 42 64.1
78 89 58.1
78 99 65.1
78 101 80.1
78 103 71.1
78 117 74.1
78 135 75.1
78 138 142.2
78 149 82.1
78 155 147.2
78 160 133.2
78 186 128.2
78 199 77.1
78 241 168.2
78 254 152.2
78 255 58.1
78 264 168.2
79 23 77.1
79 24 71.1
79 30 209.29999999999998
79 35 74.1
79 43 72.1
79 44 91.1
79 94 154.2
79 99 135.2
79 103 77.1
79 109 96.1
79 116 83.1
79 124 54.1
79 134 155.2
79 141 216.29999999999998
79 148 61.1
79 157 94.1
79 181 101.1
79 190 79.1
79 237 80.1
79 239 68.1
79 259 179.2
79 261 82.1
79 288 99.1
80 4 69.1
80 36 163.2
80 51 63.1
80 88 157.2
80 103 178.2
80 116 88.1
80 121 79.1
80 125 223.29999999999998
80 132 150.2
80 149 80.1
80 164 160.2
80 178 56.1
80 188 149.2
80 193 56.1
80 204 55.1
80 231 88.1
80 239 82.1
80 250 71.1
80 259 251.29999999999998
81 2 205.2
81 4 120.1
81 16 152.1
81 18 329.29999999999995
81 23 93.1
81 28 262.29999999999995
81 48 109.1
81 64 89.1
81 75 123.1
81 85 86.1
81 116 144.1
81 123 104.1
81 132 111.1
81 140 151.1
81 145 205.2
81 161 168.2
81 175 77.1
81 178 312.29999999999995
81 191 109.1
81 239 187.2
81 242 93.1
81 244 107.1
81 284 124.1
82 32 65.1
82 40 138.2
82 43 156.2
82 48 74.1
82 96 217.29999999999998
82 126 71.1
82 128 88.1
82 153 247.29999999999998
82 158 144.2
82 202 151.2
82 203 65.1
82 223 181.2
82 226 96.1
82 246 83.1
82 258 172.2
82 260 66.1
82 271 150.2
83 5 62.1
83 7 131.2
83 10 111.2
83 11 173.2
83 49 140.2
83 56 82.1
83 57 136.2
83 102 208.29999999999998
83 141 53.1
83 145 62.1
83 154 132.2
83 207 160.3
83 239 68.1
83 265 126.19999999999999
83 266 81.1
83 273 74.1
84 10 68.1
84 41 68.1
84 44 91.1
84 59 60.1
84 68 229.29999999999998
84 74 328.29999999999995
84 101 188.2
84 128 84.1
84 133 152.2
84 163 75.1
84 164 91.1
84 177 99.1
84 180 166.2
84 193 66.1
84 237 80.1
84 239 66.1
84 249 97.1
84 253 128.2
84 259 63.1
84 266 184.2
85 0 80.1
85 6 151.2
85 9 87.1
85 37 177.2
85 47 241.29999999999998
85 53 160.2
85 59 210.29999999999998
85 64 72.1
85 81 83.1
85 90 169.2
85 93 160.2
85 167 67.1
85 192 89.1
85 198 127.19999999999999
85 202 81.1
85 215 70.1
85 226 85.1
85 234 96.1
85 288 88.1
86 6 72.1
86 38 236.29999999999998
86 66 193.29999999999998
86 72 48.1
86 90 56.1
86 91 125.19999999999999
86 96 60.1
86 115 55.1
86 137 80.1
86 162 113.2
86 206 62.1
86 209 49.1
86 210 148.2
86 215 133.2
86 226 133.2
86 235 77.1
86 238 183.2
86 242 123.19999999999999
87 4 149.2
87 11 68.1
87 14 87.1
87 15 147.2
87 28 68.1
87 38 76.1
87 45 104.2
87 60 86.1
87 77 56.1
87 104 59.1
87 124 72.1
87 136 103.1
87 156 191.29999999999998
87 180 53.1
87 185 114.2
87 193 113.2
87 261 133.2
87 263 136.2
87 273 78.1
88 36 170.3
88 80 139.2
88 101 59.1
88 103 209.29999999999998
88 123 134.2
88 125 132.2
88 132 137.2
88 156 55.1
88 164 104.2
88 168 66.1
88 183 152.2
88 223 82.1
88 239 55.1
88 251 156.2
88 259 138.2
88 275 87.1
89 0 82.1
89 8 74.1
89 12 156.2
89 24 254.29999999999998
89 39 158.2
89 51 229.29999999999998
89 78 69.1
89 121 224.29999999999998
89 122 144.2
89 123 236.29999999999998
89 124 162.2
89 133 78.1
89 135 90.1
89 188 116.1
89 192 83.1
89 203 121.1
89 218 88.1
89 233 96.1
89 257 79.1
89 258 87.1
89 285 91.1
90 6 129.2
90 7 72.1
90 20 82.1
90 37 169.2
90 47 190.29999999999998
90 53 141.2
90 59 156.2
90 65 76.1
90 74 88.1
90 85 141.2
90 86 73.1
90 93 130.2
90 100 105.1
90 128 51.1
90 161 124.19999999999999
90 176 66.1
90 179 80.1
90 198 134.2
91 29 73.1
91 35 51.1
91 38 165.2
91 47 53.1
91 66 131.2
91 86 148.2
91 131 78.1
91 133 54.1
91 138 72.1
91 162 191.29999999999998
91 171 64.1
91 208 76.1
91 210 137.2
91 215 133.2
91 226 157.2
91 238 145.2
91 242 196.29999999999998
91 247 64.1
92 6 70.1
92 20 56.1
92 29 111.19999999999999
92 31 153.2
92 50 150.2
92 65 197.29999999999998
92 70 159.2
92 106 73.1
92 109 71.1
92 110 144.2
92 136 73.1
92 171 67.1
92 173 185.3
92 179 79.1
92 184 63.1
92 202 54.1
92 229 75.1
92 240 68.1
93 6 239.29999999999998
93 8 93.1
93 10 69.1
93 33 89.1
93 37 183.2
93 43 79.1
93 47 234.29999999999998
93 53 237.29999999999998
93 59 123.19999999999999
93 71 58.1
93 85 168.2
93 90 161.2
93 95 108.1
93 113 110.1
93 118 123.1
93 121 87.1
93 139 95.1
93 198 137.2
93 210 111.1
93 258 111.1
93 279 92.1
94 23 86.1
94 24 102.1
94 30 127.19999999999999
94 36 74.1
94 49 48.1
94 79 132.2
94 99 135.2
94 122 89.1
94 124 76.1
94 134 140.2
94 141 200.29999999999998
94 149 86.1
94 170 72.1
94 181 82.1
94 221 64.1
94 223 86.1
94 242 74.1
94 251 72.1
95 16 176.2
95 29 51.1
95 67 196.29999999999998
95 93 84.1
95 120 233.29999999999998
95 128 82.1
95 148 164.2
95 164 174.2
95 168 236.29999999999998
95 219 79.1
95 232 185.2
95 256 140.2
95 277 171.2
95 284 156.2
96 13 80.1
96 40 130.2
96 43 153.2
96 48 75.1
96 77 93.1
96 82 240.29999999999998
96 86 70.1
96 99 77.1
96 126 97.1
96 138 76.1
96 153 149.2
96 158 254.29999999999998
96 170 74.1
96 197 60.1
96 202 161.2
96 203 78.1
96 223 193.2
96 227 75.1
96 239 75.1
96 258 229.29999999999998
97 5 118.2
97 26 130.2
97 27 159.2
97 33 121.19999999999999
97 34 149.2
97 49 80.1
97 69 127.19999999999999
97 75 75.1
97 112 143.2
97 115 154.2
97 117 76.1
97 129 66.1
97 130 117.19999999999999
97 160 52.1
97 224 92.1
97 228 65.1
97 241 64.1
97 258 58.1
97 262 87.1
98 56 68.1
98 106 176.2
98 125 74.1
98 136 207.2
98 137 167.2
98 140 71.1
98 151 169.2
98 155 65.1
98 167 163.2
98 174 88.1
98 186 67.1
98 192 163.2
98 195 99.1
98 216 93.1
98 220 176.2
98 229 84.1
98 243 65.1
98 278 98.1
99 3 79.1
99 24 72.1
99 30 192.29999999999998
99 51 62.1
99 76 107.2
99 78 57.1
99 79 113.2
99 94 137.2
99 96 68.1
99 116 160.2
99 134 210.29999999999998
99 141 193.29999999999998
99 148 61.1
99 149 71.1
99 168 55.1
99 175 66.1
99 230 65.1
99 233 85.1
100 31 66.1
100 53 80.1
100 55 178.2
100 60 147.2
100 62 62.1
100 73 59.1
100 90 60.1
100 102 60.1
100 110 80.1
100 139 113.2
100 208 159.2
100 209 106.2
100 212 87.1
100 217 158.2
100 225 130.2
100 276 91.1
100 282 74.1
101 57 88.1
101 68 154.2
101 70 91.1
101 74 220.2
101 78 57.1
101 84 160.2
101 88 77.1
101 102 67.1
101 131 99.1
101 133 220.29999999999998
101 180 154.2
101 203 82.1
101 209 42.1
101 219 74.1
101 247 97.1
101 252 60.1
101 253 97.2
101 254 69.1
101 266 151.2
102 7 185.2
102 10 230.29999999999998
102 11 176.2
102 27 75.1
102 41 75.1
102 49 119.19999999999999
102 51 69.1
102 55 90.1
102 57 141.2
102 69 73.1
102 83 238.29999999999998
102 100 97.1
102 101 68.1
102 133 71.1
102 154 168.2
102 207 139.2
102 265 161.2
102 271 87.1
103 36 149.2
103 43 67.1
103 78 56.1
103 79 64.1
103 80 146.2
103 88 218.29999999999998
103 125 149.2
103 132 133.2
103 134 155.2
103 164 150.2
103 175 74.1
103 183 88.1
103 185 74.1
103 226 88.1
103 250 65.1
103 251 145.2
103 259 231.29999999999998
103 285 182.2
104 12 68.1
104 15 57.1
104 35 56.1
104 40 60.1
104 51 67.1
104 61 113.2
104 76 47.1
104 87 67.1
104 117 149.2
104 121 70.1
104 149 82.1
104 157 124.2
104 178 48.1
104 199 73.1
104 201 158.2
104 218 169.2
104 239 140.2
104 244 118.19999999999999
104 255 202.29999999999998
105 5 47.1
105 56 105.2
105 73 64.1
105 111 123.19999999999999
105 112 67.1
105 130 42.1
105 146 114.2
105 150 145.2
105 165 233.29999999999998
105 172 139.2
105 201 72.1
105 224 59.1
105 243 110.2
105 245 131.2
105 254 69.1
106 15 76.1
106 19 78.1
106 50 81.1
106 59 70.1
106 60 85.1
106 92 36.1
106 98 159.2
106 118 79.1
106 127 58.1
106 137 148.2
106 151 156.2
106 173 58.1
106 195 76.1
106 203 77.1
106 205 56.1
106 211 68.1
106 232 68.1
106 248 135.2
106 262 173.2
106 273 70.1
106 276 86.1
106 283 75.1
107 21 156.2
107 51 64.1
107 61 68.1
107 77 54.1
107 127 71.1
107 136 98.1
107 141 72.1
107 144 131.2
107 151 65.1
107 174 164.2
107 189 75.1
107 195 172.2
107 220 163.2
107 222 130.2
107 233 93.1
107 240 59.1
107 278 130.2
108 3 163.2
108 69 75.1
108 113 176.2
108 152 110.1
108 153 70.1
108 156 59.1
108 177 61.1
108 182 198.2
108 191 164.2
108 212 245.29999999999998
108 216 166.2
108 221 222.29999999999998
108 222 97.1
108 224 57.1
108 243 73.1
108 257 69.1
108 275 68.1
108 289 67.1
109 17 47.1
109 64 75.1
109 77 76.1
109 79 71.1
109 92 61.1
109 113 176.2
109 136 206.2
109 147 78.1
109 150 62.1
109 151 166.2
109 167 58.1
109 169 77.1
109 184 176.2
109 189 77.1
109 198 52.1
109 211 97.1
109 229 179.2
109 233 76.1
109 234 78.1
109 258 67.1
109 262 73.1
110 6 76.1
110 29 255.29999999999998
110 31 192.2
110 37 99.1
110 50 208.2
110 53 83.1
110 59 81.1
110 60 63.1
110 65 206.2
110 70 280.29999999999995
110 74 104.1
110 92 132.2
110 100 78.1
110 133 69.1
110 173 151.2
110 205 67.1
110 217 100.1
110 238 89.1
110 282 130.1
111 3 72.1
111 56 132.2
111 63 110.1
111 69 65.1
111 71 71.1
111 105 132.2
111 139 71.1
111 140 148.2
111 146 148.2
111 150 145.2
111 159 82.1
111 165 146.2
111 172 121.19999999999999
111 227 63.1
111 229 73.1
111 243 129.2
111 245 125.19999999999999
111 271 78.1
112 5 140.2
112 24 65.1
112 26 111.2
112 27 137.2
112 33 149.2
112 34 121.2
112 61 67.1
112 69 148.2
112 97 141.2
112 105 75.1
112 115 143.2
112 129 89.1
112 130 150.2
112 150 75.1
112 186 84.1
112 193 61.1
112 199 106.1
112 255 68.1
112 278 94.1
113 3 180.2
113 46 73.1
113 93 69.1
113 108 153.2
113 109 195.2
113 132 59.1
113 146 99.1
113 159 67.1
113 167 67.1
113 177 87.1
113 182 152.2
113 185 52.1
113 191 152.2
113 212 160.2
113 216 151.2
113 221 149.2
114 1 160.2
114 8 146.2
114 11 83.1
114 17 237.29999999999998
114 32 157.2
114 41 78.1
114 48 139.2
114 62 237.29999999999998
114 127 93.1
114 128 71.1
114 139 95.1
114 151 99.1
114 152 87.1
114 161 67.1
114 166 153.2
114 218 86.1
114 233 103.1
114 236 116.1
114 257 181.2
114 276 108.1
115 5 115.19999999999999
115 26 122.19999999999999
115 27 142.2
115 33 136.2
115 34 117.19999999999999
115 62 57.1
115 69 111.19999999999999
115 75 57.1
115 86 72.1
115 97 128.2
115 112 132.2
115 121 64.1
115 128 78.1
115 129 66.1
115 130 128.2
115 141 68.1
115 273 79.1
116 7 79.1
116 27 94.1
116 36 76.1
116 75 177.2
116 76 71.1
116 79 57.1
116 80 80.1
116 81 93.1
116 99 133.2
116 119 62.1
116 122 76.1
116 134 129.2
116 135 78.1
116 136 102.1
116 141 130.2
116 148 62.1
116 159 77.1
116 164 66.1
116 183 89.1
116 188 101.1
116 220 103.1
116 251 72.1
116 255 72.1
116 269 78.1
116 277 95.1
117 61 185.2
117 63 146.2
117 78 77.1
117 97 80.1
117 104 151.2
117 119 77.1
117 120 96.1
117 153 73.1
117 157 195.2
117 160 63.1
117 178 66.1
117 201 172.2
117 218 271.29999999999995
117 221 77.1
117 244 166.2
117 255 168.2
117 262 92.1
117 286 105.1
118 20 69.1
118 54 157.2
118 93 72.1
118 106 84.1
118 137 93.1
118 166 72.1
118 173 91.1
118 176 87.1
118 179 181.2
118 205 176.2
118 219 146.2
118 243 73.1
118 248 187.2
118 276 179.2
118 279 150.2
118 282 251.29999999999998
118 286 175.2
119 9 73.1
119 17 140.2
119 32 77.1
119 43 66.1
119 58 88.1
119 64 161.2
119 66 81.1
119 76 145.2
119 77 76.1
119 116 91.1
119 117 83.1
119 126 235.29999999999998
119 149 166.2
119 159 138.2
119 162 50.1
119 169 88.1
119 194 75.1
119 227 78.1
119 257 198.29999999999998
120 8 74.1
120 16 175.2
120 62 78.1
120 64 67.1
120 67 109.2
120 95 208.29999999999998
120 117 98.1
120 129 57.1
120 148 166.2
120 168 167.2
120 205 78.1
120 232 153.2
120 256 131.2
120 277 148.2
120 278 90.1
120 284 153.2
121 12 114.2
121 24 104.2
121 34 52.1
121 39 142.2
121 51 122.2
121 65 61.1
121 80 54.1
121 89 168.29999999999998
121 93 58.1
121 104 72.1
121 115 66.1
121 122 111.2
121 123 127.19999999999999
121 124 113.2
121 132 61.1
121 199 65.1
121 200 65.1
121 207 49.1
121 266 65.1
122 2 83.1
122 4 74.1
122 12 141.2
122 24 173.3
122 39 143.2
122 51 136.2
122 55 77.1
122 77 56.1
122 89 146.2
122 94 90.1
122 116 86.1
122 121 143.2
122 123 116.19999999999999
122 124 118.2
122 134 75.1
122 170 70.1
122 182 84.1
122 214 75.1
122 269 85.1
122 271 78.1
123 11 73.1
123 12 196.29999999999998
123 24 133.2
123 36 63.1
123 39 142.2
123 51 131.2
123 70 78.1
123 81 80.1
123 88 156.2
123 89 195.29999999999998
123 121 138.2
123 122 107.2
123 124 129.2
123 131 77.1
123 145 60.1
123 183 85.1
123 254 72.1
123 256 69.1
123 261 80.1
124 5 59.1
124 11 68.1
124 12 113.19999999999999
124 22 58.1
124 24 135.2
124 39 135.2
124 51 165.3
124 79 52.1
124 87 63.1
124 89 155.2
124 94 87.1
124 121 120.19999999999999
124 122 123.19999999999999
124 123 138.2
124 132 67.1
124 143 62.1
124 156 65.1
124 164 81.1
125 9 66.1
125 21 96.1
125 30 152.2
125 36 124.19999999999999
125 45 69.1
125 80 214.29999999999998
125 88 134.2
125 98 68.1
125 103 179.2
125 132 121.19999999999999
125 149 95.1
125 154 77.1
125 164 219.29999999999998
125 192 65.1
125 251 155.2
125 259 174.2
125 275 181.2
126 3 85.1
126 40 87.1
126 48 66.1
126 64 167.2
126 76 186.2
126 82 97.1
126 96 84.1
126 119 237.29999999999998
126 129 93.1
126 147 70.1
126 149 243.2
126 158 81.1
126 159 217.2
126 177 90.1
126 178 96.1
126 198 87.1
126 203 91.1
126 215 92.1
126 236 110.1
126 257 181.2
126 265 101.1
126 274 85.1
127 32 52.1
127 77 60.1
127 106 71.1
127 107 75.1
127 114 59.1
127 136 75.1
127 137 138.2
127 147 175.29999999999998
127 152 171.3
127 166 56.1
127 169 135.2
127 213 67.1
127 227 45.1
127 230 216.29999999999998
127 236 148.2
127 280 114.2
128 1 70.1
128 63 63.1
128 70 92.1
128 75 93.1
128 77 101.1
128 82 95.1
128 84 76.1
128 90 65.1
128 95 93.1
128 114 66.1
128 115 64.1
128 129 158.2
128 140 164.2
128 154 89.1
128 157 86.1
128 165 94.1
128 179 88.1
128 187 88.1
128 198 64.1
128 201 64.1
128 206 150.2
128 219 68.1
128 244 76.1
128 257 77.1
128 281 81.1
129 28 57.1
129 63 72.1
129 65 63.1
129 70 56.1
129 74 98.1
129 75 69.1
129 77 65.1
129 97 55.1
129 112 65.1
129 115 77.1
129 120 70.1
129 126 75.1
129 128 131.2
129 138 70.1
129 140 141.2
129 163 56.1
129 165 77.1
129 166 76.1
129 206 94.2
129 218 58.1
129 219 70.1
129 229 67.1
129 254 66.1
129 263 80.1
129 279 85.1
130 0 69.1
130 4 65.1
130 5 148.2
130 26 150.2
130 27 162.2
130 33 146.2
130 34 141.2
130 56 85.1
130 69 148.2
130 97 141.2
130 105 64.1
130 112 162.2
130 115 142.2
130 140 80.1
130 145 72.1
130 151 77.1
130 165 94.1
130 231 93.1
131 6 78.1
131 22 130.2
131 41 123.19999999999999
131 44 161.2
131 74 103.1
131 91 75.1
131 101 75.1
131 123 78.1
131 214 144.2
131 228 128.2
131 231 141.2
131 237 120.2
131 249 100.1
131 250 134.2
131 252 193.3
131 261 76.1
131 266 86.1
132 24 71.1
132 25 106.2
132 36 134.2
132 52 66.1
132 80 143.2
132 81 69.1
132 88 145.2
132 103 149.2
132 113 63.1
132 121 46.1
132 124 63.1
132 125 113.2
132 160 67.1
132 164 127.19999999999999
132 168 58.1
132 181 182.2
132 199 73.1
132 259 149.2
132 285 83.1
133 6 91.1
133 18 75.1
133 22 69.1
133 41 64.1
133 68 120.2
133 74 278.29999999999995
133 84 152.2
133 89 70.1
133 91 74.1
133 101 228.29999999999998
133 102 72.1
133 110 84.1
133 143 72.1
133 180 112.2
133 247 90.1
133 249 78.1
133 252 77.1
133 253 168.29999999999998
133 266 149.2
134 24 59.1
134 27 64.1
134 30 124.2
134 79 139.2
134 94 151.2
134 99 201.3
134 103 173.2
134 116 128.2
134 122 62.1
134 141 118.19999999999999
134 164 125.19999999999999
134 221 60.1
134 251 76.1
134 256 53.1
134 275 114.19999999999999
135 51 72.1
135 64 90.1
135 77 107.1
135 78 71.1
135 89 66.1
135 116 84.1
135 153 64.1
135 178 64.1
135 181 179.2
135 183 253.29999999999998
135 188 178.2
135 199 175.2
135 222 88.1
135 223 90.1
135 281 158.2
135 285 173.2
135 287 165.2
136 2 92.1
136 31 96.1
136 38 90.1
136 39 82.1
136 57 66.1
136 60 76.1
136 87 68.1
136 92 77.1
136 98 186.2
136 107 92.1
136 109 208.2
136 116 77.1
136 127 58.1
136 180 71.1
136 184 174.2
136 186 56.1
136 195 88.1
136 207 57.1
136 233 191.2
136 263 68.1
137 59 51.1
137 74 72.1
137 86 78.1
137 98 126.19999999999999
137 106 170.2
137 118 68.1
137 127 129.2
137 145 44.1
137 167 127.19999999999999
137 176 53.1
137 184 80.1
137 192 51.1
137 195 159.2
137 220 170.2
137 233 72.1
137 234 71.1
137 235 59.1
137 283 58.1
138 20 80.1
138 56 77.1
138 78 159.2
138 91 77.1
138 96 83.1
138 129 72.1
138 150 76.1
138 155 148.2
138 160 166.2
138 167 80.1
138 172 103.1
138 179 86.1
138 186 171.2
138 216 103.1
138 241 196.2
138 243 84.1
138 245 73.1
138 254 171.2
138 257 79.1
138 264 179.2
139 14 93.1
139 46 79.1
139 50 72.1
139 55 180.2
139 60 184.2
139 72 43.1
139 93 59.1
139 100 146.2
139 111 77.1
139 114 72.1
139 171 83.1
139 208 158.2
139 209 118.2
139 210 61.1
139 217 162.2
139 225 141.2
139 279 94.1
139 286 80.1
140 2 80.1
140 29 66.1
140 42 61.1
140 48 50.1
140 70 77.1
140 75 77.1
140 77 90.1
140 81 99.1
140 98 89.1
140 111 145.2
140 128 156.2
140 129 123.19999999999999
140 130 81.1
140 153 82.1
140 157 80.1
140 159 74.1
140 192 72.1
140 206 106.2
140 224 61.1
140 226 90.1
140 229 73.1
140 241 88.1
140 257 59.1
140 289 79.1
141 24 67.1
141 30 143.2
141 31 87.1
141 39 85.1
141 79 195.29999999999998
141 83 75.1
141 94 198.29999999999998
141 99 179.3
141 107 84.1
141 115 75.1
141 116 148.2
141 134 127.19999999999999
141 148 78.1
141 183 73.1
141 185 56.1
141 192 71.1
141 207 44.1
141 239 79.1
141 259 145.2
141 278 90.1
142 0 97.2
142 9 107.2
142 11 69.1
142 13 118.2
142 23 158.29999999999998
142 35 119.19999999999999
142 39 72.1
142 46 139.2
142 71 117.2
142 163 110.2
142 175 111.2
142 232 66.1
142 257 62.1
142 259 76.1
142 261 68.1
142 274 84.1
142 275 60.1
143 21 83.1
143 25 138.2
143 39 64.1
143 52 112.2
143 67 68.1
143 124 72.1
143 133 82.1
143 180 56.1
143 187 120.2
143 200 145.2
143 204 202.29999999999998
143 237 71.1
143 249 156.2
143 253 53.1
143 268 133.2
143 273 208.29999999999998
144 1 72.1
144 21 278.29999999999995
144 107 192.2
144 167 149.2
144 174 230.29999999999998
144 195 187.2
144 220 174.2
144 222 166.2
144 233 150.2
144 270 180.2
144 278 147.2
144 289 82.1
145 2 160.2
145 18 138.2
145 28 200.29999999999998
145 47 53.1
145 51 79.1
145 61 68.1
145 73 71.1
145 81 170.2
145 83 67.1
145 123 92.1
145 130 63.1
145 137 72.1
145 156 58.1
145 161 118.19999999999999
145 178 137.2
145 196 75.1
145 199 68.1
145 218 73.1
145 225 77.1
145 239 129.2
145 289 63.1
146 46 77.1
146 54 81.1
146 56 190.29999999999998
146 105 141.2
146 111 151.2
146 113 92.1
146 150 185.2
146 163 72.1
146 165 163.2
146 167 69.1
146 172 273.29999999999995
146 177 77.1
146 216 68.1
146 234 87.1
146 243 227.29999999999998
146 245 145.2
146 260 72.1
147 40 53.1
147 48 56.1
147 109 75.1
147 126 56.1
147 127 159.3
147 151 79.1
147 152 152.2
147 169 164.2
147 182 62.1
147 197 83.1
147 203 56.1
147 216 64.1
147 222 73.1
147 227 77.1
147 230 150.2
147 236 245.29999999999998
147 255 75.1
147 269 88.1
147 280 228.29999999999998
148 16 147.2
148 30 67.1
148 67 108.2
148 79 47.1
148 95 120.2
148 99 59.1
148 116 71.1
148 120 142.2
148 141 64.1
148 168 134.2
148 182 90.1
148 212 154.2
148 232 137.2
148 256 123.19999999999999
148 277 150.2
148 284 140.2
148 287 72.1
149 17 88.1
149 28 162.2
149 64 158.2
149 76 288.29999999999995
149 78 89.1
149 80 83.1
149 94 100.1
149 99 81.1
149 104 81.1
149 119 162.2
149 125 87.1
149 126 260.2
149 159 198.2
149 170 98.1
149 223 61.1
149 257 179.2
149 259 107.1
149 275 85.1
149 281 93.1
150 50 73.1
150 56 126.19999999999999
150 105 135.2
150 109 63.1
150 111 156.2
150 112 83.1
150 138 85.1
150 146 157.2
150 165 157.2
150 172 120.19999999999999
150 191 58.1
150 193 50.1
150 224 52.1
150 243 138.2
150 245 148.2
150 262 96.1
150 272 60.1
150 289 58.1
151 77 56.1
151 98 150.2
151 106 144.2
151 107 84.1
151 109 162.2
151 114 77.1
151 130 68.1
151 147 67.1
151 170 67.1
151 184 153.2
151 189 85.1
151 197 91.1
151 198 59.1
151 213 68.1
151 220 82.1
151 227 84.1
151 234 156.2
151 240 69.1
151 247 82.1
151 267 88.1
151 272 80.1
151 288 88.1
152 23 65.1
152 57 58.1
152 58 85.1
152 108 87.1
152 114 76.1
152 127 173.3
152 147 143.2
152 169 151.2
152 190 135.2
152 196 74.1
152 203 90.1
152 230 132.2
152 236 147.2
152 270 145.2
152 274 77.1
152 280 141.2
153 43 104.2
153 56 77.1
153 82 226.29999999999998
153 96 143.2
153 108 77.1
153 117 84.1
153 135 85.1
153 140 81.1
153 158 152.2
153 191 59.1
153 202 140.2
153 212 57.1
153 221 50.1
153 223 189.2
153 224 85.1
153 257 71.1
153 258 145.2
153 265 47.1
154 4 77.1
154 7 158.2
154 10 142.2
154 11 251.29999999999998
154 18 61.1
154 22 67.1
154 49 115.2
154 57 157.2
154 76 57.1
154 83 139.2
154 102 154.2
154 125 64.1
154 128 73.1
154 161 57.1
154 173 70.1
154 207 181.3
154 265 136.2
154 266 73.1
155 56 60.1
155 63 38.1
155 74 67.1
155 78 117.19999999999999
155 98 87.1
155 138 154.2
155 160 125.19999999999999
155 174 36.1
155 186 145.2
155 192 67.1
155 193 47.1
155 241 131.2
155 244 60.1
155 254 117.2
155 262 146.2
155 264 136.2
155 289 72.1
156 4 162.2
156 15 136.2
156 18 100.1
156 43 74.1
156 45 148.2
156 52 115.2
156 87 225.29999999999998
156 88 94.1
156 108 71.1
156 124 84.1
156 145 87.1
156 159 100.1
156 185 214.29999999999998
156 193 166.3
156 225 92.1
156 261 148.2
156 263 160.2
156 284 100.1
157 18 94.1
157 42 83.1
157 44 139.1
157 61 170.2
157 63 93.1
157 75 99.1
157 76 108.1
157 79 111.1
157 104 132.2
157 117 212.2
157 128 80.1
157 140 97.1
157 158 98.1
157 201 267.29999999999995
157 215 96.1
157 218 282.29999999999995
157 244 241.29999999999998
157 255 180.2
157 262 84.1
157 289 122.1
158 3 78.1
158 43 166.2
158 67 65.1
158 71 81.1
158 82 167.2
158 96 229.29999999999998
158 126 60.1
158 153 159.2
158 157 82.1
158 174 89.1
158 194 86.1
158 202 231.29999999999998
158 215 52.1
158 223 247.29999999999998
158 230 89.1
158 258 151.2
158 260 85.1
158 284 89.1
159 42 73.1
159 63 75.1
159 64 213.29999999999998
159 71 77.1
159 75 73.1
159 76 176.2
159 111 84.1
159 113 68.1
159 116 98.1
159 119 162.2
159 126 208.2
159 140 76.1
159 149 188.2
159 156 73.1
159 182 75.1
159 229 80.1
159 257 176.2
159 258 73.1
159 262 81.1
160 2 66.1
160 42 75.1
160 78 111.2
160 97 59.1
160 117 67.1
160 132 72.1
160 138 160.2
160 155 137.2
160 186 168.2
160 192 76.1
160 201 63.1
160 241 199.2
160 253 57.1
160 254 123.19999999999999
160 262 175.2
160 264 152.2
161 2 160.2
161 18 158.2
161 26 75.1
161 27 81.1
161 28 179.3
161 62 70.1
161 76 64.1
161 81 152.2
161 90 119.2
161 114 74.1
161 145 138.2
161 154 67.1
161 178 160.2
161 189 90.1
161 190 73.1
161 206 76.1
161 239 227.29999999999998
161 267 110.1
161 270 68.1
162 7 81.1
162 8 83.1
162 29 59.1
162 35 70.1
162 38 220.29999999999998
162 47 98.1
162 66 171.2
162 86 170.2
162 91 237.29999999999998
162 119 63.1
162 181 84.1
162 208 84.1
162 210 160.2
162 215 140.2
162 226 281.29999999999995
162 228 58.1
162 238 160.2
162 242 109.2
163 0 181.3
163 9 150.2
163 13 143.2
163 23 161.2
163 26 79.1
163 35 150.2
163 46 142.2
163 50 75.1
163 64 81.1
163 71 137.2
163 84 96.1
163 129 82.1
163 142 127.19999999999999
163 146 70.1
163 175 113.2
163 196 84.1
163 265 74.1
163 270 87.1
164 25 136.2
164 36 200.29999999999998
164 80 142.2
164 84 80.1
164 88 116.19999999999999
164 95 146.2
164 103 153.2
164 116 65.1
164 124 70.1
164 125 185.29999999999998
164 132 134.2
164 134 118.19999999999999
164 180 64.1
164 239 69.1
164 259 140.2
164 277 165.2
165 33 66.1
165 56 152.2
165 105 220.29999999999998
165 111 136.2
165 128 64.1
165 129 70.1
165 130 79.1
165 146 158.2
165 150 153.2
165 167 74.1
165 172 251.29999999999998
165 229 154.2
165 243 140.2
165 245 138.2
165 254 59.1
165 262 167.2
166 1 141.2
166 5 73.1
166 8 207.3
166 17 141.2
166 32 141.2
166 47 70.1
166 48 133.2
166 62 137.2
166 114 153.2
166 118 67.1
166 127 60.1
166 129 57.1
166 169 89.1
166 189 79.1
166 194 78.1
166 196 68.1
166 230 104.1
166 260 61.1
166 274 87.1
166 279 82.1
167 3 154.2
167 39 74.1
167 85 63.1
167 98 177.2
167 109 103.1
167 113 90.1
167 137 193.2
167 138 73.1
167 144 133.2
167 146 76.1
167 165 79.1
167 186 144.2
167 192 139.2
167 216 170.2
167 234 74.1
167 245 74.1
167 262 75.1
167 278 85.1
168 5 88.1
168 10 59.1
168 16 261.29999999999995
168 18 62.1
168 67 106.2
168 75 94.1
168 88 93.1
168 95 224.29999999999998
168 99 59.1
168 120 193.2
168 132 87.1
168 148 159.2
168 185 68.1
168 232 161.2
168 256 148.2
168 275 83.1
168 277 175.2
168 284 163.2
168 287 83.1
169 109 90.1
169 119 71.1
169 127 115.2
169 147 142.2
169 152 151.2
169 166 63.1
169 174 73.1
169 184 91.1
169 227 131.2
169 230 119.2
169 236 205.29999999999998
169 260 93.2
169 270 68.1
169 280 126.19999999999999
170 3 76.1
170 43 67.1
170 58 145.2
170 94 83.1
170 96 69.1
170 122 71.1
170 149 84.1
170 151 78.1
170 177 242.29999999999998
170 182 72.1
170 190 141.2
170 194 231.29999999999998
170 196 137.2
170 212 95.1
170 217 72.1
170 269 213.29999999999998
170 270 136.2
170 274 168.2
171 14 193.2
171 19 162.2
171 24 88.1
171 31 70.1
171 47 73.1
171 57 74.1
171 70 99.1
171 72 126.19999999999999
171 73 185.2
171 91 81.1
171 92 64.1
171 139 87.1
171 176 76.1
171 189 89.1
171 213 224.29999999999998
171 267 194.2
171 283 144.2
171 286 59.1
172 33 63.1
172 34 84.1
172 56 151.2
172 105 149.2
172 111 150.2
172 138 88.1
172 146 305.29999999999995
172 150 163.2
172 165 269.29999999999995
172 178 75.1
172 188 75.1
172 192 53.1
172 243 159.2
172 245 151.2
172 254 57.1
172 289 79.1
173 29 107.2
173 31 181.2
173 45 53.1
173 50 144.2
173 53 60.1
173 59 48.1
173 65 126.19999999999999
173 70 147.2
173 73 77.1
173 92 159.3
173 106 57.1
173 110 132.2
173 118 77.1
173 154 60.1
173 176 67.1
173 205 59.1
173 217 53.1
173 219 63.1
173 282 70.1
173 283 43.1
174 21 143.2
174 98 69.1
174 107 176.2
174 144 198.29999999999998
174 155 47.1
174 158 73.1
174 169 63.1
174 185 56.1
174 195 133.2
174 220 150.2
174 222 141.2
174 233 212.29999999999998
174 236 130.2
174 278 132.2
175 0 136.2
175 1 70.1
175 9 126.19999999999999
175 13 158.2
175 23 113.2
175 32 55.1
175 35 147.2
175 46 232.29999999999998
175 71 210.29999999999998
175 81 84.1
175 99 52.1
175 103 93.1
175 142 107.2
175 163 144.2
175 181 98.1
175 228 59.1
175 241 80.1
175 251 86.1
176 20 136.2
176 37 59.1
176 76 57.1
176 77 149.2
176 90 59.1
176 118 66.1
176 137 80.1
176 171 67.1
176 173 74.1
176 179 67.1
176 211 111.2
176 234 123.19999999999999
176 235 159.2
176 240 134.2
176 246 190.2
176 247 176.2
176 288 161.2
177 3 80.1
177 25 65.1
177 51 79.1
177 58 313.29999999999995
177 84 90.1
177 108 62.1
177 113 89.1
177 126 74.1
177 146 91.1
177 170 258.29999999999995
177 190 189.2
177 194 159.2
177 196 158.2
177 215 82.1
177 216 79.1
177 219 78.1
177 245 82.1
177 249 76.1
177 269 159.2
177 270 189.2
177 274 151.2
178 2 298.29999999999995
178 18 177.2
178 26 63.1
178 28 161.2
178 32 93.1
178 61 76.1
178 76 68.1
178 80 64.1
178 81 293.29999999999995
178 104 92.1
178 117 86.1
178 126 105.1
178 135 129.1
178 145 160.2
178 161 151.2
178 172 77.1
178 192 84.1
178 228 81.1
178 239 178.2
178 252 85.1
179 54 229.29999999999998
179 90 65.1
179 92 77.1
179 118 144.2
179 128 87.1
179 138 76.1
179 176 49.1
179 192 74.1
179 205 247.29999999999998
179 210 67.1
179 219 137.2
179 229 80.1
179 248 184.2
179 263 54.1
179 276 168.2
179 279 134.2
179 282 193.3
179 286 152.2
180 18 72.1
180 39 90.1
180 41 67.1
180 52 54.1
180 55 74.1
180 68 125.19999999999999
180 74 201.2
180 84 153.2
180 87 76.1
180 101 132.2
180 133 94.2
180 136 80.1
180 143 61.1
180 164 81.1
180 187 66.1
180 237 59.1
180 253 154.29999999999998
180 266 125.19999999999999
181 16 98.1
181 23 87.1
181 39 107.1
181 79 114.1
181 94 94.1
181 132 188.2
181 135 196.2
181 162 47.1
181 175 77.1
181 183 197.2
181 188 257.29999999999995
181 199 243.29999999999998
181 275 102.1
181 281 199.2
181 285 326.29999999999995
181 287 191.2
182 3 170.2
182 76 64.1
182 108 167.2
182 113 180.2
182 122 72.1
182 147 66.1
182 148 72.1
182 159 74.1
182 170 65.1
182 191 215.29999999999998
182 212 145.2
182 216 155.2
182 221 154.2
182 262 90.1
182 264 59.1
182 274 63.1
182 281 150.2
183 4 61.1
183 88 157.2
183 103 95.1
183 116 88.1
183 123 64.1
183 135 292.29999999999995
183 141 64.1
183 181 187.2
183 188 154.2
183 199 234.29999999999998
183 251 166.2
183 275 139.2
183 281 147.2
183 285 186.2
183 287 194.2
184 9 54.1
184 14 81.1
184 64 136.2
184 77 80.1
184 92 67.1
184 109 179.2
184 136 154.2
184 137 90.1
184 151 155.2
184 169 82.1
184 197 86.1
184 202 76.1
184 205 70.1
184 211 80.1
184 223 72.1
184 240 74.1
184 258 71.1
184 262 86.1
184 278 141.2
185 4 206.29999999999998
185 15 220.29999999999998
185 43 72.1
185 45 111.2
185 53 93.1
185 87 143.2
185 103 86.1
185 113 83.1
185 141 87.1
185 156 202.29999999999998
185 168 65.1
185 174 73.1
185 193 116.2
185 250 125.19999999999999
185 261 134.2
185 262 67.1
185 263 143.2
185 267 84.1
186 42 51.1
186 78 140.2
186 98 89.1
186 112 52.1
186 136 76.1
186 138 167.2
186 155 119.2
186 160 144.2
186 167 153.2
186 192 82.1
186 221 126.19999999999999
186 241 139.2
186 254 161.2
186 264 142.2
187 4 72.1
187 15 71.1
187 18 69.1
187 25 125.19999999999999
187 30 55.1
187 45 63.1
187 52 116.2
187 128 65.1
187 143 124.19999999999999
187 180 44.1
187 200 255.39999999999998
187 204 157.2
187 214 162.2
187 237 81.1
187 249 253.29999999999998
187 268 153.2
187 273 147.2
188 1 71.1
188 12 55.1
188 61 49.1
188 63 45.1
188 76 64.1
188 80 150.2
188 89 85.1
188 116 93.1
188 135 173.2
188 172 61.1
188 181 230.29999999999998
188 183 153.2
188 199 141.2
188 281 211.29999999999998
188 285 150.2
188 287 167.2
189 29 65.1
189 40 133.2
189 60 72.1
189 66 78.1
189 77 70.1
189 107 74.1
189 109 85.1
189 151 70.1
189 161 69.1
189 166 66.1
189 171 78.1
189 197 153.2
189 203 111.2
189 227 151.2
189 231 74.1
189 246 79.1
189 260 136.2
189 271 238.29999999999998
189 272 129.2
190 58 160.2
190 62 74.1
190 79 64.1
190 152 151.2
190 161 62.1
190 170 110.19999999999999
190 177 152.2
190 194 149.2
190 196 137.2
190 247 85.1
190 260 132.2
190 269 163.2
190 270 166.2
190 274 249.29999999999998
191 3 231.29999999999998
191 26 62.1
191 33 67.1
191 34 85.1
191 37 99.1
191 63 79.1
191 81 69.1
191 108 164.2
191 113 183.2
191 150 55.1
191 153 69.1
191 182 233.29999999999998
191 212 158.2
191 216 169.2
191 221 214.29999999999998
191 255 66.1
191 257 78.1
192 12 68.1
192 15 60.1
192 26 57.1
192 42 51.1
192 56 75.1
192 85 63.1
192 89 66.1
192 98 165.2
192 125 45.1
192 137 76.1
192 140 65.1
192 141 59.1
192 155 57.1
192 160 80.1
192 167 114.2
192 172 83.1
192 178 56.1
192 179 61.1
192 186 64.1
192 200 59.1
192 218 65.1
192 244 54.1
192 259 84.1
192 262 97.1
193 4 112.2
193 15 147.2
193 18 44.1
193 45 164.29999999999998
193 50 61.1
193 51 44.1
193 80 65.1
193 84 62.1
193 87 154.2
193 112 80.1
193 150 57.1
193 155 55.1
193 156 162.3
193 185 128.2
193 261 138.2
193 263 140.2
193 265 46.1
194 58 164.2
194 62 71.1
194 119 55.1
194 158 68.1
194 166 65.1
194 170 227.29999999999998
194 177 150.2
194 190 143.2
194 196 145.2
194 209 47.1
194 243 76.1
194 260 64.1
194 269 121.19999999999999
194 270 162.2
194 274 155.2
194 283 82.1
195 21 287.4
195 98 96.1
195 106 65.1
195 107 125.19999999999999
195 136 74.1
195 137 140.2
195 144 121.2
195 174 113.2
195 220 158.2
195 222 121.19999999999999
195 229 77.1
195 233 127.19999999999999
195 246 81.1
195 278 145.2
196 17 65.1
196 58 172.2
196 145 74.1
196 152 64.1
196 163 66.1
196 166 80.1
196 170 132.2
196 177 137.2
196 190 148.2
196 194 157.2
196 222 71.1
196 269 215.29999999999998
196 270 161.2
196 274 158.2
196 280 81.1
197 6 63.1
197 14 96.1
197 40 201.29999999999998
197 66 69.1
197 96 67.1
197 147 90.1
197 151 112.1
197 184 113.1
197 189 150.2
197 203 226.29999999999998
197 210 60.1
197 215 81.1
197 227 144.2
197 246 109.1
197 255 94.1
197 260 150.2
197 271 245.29999999999998
197 272 165.2
198 6 226.29999999999998
198 37 147.2
198 39 90.1
198 47 114.2
198 53 124.19999999999999
198 59 119.2
198 77 92.1
198 85 127.19999999999999
198 90 124.19999999999999
198 93 140.2
198 109 78.1
198 126 82.1
198 128 74.1
198 151 89.1
198 231 82.1
198 269 81.1
199 2 81.1
199 4 61.1
199 13 59.1
199 33 61.1
199 42 69.1
199 78 60.1
199 104 70.1
199 112 82.1
199 121 56.1
199 132 59.1
199 135 192.2
199 145 71.1
199 181 201.29999999999998
199 183 247.29999999999998
199 188 138.2
199 250 61.1
199 255 80.1
199 281 136.2
199 285 171.2
199 287 238.29999999999998
200 25 114.2
200 52 214.4
200 68 63.1
200 121 50.1
200 143 144.2
200 187 279.4
200 192 52.1
200 204 141.2
200 249 161.2
200 253 63.1
200 263 70.1
200 268 164.2
200 273 171.2
201 42 58.1
201 49 61.1
201 54 67.1
201 61 138.2
201 63 68.1
201 104 160.2
201 105 69.1
201 117 159.2
201 128 56.1
201 157 216.29999999999998
201 160 64.1
201 203 63.1
201 218 134.2
201 224 109.19999999999999
201 244 123.19999999999999
201 255 133.2
202 0 52.1
202 43 130.2
202 44 76.1
202 48 52.1
202 54 69.1
202 64 63.1
202 82 141.2
202 85 67.1
202 92 70.1
202 96 143.2
202 153 137.2
202 158 214.29999999999998
202 184 92.1
202 210 60.1
202 213 51.1
202 219 91.1
202 223 167.2
202 258 116.2
202 272 69.1
203 40 113.2
203 69 52.1
203 82 58.1
203 89 89.1
203 96 76.1
203 101 78.1
203 106 87.1
203 126 74.1
203 147 73.1
203 152 81.1
203 189 118.2
203 197 199.29999999999998
203 201 65.1
203 215 72.1
203 227 131.2
203 245 53.1
203 260 125.19999999999999
203 269 66.1
203 271 129.2
203 272 129.2
204 9 77.1
204 15 89.1
204 25 214.29999999999998
204 30 62.1
204 41 64.1
204 52 183.3
204 80 65.1
204 143 189.29999999999998
204 187 157.2
204 200 150.2
204 249 177.2
204 253 48.1
204 268 174.2
204 273 141.2
204 285 79.1
204 287 99.1
205 30 67.1
205 38 81.1
205 54 134.2
205 65 46.1
205 106 86.1
205 110 78.1
205 118 147.2
205 120 73.1
205 173 70.1
205 179 243.29999999999998
205 184 76.1
205 219 150.2
205 238 74.1
205 248 150.2
205 276 149.2
205 279 139.2
205 282 161.2
205 286 166.2
206 7 73.1
206 29 68.1
206 32 75.1
206 46 66.1
206 54 74.1
206 62 61.1
206 65 64.1
206 69 59.1
206 71 69.1
206 72 68.1
206 86 75.1
206 128 140.2
206 129 134.2
206 140 130.2
206 161 80.1
206 208 67.1
206 210 64.1
206 217 85.1
206 218 66.1
206 224 85.1
206 254 88.1
206 257 69.1
206 277 100.1
206 285 89.1
207 7 138.2
207 10 177.29999999999998
207 11 154.2
207 17 54.1
207 41 70.1
207 49 185.29999999999998
207 57 147.2
207 74 84.1
207 83 182.3
207 102 128.2
207 121 63.1
207 136 85.1
207 141 62.1
207 154 208.29999999999998
207 255 57.1
207 265 164.2
207 266 74.1
208 1 55.1
208 7 49.1
208 29 66.1
208 41 52.1
208 44 66.1
208 47 55.1
208 55 181.2
208 60 139.2
208 69 54.1
208 73 75.1
208 91 64.1
208 100 159.2
208 139 153.2
208 162 50.1
208 206 48.1
208 209 122.19999999999999
208 217 168.2
208 225 138.2
208 288 61.1
209 6 61.1
209 19 78.1
209 29 62.1
209 45 55.1
209 55 139.2
209 59 46.1
209 60 133.2
209 65 66.1
209 73 95.1
209 86 69.1
209 100 110.2
209 101 62.1
209 139 134.2
209 194 45.1
209 208 127.19999999999999
209 217 112.2
209 225 142.2
210 38 152.2
210 66 150.2
210 86 154.2
210 91 123.2
210 93 68.1
210 139 57.1
210 162 129.2
210 179 74.1
210 197 63.1
210 202 83.1
210 206 49.1
210 215 158.29999999999998
210 226 160.2
210 238 125.19999999999999
210 242 128.2
210 244 63.1
210 245 84.1
210 279 82.1
211 20 115.2
211 31 73.1
211 106 61.1
211 109 86.1
211 176 91.2
211 184 79.1
211 233 59.1
211 234 183.29999999999998
211 235 136.2
211 240 168.29999999999998
211 246 125.2
211 247 119.2
211 267 118.1
211 283 66.1
211 288 121.2
212 3 156.2
212 74 78.1
212 100 83.1
212 108 193.29999999999998
212 113 173.2
212 148 157.2
212 153 52.1
212 170 89.1
212 182 140.2
212 191 113.2
212 216 160.2
212 221 139.2
212 228 76.1
212 230 150.2
213 0 55.1
213 14 151.2
213 17 61.1
213 19 149.2
213 72 123.2
213 73 206.29999999999998
213 127 57.1
213 151 76.1
213 171 210.29999999999998
213 202 58.1
213 247 76.1
213 267 245.29999999999998
213 272 79.1
213 283 159.2
213 288 69.1
214 15 204.2
214 22 172.2
214 28 69.1
214 41 231.29999999999998
214 44 269.29999999999995
214 45 140.2
214 122 80.1
214 131 180.2
214 187 199.2
214 221 74.1
214 228 157.2
214 231 168.2
214 237 152.2
214 250 131.2
214 252 289.29999999999995
215 32 75.1
215 38 194.3
215 43 62.1
215 66 140.2
215 85 64.1
215 86 158.2
215 91 150.2
215 126 79.1
215 157 65.1
215 158 78.1
215 162 130.2
215 177 72.1
215 197 89.1
215 203 70.1
215 210 204.29999999999998
215 226 154.2
215 238 142.2
215 242 115.2
216 3 195.29999999999998
216 42 52.1
216 56 59.1
216 98 63.1
216 108 132.2
216 113 152.2
216 138 75.1
216 146 60.1
216 147 73.1
216 167 120.2
216 177 65.1
216 182 131.2
216 191 122.19999999999999
216 212 130.2
216 221 126.19999999999999
216 268 48.1
216 275 54.1
216 289 67.1
217 31 89.1
217 50 98.1
217 55 169.2
217 59 59.1
217 60 145.2
217 66 65.1
217 72 56.1
217 100 141.2
217 110 81.1
217 139 145.2
217 170 54.1
217 173 47.1
217 206 59.1
217 208 163.2
217 209 107.2
217 225 137.2
217 235 78.1
217 242 50.1
217 282 71.1
218 2 73.1
218 28 78.1
218 57 49.1
218 61 146.2
218 89 51.1
218 104 178.2
218 114 55.1
218 117 274.29999999999995
218 129 72.1
218 145 88.1
218 157 212.29999999999998
218 192 74.1
218 201 160.2
218 206 54.1
218 228 59.1
218 244 131.2
218 255 122.19999999999999
218 261 81.1
218 264 83.1
219 19 57.1
219 54 222.29999999999998
219 59 94.1
219 95 76.1
219 101 73.1
219 118 144.2
219 128 61.1
219 129 61.1
219 173 57.1
219 177 74.1
219 179 144.2
219 202 84.1
219 205 150.2
219 248 205.29999999999998
219 255 69.1
219 261 68.1
219 276 164.2
219 279 131.2
219 282 144.2
219 286 147.2
220 21 156.2
220 32 51.1
220 59 63.1
220 98 150.2
220 107 131.2
220 116 82.1
220 137 164.2
220 144 146.2
220 151 79.1
220 174 138.2
220 195 163.2
220 222 228.29999999999998
220 233 138.2
220 236 166.2
220 278 128.2
221 3 161.2
221 63 70.1
221 76 70.1
221 94 62.1
221 108 250.29999999999998
221 113 162.2
221 117 70.1
221 134 57.1
221 153 49.1
221 182 177.2
221 186 152.2
221 191 227.29999999999998
221 212 147.2
221 214 57.1
221 216 158.2
221 268 84.1
222 21 273.4
222 107 129.2
222 108 70.1
222 135 78.1
222 144 119.19999999999999
222 147 62.1
222 174 147.2
222 195 160.2
222 196 69.1
222 220 253.29999999999998
222 233 152.2
222 268 72.1
222 278 103.2
222 280 72.1
223 13 67.1
223 30 78.1
223 43 250.29999999999998
223 63 66.1
223 82 158.2
223 88 74.1
223 94 99.1
223 96 170.2
223 135 101.1
223 149 55.1
223 153 188.2
223 158 231.29999999999998
223 184 99.1
223 202 162.2
223 257 69.1
223 258 161.2
223 259 79.1
224 2 78.1
224 42 94.2
224 63 135.2
224 75 206.29999999999998
224 97 80.1
224 105 61.1
224 108 60.1
224 140 62.1
224 150 50.1
224 153 68.1
224 201 148.2
224 206 66.1
224 229 144.2
224 244 62.1
224 254 104.2
224 262 84.1
224 289 141.2
225 19 53.1
225 31 80.1
225 48 58.1
225 55 172.2
225 58 56.1
225 60 147.2
225 65 58.1
225 72 64.1
225 73 65.1
225 100 121.19999999999999
225 139 106.2
225 145 62.1
225 156 56.1
225 208 106.2
225 209 99.2
225 217 123.19999999999999
225 289 80.1
226 10 78.1
226 14 93.1
226 38 198.2
226 66 149.2
226 70 72.1
226 77 73.1
226 82 85.1
226 85 58.1
226 86 163.2
226 91 147.2
226 103 84.1
226 140 76.1
226 162 182.29999999999998
226 210 156.2
226 215 134.2
226 238 219.29999999999998
226 242 132.2
226 288 66.1
226 289 99.1
227 32 59.1
227 40 184.29999999999998
227 46 63.1
227 62 45.1
227 96 70.1
227 111 86.1
227 119 51.1
227 127 52.1
227 147 75.1
227 151 73.1
227 169 111.2
227 189 138.2
227 197 127.19999999999999
227 203 138.2
227 260 129.2
227 271 125.2
227 272 149.2
228 22 158.2
228 24 89.1
228 37 92.1
228 41 126.19999999999999
228 44 272.29999999999995
228 97 102.1
228 131 169.2
228 162 59.1
228 175 78.1
228 178 79.1
228 212 103.1
228 214 181.2
228 218 90.1
228 231 148.2
228 237 201.29999999999998
228 249 98.1
228 250 155.2
228 252 180.2
229 37 76.1
229 42 193.2
229 63 186.2
229 75 309.29999999999995
229 92 78.1
229 98 101.1
229 109 247.2
229 111 91.1
229 129 61.1
229 140 86.1
229 159 98.1
229 165 182.2
229 179 93.1
229 195 100.1
229 224 160.2
229 245 92.1
229 279 87.1
229 289 341.29999999999995
230 12 59.1
230 17 57.1
230 53 61.1
230 99 52.1
230 127 186.3
230 147 157.2
230 152 151.2
230 158 73.1
230 166 106.1
230 169 167.2
230 212 155.2
230 236 164.2
230 274 169.2
230 275 58.1
230 280 155.2
231 10 62.1
231 22 141.2
231 41 150.2
231 44 267.29999999999995
231 74 117.1
231 80 89.1
231 130 86.1
231 131 187.2
231 189 96.1
231 198 63.1
231 214 156.2
231 228 147.2
231 237 146.2
231 250 136.2
231 252 160.2
231 265 85.1
232 13 48.1
232 16 158.2
232 17 68.1
232 67 173.3
232 95 163.2
232 106 76.1
232 120 153.2
232 142 50.1
232 148 138.2
232 168 137.2
232 246 85.1
232 256 132.2
232 277 210.29999999999998
232 280 142.2
232 284 164.2
233 21 174.2
233 59 80.1
233 89 65.1
233 99 65.1
233 107 89.1
233 109 71.1
233 114 54.1
233 136 172.2
233 137 81.1
233 144 122.2
233 174 227.29999999999998
233 195 146.2
233 211 61.1
233 220 150.2
233 222 137.2
233 264 61.1
233 278 123.19999999999999
234 20 152.2
234 85 70.1
234 109 68.1
234 137 52.1
234 146 57.1
234 151 160.2
234 167 61.1
234 176 108.2
234 211 200.29999999999998
234 235 159.2
234 240 134.2
234 245 51.1
234 246 161.2
234 247 146.2
234 288 138.2
235 6 52.1
235 20 119.19999999999999
235 31 85.1
235 86 56.1
235 137 56.1
235 176 127.19999999999999
235 211 131.2
235 217 69.1
235 234 123.19999999999999
235 240 135.2
235 243 71.1
235 246 164.2
235 247 146.2
235 276 84.1
235 283 86.1
235 288 138.2
236 9 41.1
236 17 60.1
236 23 56.1
236 114 68.1
236 126 65.1
236 127 158.2
236 147 236.29999999999998
236 152 142.2
236 169 220.29999999999998
236 174 140.2
236 220 193.2
236 230 164.2
236 278 169.2
236 280 167.2
237 7 65.1
237 22 191.29999999999998
237 41 111.2
237 44 138.2
237 45 67.1
237 55 106.1
237 79 57.1
237 84 71.1
237 131 147.2
237 143 66.1
237 180 71.1
237 187 77.1
237 214 152.2
237 228 174.3
237 231 162.2
237 250 98.2
237 252 123.2
237 266 85.1
238 38 151.2
238 54 66.1
238 66 132.2
238 86 193.2
238 91 133.2
238 110 85.1
238 162 123.19999999999999
238 205 75.1
238 210 123.2
238 215 113.2
238 226 219.29999999999998
238 242 122.19999999999999
238 282 92.1
239 2 168.2
239 18 157.2
239 28 118.2
239 51 55.1
239 79 75.1
239 80 92.1
239 81 155.2
239 83 55.1
239 84 83.1
239 88 49.1
239 96 84.1
239 104 159.2
239 141 85.1
239 145 162.2
239 161 183.29999999999998
239 164 58.1
239 178 142.2
239 266 98.1
240 19 71.1
240 20 191.29999999999998
240 64 68.1
240 66 54.1
240 73 59.1
240 77 64.1
240 92 52.1
240 107 60.1
240 151 60.1
240 176 136.2
240 184 71.1
240 211 199.29999999999998
240 234 142.2
240 235 150.2
240 246 159.2
240 247 148.2
240 288 151.2
241 2 75.1
241 42 70.1
241 61 77.1
241 63 73.1
241 68 71.1
241 78 145.2
241 97 56.1
241 138 163.2
241 140 83.1
241 155 101.2
241 160 192.2
241 175 90.1
241 186 134.2
241 254 167.2
241 262 149.2
241 264 157.2
242 38 149.2
242 64 60.1
242 66 148.2
242 73 72.1
242 81 59.1
242 86 124.2
242 91 215.29999999999998
242 94 69.1
242 162 93.2
242 210 122.19999999999999
242 215 114.2
242 217 69.1
242 226 145.2
242 238 122.19999999999999
242 276 83.1
243 33 71.1
243 54 67.1
243 56 107.2
243 98 66.1
243 105 126.19999999999999
243 108 59.1
243 111 153.2
243 118 52.1
243 138 70.1
243 146 222.29999999999998
243 150 139.2
243 165 146.2
243 172 130.2
243 194 70.1
243 235 76.1
243 245 140.2
243 289 63.1
244 5 61.1
244 27 89.1
244 42 61.1
244 54 61.1
244 61 226.29999999999998
244 75 80.1
244 81 56.1
244 104 106.19999999999999
244 117 169.2
244 128 55.1
244 155 53.1
244 157 215.29999999999998
244 192 70.1
244 201 141.2
244 210 61.1
244 218 156.2
244 224 87.1
244 255 171.3
244 264 79.1
244 267 81.1
245 56 160.3
245 105 120.19999999999999
245 111 123.19999999999999
245 138 66.1
245 146 133.2
245 150 133.2
245 165 143.2
245 167 92.1
245 172 153.2
245 177 67.1
245 203 51.1
245 210 61.1
245 229 87.1
245 234 46.1
245 243 138.2
246 20 241.29999999999998
246 70 85.1
246 82 68.1
246 176 152.2
246 189 66.1
246 195 85.1
246 197 106.1
246 211 137.2
246 232 71.1
246 234 165.2
246 235 182.2
246 240 157.2
246 247 260.29999999999995
246 283 84.1
246 288 162.2
247 14 60.1
247 20 132.2
247 32 60.1
247 91 52.1
247 101 51.1
247 133 58.1
247 151 76.1
247 176 143.2
247 190 69.1
247 211 144.2
247 213 60.1
247 234 114.19999999999999
247 235 144.2
247 240 121.19999999999999
247 246 246.29999999999998
247 261 69.1
247 271 81.1
247 288 152.2
248 20 124.19999999999999
248 34 44.1
248 53 70.1
248 54 161.2
248 60 76.1
248 106 155.2
248 118 150.2
248 179 165.2
248 205 134.2
248 219 183.29999999999998
248 276 160.2
248 279 193.2
248 282 182.2
248 286 158.2
249 8 91.1
249 25 122.2
249 39 86.1
249 45 75.1
249 52 118.2
249 84 91.1
249 131 102.1
249 133 81.1
249 143 164.2
249 177 77.1
249 187 267.29999999999995
249 200 156.2
249 204 169.2
249 228 96.1
249 268 160.2
249 273 154.2
250 4 143.2
250 9 84.1
250 22 115.19999999999999
250 41 196.3
250 44 137.2
250 56 86.1
250 80 91.1
250 103 80.1
250 131 147.2
250 185 121.2
250 199 63.1
250 214 129.2
250 228 132.2
250 231 127.19999999999999
250 237 100.2
250 252 153.2
250 267 84.1
251 16 63.1
251 36 117.19999999999999
251 61 61.1
251 88 143.2
251 94 78.1
251 103 136.2
251 116 60.1
251 125 143.2
251 134 62.1
251 175 62.1
251 183 151.2
251 275 106.2
251 281 119.19999999999999
251 285 165.2
251 287 154.2
251 288 85.1
252 13 65.1
252 22 138.2
252 34 68.1
252 41 131.2
252 44 132.2
252 76 82.1
252 101 82.1
252 131 235.29999999999998
252 133 69.1
252 178 61.1
252 214 253.29999999999998
252 228 151.2
252 231 148.2
252 237 116.19999999999999
252 250 128.2
252 264 65.1
253 18 77.1
253 52 100.2
253 57 61.1
253 68 149.2
253 74 175.2
253 84 125.19999999999999
253 101 124.19999999999999
253 133 156.3
253 143 52.1
253 160 73.1
253 180 170.29999999999998
253 200 65.1
253 204 52.1
253 266 151.2
254 63 61.1
254 78 109.19999999999999
254 101 78.1
254 105 63.1
254 123 67.1
254 129 70.1
254 138 138.2
254 155 99.2
254 160 117.2
254 165 52.1
254 172 59.1
254 186 156.2
254 206 49.1
254 224 107.2
254 241 157.2
254 264 142.2
255 5 78.1
255 28 47.1
255 61 138.2
255 78 56.1
255 104 218.29999999999998
255 112 78.1
255 116 94.1
255 117 172.2
255 147 98.1
255 157 186.2
255 191 72.1
255 197 93.1
255 199 93.1
255 201 164.2
255 207 60.1
255 218 155.2
255 219 62.1
255 244 178.29999999999998
255 264 79.1
256 16 153.2
256 61 50.1
256 67 91.2
256 68 54.1
256 95 113.2
256 120 116.19999999999999
256 123 65.1
256 134 57.1
256 148 116.2
256 168 136.2
256 232 127.19999999999999
256 259 71.1
256 277 136.2
256 284 152.2
257 1 61.1
257 5 85.1
257 7 92.1
257 24 73.1
257 64 158.2
257 69 81.1
257 71 75.1
257 76 220.29999999999998
257 89 87.1
257 108 87.1
257 114 164.2
257 119 255.29999999999998
257 126 194.2
257 128 58.1
257 138 93.1
257 140 90.1
257 142 86.1
257 149 186.2
257 153 84.1
257 159 181.2
257 191 84.1
257 206 54.1
257 223 80.1
258 0 69.1
258 33 56.1
258 43 133.2
258 64 70.1
258 65 55.1
258 77 146.2
258 82 146.2
258 89 66.1
258 93 65.1
258 96 179.29999999999998
258 97 55.1
258 109 87.1
258 153 132.2
258 158 130.2
258 159 76.1
258 184 86.1
258 202 132.2
258 223 150.2
259 3 69.1
259 30 123.19999999999999
259 36 137.2
259 79 141.2
259 80 214.29999999999998
259 84 61.1
259 88 149.2
259 103 226.29999999999998
259 125 130.2
259 132 123.2
259 141 123.19999999999999
259 142 66.1
259 149 74.1
259 164 155.2
259 192 75.1
259 223 74.1
259 256 72.1
260 40 179.3
260 48 51.1
260 53 98.1
260 67 53.1
260 82 60.1
260 146 60.1
260 158 75.1
260 166 58.1
260 169 112.19999999999999
260 189 130.2
260 190 142.2
260 194 69.1
260 197 139.2
260 203 144.2
260 227 136.2
260 271 160.2
260 272 190.29999999999998
261 4 129.2
261 15 210.29999999999998
261 25 82.1
261 45 115.19999999999999
261 46 62.1
261 60 70.1
261 71 59.1
261 79 66.1
261 87 129.2
261 123 78.1
261 131 68.1
261 142 55.1
261 156 122.2
261 185 112.19999999999999
261 193 114.19999999999999
261 218 69.1
261 219 65.1
261 247 102.1
261 263 238.29999999999998
262 28 67.1
262 61 80.1
262 75 80.1
262 97 77.1
262 106 180.2
262 109 72.1
262 117 84.1
262 150 72.1
262 155 135.2
262 157 78.1
262 159 60.1
262 160 161.2
262 165 155.2
262 167 68.1
262 182 80.1
262 184 96.1
262 185 55.1
262 192 98.1
262 224 73.1
262 241 169.2
262 264 81.1
263 4 132.2
263 15 137.2
263 31 71.1
263 45 101.2
263 50 70.1
263 87 127.19999999999999
263 129 52.1
263 136 89.1
263 156 124.2
263 179 57.1
263 185 111.19999999999999
263 193 121.19999999999999
263 200 58.1
263 261 216.29999999999998
263 266 76.1
264 26 53.1
264 34 64.1
264 61 67.1
264 75 140.2
264 78 117.19999999999999
264 138 142.2
264 155 113.19999999999999
264 160 138.2
264 182 55.1
264 186 131.2
264 218 70.1
264 233 75.1
264 241 148.2
264 244 61.1
264 252 54.1
264 254 151.2
264 255 58.1
264 262 83.1
265 7 135.2
265 8 77.1
265 9 69.1
265 10 116.19999999999999
265 11 148.2
265 49 122.19999999999999
265 54 53.1
265 57 180.3
265 83 102.2
265 102 127.19999999999999
265 126 73.1
265 153 53.1
265 154 114.19999999999999
265 163 61.1
265 193 41.1
265 207 134.2
265 231 66.1
266 52 68.1
266 68 130.2
266 74 319.29999999999995
266 83 70.1
266 84 166.2
266 101 134.2
266 121 67.1
266 131 68.1
266 133 117.2
266 154 63.1
266 180 109.19999999999999
266 207 62.1
266 237 66.1
266 239 67.1
266 253 122.19999999999999
266 263 75.1
266 273 78.1
267 4 84.1
267 14 181.2
267 17 48.1
267 19 240.29999999999998
267 20 78.1
267 72 150.2
267 73 154.2
267 151 82.1
267 161 72.1
267 171 189.2
267 185 74.1
267 211 115.1
267 213 226.29999999999998
267 244 64.1
267 250 43.1
267 283 160.2
268 25 122.19999999999999
268 36 63.1
268 49 46.1
268 52 114.2
268 68 192.3
268 143 135.2
268 187 135.2
268 200 136.2
268 204 124.19999999999999
268 216 47.1
268 221 57.1
268 222 75.1
268 249 141.2
268 273 132.2
269 40 55.1
269 58 136.2
269 116 84.1
269 122 76.1
269 147 68.1
269 170 199.29999999999998
269 177 153.2
269 190 148.2
269 194 123.19999999999999
269 196 211.29999999999998
269 198 45.1
269 203 71.1
269 270 154.2
269 271 59.1
269 274 205.29999999999998
270 58 137.2
270 144 142.2
270 152 145.2
270 161 63.1
270 163 69.1
270 169 69.1
270 170 104.2
270 177 147.2
270 190 150.2
270 194 141.2
270 196 145.2
270 269 149.2
270 274 138.2
271 1 59.1
271 19 69.1
271 40 134.2
271 47 57.1
271 62 70.1
271 82 138.2
271 102 64.1
271 111 68.1
271 122 73.1
271 189 223.29999999999998
271 197 231.29999999999998
271 203 126.19999999999999
271 227 158.2
271 247 84.1
271 260 141.2
271 269 69.1
271 272 128.2
272 2 61.1
272 19 63.1
272 27 61.1
272 40 136.2
272 50 71.1
272 58 79.1
272 65 54.1
272 72 70.1
272 150 42.1
272 151 72.1
272 189 133.2
272 197 140.2
272 202 64.1
272 203 136.2
272 213 62.1
272 227 139.2
272 260 190.29999999999998
272 271 128.2
273 10 59.1
273 11 75.1
273 22 49.1
273 25 127.19999999999999
273 52 114.19999999999999
273 83 48.1
273 87 73.1
273 106 72.1
273 115 74.1
273 143 200.29999999999998
273 187 152.2
273 200 168.2
273 204 128.2
273 249 149.2
273 266 68.1
273 268 151.2
274 58 163.2
274 126 73.1
274 142 59.1
274 152 88.1
274 166 66.1
274 170 146.2
274 177 156.2
274 182 55.1
274 190 239.29999999999998
274 194 151.2
274 196 159.2
274 230 163.2
274 269 223.29999999999998
274 270 154.2
274 280 62.1
275 16 74.1
275 35 43.1
275 36 91.2
275 88 63.1
275 108 46.1
275 125 128.2
275 134 108.2
275 142 51.1
275 149 70.1
275 168 51.1
275 181 71.1
275 183 121.19999999999999
275 216 51.1
275 230 44.1
275 251 110.2
275 281 109.2
275 285 143.2
276 47 62.1
276 54 130.2
276 60 76.1
276 100 76.1
276 106 67.1
276 114 58.1
276 118 139.2
276 179 142.2
276 205 150.2
276 219 135.2
276 235 70.1
276 242 66.1
276 248 154.2
276 279 138.2
276 282 149.2
276 286 146.2
277 16 191.2
277 64 79.1
277 67 110.2
277 95 160.2
277 116 104.1
277 120 149.2
277 148 157.2
277 164 173.2
277 168 161.2
277 206 71.1
277 232 209.29999999999998
277 256 169.2
277 284 177.2
278 21 194.29999999999998
278 43 41.1
278 98 76.1
278 107 120.19999999999999
278 112 50.1
278 120 63.1
278 141 74.1
278 144 126.19999999999999
278 167 51.1
278 174 122.19999999999999
278 184 164.2
278 195 145.2
278 220 139.2
278 222 93.2
278 233 124.19999999999999
278 236 156.2
279 29 73.1
279 42 56.1
279 54 189.29999999999998
279 93 77.1
279 118 122.19999999999999
279 129 73.1
279 139 89.1
279 166 72.1
279 179 120.2
279 205 141.2
279 210 66.1
279 219 133.2
279 229 56.1
279 248 180.2
279 276 143.2
279 282 133.2
279 286 141.2
280 1 74.1
280 17 45.1
280 23 76.1
280 67 104.2
280 127 135.2
280 147 211.29999999999998
280 152 135.2
280 169 137.2
280 196 52.1
280 222 62.1
280 230 140.2
280 232 132.2
280 236 147.2
280 274 70.1
281 1 71.1
281 43 51.1
281 76 56.1
281 128 69.1
281 135 160.2
281 149 68.1
281 181 186.2
281 182 142.2
281 183 130.2
281 188 205.29999999999998
281 199 140.2
281 251 121.2
281 275 124.19999999999999
281 285 146.2
281 287 131.2
282 38 67.1
282 53 59.1
282 54 147.2
282 55 77.1
282 60 65.1
282 100 71.1
282 110 92.1
282 118 217.29999999999998
282 173 57.1
282 179 176.3
282 205 138.2
282 217 69.1
282 219 110.19999999999999
282 238 67.1
282 248 149.2
282 276 141.2
282 279 121.2
282 286 122.19999999999999
283 14 128.2
283 19 120.19999999999999
283 70 58.1
283 72 151.3
283 73 135.2
283 106 74.1
283 137 71.1
283 171 99.2
283 173 40.1
283 194 67.1
283 211 58.1
283 213 130.2
283 235 80.1
283 246 80.1
283 267 154.2
284 1 66.1
284 16 199.2
284 63 67.1
284 67 180.29999999999998
284 81 81.1
284 95 170.2
284 120 143.2
284 148 152.2
284 156 89.1
284 158 70.1
284 168 148.2
284 232 153.2
284 256 141.2
284 277 196.2
285 89 75.1
285 103 149.2
285 132 42.1
285 135 169.2
285 181 244.29999999999998
285 183 145.2
285 188 123.19999999999999
285 199 127.19999999999999
285 204 77.1
285 206 52.1
285 251 147.2
285 275 138.2
285 281 118.19999999999999
285 287 154.2
286 54 114.2
286 72 61.1
286 77 68.1
286 117 78.1
286 118 124.19999999999999
286 139 48.1
286 171 56.1
286 179 121.2
286 205 137.2
286 219 134.2
286 248 129.2
286 276 153.2
286 279 118.2
286 282 122.19999999999999
287 9 46.1
287 12 71.1
287 26 73.1
287 43 67.1
287 51 72.1
287 135 197.2
287 148 62.1
287 168 65.1
287 181 142.2
287 183 165.2
287 188 163.2
287 199 199.29999999999998
287 204 72.1
287 251 154.2
287 281 131.2
287 285 160.2
288 14 65.1
288 20 130.2
288 79 71.1
288 85 70.1
288 151 60.1
288 176 121.19999999999999
288 208 59.1
288 211 125.19999999999999
288 213 67.1
288 226 59.1
288 234 119.19999999999999
288 235 145.2
288 240 134.2
288 246 177.2
288 247 129.2
288 251 63.1
289 34 63.1
289 42 194.29999999999998
289 56 68.1
289 63 258.29999999999995
289 75 165.2
289 108 55.1
289 140 83.1
289 144 70.1
289 145 58.1
289 150 49.1
289 155 61.1
289 157 107.1
289 172 66.1
289 216 63.1
289 224 131.2
289 225 65.1
289 226 83.1
289 229 277.29999999999995
289 243 59.1
