0 11 168.2
0 20 106.1
0 36 179.2
0 39 171.2
0 57 78.1
0 65 98.1
0 91 86.1
0 94 65.1
0 114 168.2
0 122 87.1
0 129 159.2
0 139 178.2
0 167 87.1
0 187 161.2
0 221 68.1
0 228 183.2
0 234 84.1
0 237 154.2
0 252 71.1
1 2 67.1
1 26 103.2
1 70 141.2
1 71 183.29999999999998
1 79 133.2
1 90 116.2
1 107 56.1
1 118 125.19999999999999
1 147 134.2
1 161 66.1
1 172 54.1
1 193 56.1
1 230 78.1
1 234 150.2
1 242 81.1
1 262 40.1
1 268 138.2
1 272 71.1
2 1 84.1
2 3 81.1
2 4 71.1
2 8 120.1
2 13 97.1
2 25 178.2
2 49 77.1
2 57 73.1
2 59 159.2
2 76 152.2
2 82 151.2
2 83 82.1
2 94 222.29999999999998
2 111 195.29999999999998
2 121 146.2
2 122 65.1
2 160 179.2
2 181 98.1
2 196 93.1
2 244 97.1
2 264 80.1
2 267 90.1
3 2 80.1
3 5 67.1
3 21 133.2
3 23 90.1
3 41 187.2
3 50 143.2
3 57 103.1
3 85 88.1
3 101 95.1
3 109 240.29999999999998
3 114 94.1
3 122 162.2
3 136 101.1
3 150 89.1
3 161 85.1
3 167 76.1
3 172 73.1
3 180 154.2
3 206 93.1
3 207 106.1
3 217 85.1
3 229 184.2
3 252 91.1
3 278 82.1
4 2 78.1
4 5 74.1
4 7 76.1
4 11 76.1
4 22 64.1
4 32 64.1
4 55 185.29999999999998
4 56 230.29999999999998
4 61 141.2
4 80 237.29999999999998
4 90 122.19999999999999
4 97 86.1
4 102 136.2
4 112 82.1
4 128 159.2
4 151 86.1
4 153 63.1
4 197 77.1
4 263 82.1
4 296 89.1
5 3 85.1
5 4 63.1
5 8 91.1
5 15 163.2
5 16 93.1
5 25 77.1
5 27 168.2
5 31 140.2
5 68 139.2
5 101 67.1
5 115 149.2
5 123 72.1
5 131 162.2
5 139 76.1
5 149 230.29999999999998
5 153 77.1
5 183 84.1
5 207 85.1
5 243 89.1
5 251 116.2
5 264 138.2
5 280 86.1
6 8 46.1
6 25 50.1
6 40 92.2
6 52 54.1
6 81 58.1
6 86 61.1
6 118 59.1
6 148 47.1
6 174 41.1
6 190 137.2
6 195 68.1
6 232 47.1
6 233 97.2
6 258 131.2
6 280 114.19999999999999
6 290 154.2
6 292 72.1
6 293 136.2
7 4 48.1
7 10 76.1
7 54 137.2
7 74 64.1
7 77 53.1
7 78 130.2
7 82 50.1
7 100 129.2
7 105 101.1
7 122 65.1
7 124 133.2
7 125 53.1
7 127 123.19999999999999
7 166 143.2
7 167 126.19999999999999
7 171 166.2
7 198 79.1
7 199 126.19999999999999
7 209 56.1
7 275 81.1
7 297 103.1
8 2 107.1
8 5 87.1
8 6 57.1
8 15 77.1
8 21 83.1
8 28 185.2
8 30 90.1
8 32 194.2
8 37 175.2
8 53 245.29999999999998
8 62 124.1
8 66 79.1
8 71 88.1
8 72 105.1
8 86 165.2
8 106 250.29999999999998
8 107 278.29999999999995
8 122 98.1
8 128 91.1
8 160 95.1
8 234 85.1
8 237 104.1
8 247 93.1
9 14 69.1
9 49 73.1
9 59 68.1
9 83 125.19999999999999
9 104 138.2
9 119 87.1
9 127 70.1
9 141 80.1
9 162 225.29999999999998
9 164 72.1
9 185 185.2
9 188 150.2
9 196 192.29999999999998
9 213 82.1
9 233 65.1
9 241 160.2
9 264 64.1
9 272 73.1
9 274 162.2
10 7 70.1
10 54 92.1
10 73 83.1
10 77 66.1
10 87 87.1
10 91 100.1
10 92 161.2
10 97 228.29999999999998
10 104 143.2
10 120 273.29999999999995
10 135 93.1
10 167 73.1
10 189 249.29999999999998
10 198 146.2
10 209 78.1
10 244 96.1
10 252 67.1
10 257 93.1
10 267 86.1
10 275 80.1
10 276 82.1
11 0 142.2
11 4 62.1
11 36 127.19999999999999
11 39 155.2
11 53 75.1
11 114 139.2
11 123 82.1
11 129 144.2
11 139 145.2
11 148 76.1
11 152 91.1
11 177 73.1
11 187 164.2
11 226 68.1
11 228 144.2
11 237 150.2
11 271 93.1
11 285 97.1
11 293 92.1
12 29 92.1
12 37 72.1
12 51 201.2
12 53 81.1
12 54 76.1
12 67 142.2
12 105 157.2
12 176 128.2
12 197 157.2
12 202 77.1
12 244 143.2
12 265 212.2
12 267 228.29999999999998
12 285 124.1
12 289 147.2
13 2 84.1
13 41 61.1
13 45 65.1
13 96 217.29999999999998
13 108 144.2
13 132 192.2
13 138 72.1
13 140 176.2
13 150 85.1
13 163 145.2
13 208 85.1
13 217 87.1
13 227 252.29999999999998
13 238 142.2
13 243 246.29999999999998
13 244 69.1
14 9 72.1
14 22 203.29999999999998
14 33 80.1
14 44 108.1
14 60 79.1
14 69 139.2
14 88 91.1
14 92 77.1
14 100 89.1
14 141 135.2
14 151 65.1
14 161 81.1
14 162 105.1
14 167 60.1
14 179 104.1
14 189 93.1
14 194 75.1
14 210 104.1
14 212 219.29999999999998
14 229 62.1
14 245 82.1
14 248 168.2
15 5 164.2
15 8 94.1
15 27 191.2
15 31 133.2
15 40 79.1
15 47 112.1
15 58 85.1
15 68 201.3
15 76 84.1
15 115 172.2
15 131 168.2
15 149 162.2
15 163 87.1
15 165 76.1
15 166 70.1
15 251 121.2
15 255 89.1
15 264 142.2
16 5 69.1
16 23 129.2
16 26 85.1
16 66 139.2
16 69 87.1
16 104 59.1
16 121 73.1
16 164 144.2
16 174 148.2
16 181 144.2
16 183 94.1
16 189 108.1
16 195 90.1
16 203 93.1
16 207 215.29999999999998
16 211 84.1
16 213 164.2
16 214 166.2
17 30 116.2
17 45 74.1
17 64 146.2
17 78 71.1
17 91 167.2
17 103 231.29999999999998
17 129 83.1
17 130 86.1
17 146 77.1
17 152 94.1
17 177 82.1
17 184 150.2
17 186 117.19999999999999
17 191 79.1
17 221 133.2
17 224 84.1
17 228 63.1
17 250 145.2
17 264 63.1
17 271 138.2
17 281 92.1
18 24 183.3
18 34 161.2
18 39 49.1
18 89 83.1
18 133 135.2
18 137 180.2
18 146 62.1
18 152 172.2
18 153 56.1
18 170 119.19999999999999
18 192 87.1
18 200 70.1
18 205 52.1
18 230 219.29999999999998
18 240 124.19999999999999
18 242 171.2
18 281 207.2
19 20 97.1
19 29 79.1
19 40 53.1
19 43 147.2
19 52 87.1
19 117 172.2
19 142 98.1
19 145 215.29999999999998
19 188 65.1
19 190 95.1
19 215 97.1
19 219 180.2
19 233 89.1
19 269 72.1
19 270 252.29999999999998
19 279 198.2
19 290 86.1
19 292 154.2
19 293 84.1
20 0 80.1
20 19 106.1
20 29 199.2
20 30 58.1
20 35 165.2
20 39 84.1
20 64 96.1
20 65 173.2
20 130 187.2
20 141 93.1
20 146 190.2
20 152 116.1
20 177 266.29999999999995
20 184 95.1
20 191 150.2
20 232 101.1
20 276 95.1
20 284 84.1
20 285 140.1
21 3 148.2
21 8 84.1
21 41 162.2
21 50 70.1
21 57 92.1
21 60 96.1
21 67 101.1
21 85 182.2
21 94 67.1
21 99 115.1
21 101 183.2
21 109 69.1
21 122 62.1
21 137 159.1
21 139 67.1
21 150 172.2
21 180 74.1
21 186 55.1
21 201 123.1
21 217 186.2
21 229 196.2
21 259 77.1
22 4 52.1
22 14 165.3
22 25 66.1
22 48 92.1
22 55 61.1
22 69 126.19999999999999
22 78 63.1
22 92 57.1
22 104 56.1
22 141 131.2
22 212 137.2
22 236 93.1
22 248 215.29999999999998
22 252 116.2
22 277 76.1
22 281 79.1
22 283 75.1
22 286 87.1
22 287 89.1
22 293 71.1
22 297 98.1
23 3 69.1
23 16 169.2
23 66 246.29999999999998
23 80 73.1
23 116 84.1
23 128 86.1
23 129 74.1
23 153 68.1
23 164 153.2
23 174 264.29999999999995
23 181 180.2
23 189 91.1
23 191 85.1
23 204 94.1
23 207 246.29999999999998
23 213 172.2
23 214 128.2
23 219 85.1
23 223 84.1
23 290 98.1
24 18 205.29999999999998
24 34 65.1
24 65 89.1
24 67 89.1
24 89 74.1
24 130 98.1
24 133 139.2
24 137 164.2
24 152 243.29999999999998
24 157 73.1
24 170 150.2
24 228 78.1
24 230 138.2
24 237 60.1
24 240 162.2
24 242 171.2
24 271 72.1
24 276 67.1
25 2 151.2
25 5 78.1
25 6 47.1
25 22 42.1
25 41 66.1
25 59 168.2
25 76 150.2
25 82 198.2
25 94 138.2
25 96 66.1
25 111 137.2
25 121 235.29999999999998
25 132 101.1
25 141 97.1
25 160 141.2
25 195 86.1
25 206 82.1
25 229 78.1
25 289 80.1
25 291 83.1
26 1 121.2
26 16 91.1
26 70 114.2
26 71 194.29999999999998
26 79 229.29999999999998
26 103 136.2
26 106 94.1
26 107 56.1
26 114 69.1
26 117 70.1
26 118 160.2
26 139 54.1
26 147 134.2
26 234 161.2
26 242 112.1
26 245 63.1
26 268 148.2
26 296 107.1
27 5 153.2
27 15 159.2
27 31 142.2
27 47 75.1
27 59 66.1
27 66 77.1
27 68 143.2
27 110 74.1
27 113 91.1
27 115 217.29999999999998
27 124 82.1
27 131 153.2
27 149 135.2
27 190 69.1
27 219 80.1
27 223 92.1
27 251 149.2
27 256 87.1
27 258 81.1
27 264 128.2
28 8 190.2
28 32 124.19999999999999
28 36 64.1
28 37 109.2
28 53 143.2
28 64 88.1
28 81 59.1
28 86 148.2
28 100 67.1
28 106 156.2
28 107 244.29999999999998
28 114 77.1
28 145 74.1
28 176 53.1
28 199 70.1
28 255 78.1
28 265 192.2
28 278 93.1
28 283 78.1
28 297 96.1
29 12 108.1
29 19 91.1
29 20 182.2
29 30 53.1
29 32 75.1
29 35 86.2
29 65 125.19999999999999
29 90 63.1
29 114 56.1
29 125 63.1
29 130 171.2
29 146 167.3
29 177 151.2
29 191 122.19999999999999
29 225 47.1
29 234 60.1
29 271 62.1
29 276 80.1
29 279 93.1
30 8 77.1
30 17 152.2
30 20 59.1
30 29 58.1
30 35 77.1
30 64 130.2
30 65 64.1
30 83 67.1
30 91 132.2
30 103 127.19999999999999
30 127 75.1
30 184 208.29999999999998
30 186 130.2
30 221 141.2
30 250 128.2
30 271 169.2
30 281 101.1
31 5 150.2
31 15 158.2
31 27 153.2
31 68 153.2
31 82 54.1
31 115 193.29999999999998
31 127 68.1
31 131 209.29999999999998
31 144 100.1
31 149 154.2
31 174 77.1
31 182 99.1
31 194 72.1
31 195 88.1
31 235 66.1
31 251 138.2
31 264 127.19999999999999
32 4 53.1
32 8 177.2
32 28 109.2
32 29 68.1
32 37 121.2
32 38 56.1
32 53 174.3
32 55 67.1
32 78 66.1
32 86 136.2
32 105 63.1
32 106 117.19999999999999
32 107 120.19999999999999
32 109 55.1
32 149 69.1
32 188 66.1
32 215 85.1
32 273 60.1
32 278 63.1
33 14 60.1
33 37 127.19999999999999
33 38 151.2
33 50 73.1
33 54 85.1
33 57 116.19999999999999
33 72 154.2
33 79 85.1
33 87 145.2
33 105 91.1
33 121 92.1
33 138 228.29999999999998
33 192 104.1
33 226 139.2
33 243 88.1
33 257 96.1
33 274 90.1
33 287 66.1
33 289 73.1
34 18 158.2
34 24 74.1
34 36 71.1
34 48 178.2
34 56 74.1
34 61 101.1
34 71 57.1
34 97 98.1
34 103 80.1
34 133 102.1
34 135 84.1
34 137 82.1
34 170 91.1
34 178 98.1
34 225 79.1
34 234 191.2
34 257 185.2
34 276 179.2
34 281 79.1
35 20 143.2
35 29 94.2
35 30 56.1
35 64 69.1
35 65 116.19999999999999
35 108 71.1
35 123 50.1
35 130 143.2
35 133 74.1
35 137 57.1
35 142 64.1
35 146 130.2
35 147 62.1
35 152 71.1
35 177 147.2
35 185 62.1
35 191 189.29999999999998
35 230 50.1
35 272 67.1
35 276 74.1
35 281 98.1
36 0 147.2
36 11 168.2
36 28 68.1
36 34 89.1
36 39 144.2
36 90 71.1
36 100 62.1
36 111 74.1
36 114 157.2
36 129 143.2
36 139 153.2
36 187 144.2
36 191 75.1
36 204 94.1
36 228 148.2
36 232 98.1
36 237 142.2
36 252 63.1
36 276 80.1
37 8 157.2
37 12 74.1
37 28 140.2
37 32 143.2
37 33 144.2
37 42 84.1
37 53 188.29999999999998
37 64 66.1
37 67 90.1
37 80 53.1
37 86 198.29999999999998
37 89 93.1
37 106 156.2
37 107 124.19999999999999
37 128 73.1
37 131 72.1
37 161 55.1
37 177 96.1
37 229 73.1
37 248 157.2
37 263 94.1
38 32 65.1
38 33 154.2
38 47 95.1
38 57 159.2
38 72 271.29999999999995
38 76 66.1
38 87 208.29999999999998
38 107 98.1
38 138 178.2
38 153 83.1
38 171 83.1
38 176 75.1
38 184 96.1
38 201 72.1
38 212 67.1
38 214 99.1
38 226 153.2
38 233 88.1
38 244 82.1
38 266 97.1
38 297 120.1
39 0 146.2
39 11 180.2
39 18 81.1
39 20 95.1
39 36 137.2
39 41 68.1
39 47 104.1
39 78 73.1
39 114 156.2
39 129 168.2
39 139 137.2
39 147 63.1
39 187 144.2
39 192 119.1
39 228 187.2
39 237 148.2
39 240 80.1
39 271 81.1
39 281 97.1
40 6 82.2
40 15 55.1
40 19 74.1
40 110 68.1
40 146 59.1
40 165 56.1
40 190 115.2
40 210 73.1
40 223 76.1
40 233 134.2
40 234 69.1
40 255 87.1
40 258 113.2
40 270 64.1
40 280 125.19999999999999
40 290 152.2
40 292 83.1
40 293 139.2
41 3 137.2
41 13 76.1
41 21 146.2
41 25 77.1
41 39 71.1
41 45 71.1
41 50 130.2
41 85 242.29999999999998
41 87 74.1
41 101 161.2
41 106 74.1
41 109 85.1
41 111 80.1
41 122 68.1
41 138 87.1
41 140 107.1
41 150 157.2
41 180 83.1
41 217 145.2
41 229 85.1
41 257 82.1
41 264 78.1
41 274 105.1
41 282 105.1
41 291 76.1
42 37 69.1
42 55 80.1
42 153 72.1
42 155 71.1
42 156 136.2
42 159 187.29999999999998
42 168 146.2
42 178 163.2
42 179 164.2
42 192 157.2
42 197 71.1
42 206 140.2
42 256 154.2
42 265 146.2
42 272 193.29999999999998
42 297 170.2
43 19 121.2
43 52 42.1
43 54 39.1
43 81 37.1
43 83 36.1
43 116 42.1
43 117 171.3
43 123 51.1
43 140 53.1
43 145 116.19999999999999
43 188 43.1
43 219 128.2
43 227 59.1
43 235 47.1
43 239 44.1
43 270 116.19999999999999
43 279 126.19999999999999
43 280 56.1
43 284 60.1
43 292 96.2
44 14 77.1
44 60 146.2
44 84 73.1
44 92 94.1
44 96 89.1
44 97 78.1
44 100 71.1
44 109 66.1
44 136 185.2
44 150 103.1
44 161 144.2
44 178 168.2
44 204 89.1
44 206 67.1
44 247 161.2
44 272 90.1
44 282 235.29999999999998
44 296 142.2
45 13 66.1
45 17 53.1
45 41 62.1
45 48 79.1
45 63 124.19999999999999
45 70 41.1
45 84 122.19999999999999
45 112 120.19999999999999
45 123 52.1
45 125 91.2
45 135 106.2
45 141 50.1
45 184 57.1
45 193 100.2
45 198 70.1
45 248 63.1
45 256 41.1
45 262 103.2
45 263 106.2
45 275 100.2
45 279 53.1
46 94 60.1
46 102 42.1
46 123 128.2
46 126 156.2
46 148 151.2
46 154 72.1
46 181 155.2
46 183 62.1
46 195 157.2
46 198 72.1
46 203 76.1
46 204 166.2
46 232 133.2
46 235 190.29999999999998
46 255 144.2
46 260 75.1
46 269 154.2
47 15 58.1
47 27 63.1
47 38 68.1
47 39 62.1
47 52 136.2
47 75 55.1
47 78 54.1
47 154 121.2
47 165 81.1
47 181 78.1
47 194 91.1
47 203 63.1
47 208 77.1
47 210 153.2
47 215 124.19999999999999
47 222 107.1
47 236 253.29999999999998
47 241 100.1
47 258 58.1
47 269 168.2
47 285 87.1
48 22 55.1
48 34 151.2
48 45 64.1
48 77 53.1
48 80 76.1
48 97 80.1
48 98 80.1
48 120 82.1
48 127 44.1
48 143 82.1
48 151 131.2
48 199 62.1
48 205 87.1
48 209 55.1
48 218 75.1
48 248 90.1
48 257 193.2
48 260 168.2
48 277 100.1
48 281 182.2
49 2 70.1
49 9 71.1
49 60 68.1
49 87 68.1
49 89 149.2
49 109 68.1
49 119 72.1
49 132 79.1
49 140 63.1
49 157 150.2
49 162 72.1
49 175 125.19999999999999
49 185 63.1
49 200 55.1
49 236 73.1
49 254 130.2
49 282 142.2
49 285 92.1
50 3 139.2
50 21 50.1
50 33 71.1
50 41 116.2
50 85 62.1
50 101 86.1
50 106 73.1
50 109 151.2
50 112 61.1
50 118 73.1
50 121 67.1
50 122 123.2
50 144 76.1
50 150 87.1
50 168 80.1
50 180 103.2
50 217 92.1
50 226 57.1
50 229 143.2
50 231 74.1
50 254 57.1
50 289 69.1
51 12 225.2
51 65 79.1
51 67 275.29999999999995
51 69 69.1
51 105 207.2
51 163 147.2
51 176 237.29999999999998
51 238 169.2
51 244 171.2
51 267 274.29999999999995
51 282 193.2
51 287 111.1
51 289 173.2
52 6 42.1
52 19 97.1
52 43 56.1
52 47 177.2
52 67 57.1
52 74 57.1
52 75 68.1
52 115 52.1
52 116 59.1
52 123 81.1
52 145 64.1
52 154 129.2
52 182 71.1
52 195 43.1
52 210 170.2
52 215 220.29999999999998
52 236 271.29999999999995
52 268 75.1
52 269 151.2
52 279 85.1
52 293 80.1
53 8 238.29999999999998
53 11 81.1
53 12 105.1
53 28 160.2
53 32 209.29999999999998
53 37 184.29999999999998
53 57 56.1
53 62 89.1
53 82 65.1
53 86 181.2
53 91 83.1
53 98 75.1
53 106 148.2
53 107 160.2
53 159 72.1
53 184 73.1
53 211 80.1
53 248 110.1
53 264 79.1
54 7 149.2
54 10 114.1
54 12 121.1
54 33 78.1
54 43 73.1
54 63 100.1
54 78 143.2
54 80 84.1
54 100 130.2
54 124 166.2
54 127 173.2
54 166 146.2
54 167 126.19999999999999
54 171 147.2
54 197 84.1
54 199 151.2
54 260 95.1
54 262 83.1
54 295 101.1
55 4 201.29999999999998
55 22 85.1
55 32 79.1
55 42 91.1
55 56 134.2
55 57 78.1
55 61 182.2
55 65 79.1
55 80 157.2
55 90 247.29999999999998
55 102 189.2
55 112 81.1
55 128 265.29999999999995
55 138 109.1
55 141 104.1
55 214 97.1
55 221 66.1
55 236 122.1
56 4 160.29999999999998
56 34 84.1
56 55 110.2
56 61 132.2
56 79 71.1
56 80 123.19999999999999
56 85 59.1
56 90 136.2
56 93 115.1
56 102 132.2
56 112 72.1
56 113 99.1
56 128 151.2
56 138 79.1
56 151 72.1
56 214 65.1
56 256 75.1
56 273 103.1
57 0 64.1
57 2 65.1
57 3 89.1
57 21 93.1
57 33 126.19999999999999
57 38 170.2
57 53 60.1
57 55 85.1
57 59 96.1
57 72 211.29999999999998
57 79 68.1
57 87 141.2
57 114 63.1
57 136 90.1
57 138 158.2
57 141 81.1
57 189 86.1
57 226 157.2
57 231 102.1
57 241 85.1
57 252 84.1
58 15 71.1
58 75 66.1
58 80 63.1
58 110 199.29999999999998
58 116 230.29999999999998
58 119 69.1
58 134 142.2
58 137 80.1
58 142 184.29999999999998
58 146 55.1
58 149 57.1
58 154 142.2
58 165 139.2
58 194 51.1
58 198 55.1
58 208 134.2
58 223 139.2
58 224 130.2
58 289 68.1
59 2 132.2
59 9 93.1
59 25 165.2
59 27 76.1
59 57 79.1
59 76 153.2
59 82 158.2
59 94 242.29999999999998
59 97 64.1
59 108 84.1
59 111 149.2
59 121 176.2
59 154 83.1
59 160 235.29999999999998
59 174 79.1
59 207 101.1
59 215 83.1
59 246 83.1
59 295 115.1
60 14 70.1
60 21 65.1
60 44 157.2
60 49 70.1
60 136 252.29999999999998
60 159 121.2
60 161 152.2
60 178 148.2
60 179 71.1
60 229 83.1
60 247 157.2
60 282 187.2
60 286 87.1
60 296 123.19999999999999
61 4 136.2
61 34 106.1
61 55 159.2
61 56 157.2
61 77 76.1
61 78 86.1
61 80 148.2
61 90 168.2
61 95 81.1
61 100 78.1
61 102 134.2
61 106 91.1
61 128 258.29999999999995
61 140 84.1
61 151 74.1
61 187 93.1
61 193 90.1
61 205 57.1
61 240 102.1
61 283 91.1
62 8 107.1
62 53 87.1
62 86 66.1
62 99 169.2
62 107 81.1
62 157 176.2
62 179 98.1
62 192 98.1
62 201 175.2
62 202 189.2
62 220 80.1
62 225 233.29999999999998
62 249 76.1
62 259 232.29999999999998
62 273 134.2
62 278 141.2
62 283 148.2
63 45 105.2
63 54 85.1
63 71 56.1
63 79 55.1
63 80 66.1
63 84 141.2
63 112 138.2
63 125 95.2
63 135 184.3
63 156 154.2
63 160 60.1
63 193 130.2
63 248 76.1
63 262 152.2
63 263 137.2
63 275 104.2
64 17 144.2
64 20 80.1
64 28 79.1
64 30 121.19999999999999
64 35 61.1
64 37 61.1
64 91 135.2
64 103 217.29999999999998
64 152 78.1
64 177 68.1
64 184 225.29999999999998
64 186 102.2
64 221 149.2
64 232 90.1
64 250 232.29999999999998
64 271 164.2
65 0 58.1
65 20 197.2
65 24 88.1
65 29 150.2
65 30 56.1
65 35 145.2
65 51 73.1
65 55 73.1
65 91 79.1
65 130 270.29999999999995
65 146 216.29999999999998
65 152 93.1
65 168 84.1
65 177 212.29999999999998
65 191 127.19999999999999
65 230 70.1
65 278 59.1
65 292 76.1
66 8 92.1
66 16 155.2
66 23 214.29999999999998
66 27 74.1
66 143 91.1
66 145 62.1
66 164 239.29999999999998
66 165 75.1
66 174 156.2
66 181 173.2
66 190 88.1
66 195 81.1
66 200 73.1
66 205 66.1
66 207 166.2
66 213 169.2
66 214 136.2
66 224 102.1
66 235 66.1
67 12 172.2
67 21 64.1
67 24 47.1
67 37 58.1
67 51 233.29999999999998
67 52 70.1
67 86 58.1
67 99 87.1
67 101 82.1
67 105 156.2
67 176 138.2
67 177 78.1
67 197 144.2
67 244 138.2
67 263 70.1
67 265 112.1
67 266 93.1
67 267 140.2
67 289 149.2
68 5 155.2
68 15 230.29999999999998
68 27 157.2
68 31 131.2
68 94 81.1
68 115 155.2
68 123 86.1
68 126 73.1
68 131 119.2
68 142 81.1
68 145 70.1
68 149 125.19999999999999
68 167 77.1
68 185 75.1
68 212 75.1
68 251 177.29999999999998
68 252 70.1
68 264 148.2
69 14 110.2
69 16 77.1
69 22 118.19999999999999
69 51 87.1
69 113 83.1
69 124 86.1
69 141 157.2
69 153 54.1
69 191 73.1
69 207 88.1
69 212 188.29999999999998
69 217 88.1
69 220 83.1
69 242 99.1
69 248 183.2
69 263 90.1
69 266 90.1
69 278 66.1
69 286 93.1
69 287 114.1
69 297 110.1
70 1 114.19999999999999
70 26 115.2
70 45 65.1
70 71 119.2
70 79 137.2
70 112 58.1
70 118 191.29999999999998
70 133 59.1
70 147 216.29999999999998
70 157 58.1
70 208 70.1
70 234 156.2
70 250 143.2
70 268 136.2
70 271 75.1
70 276 75.1
71 1 230.29999999999998
71 8 92.1
71 26 211.29999999999998
71 34 65.1
71 63 90.1
71 70 118.19999999999999
71 79 147.2
71 103 139.2
71 107 68.1
71 118 223.29999999999998
71 147 133.2
71 234 149.2
71 237 55.1
71 249 83.1
71 268 145.2
72 8 94.1
72 33 152.2
72 38 234.29999999999998
72 57 211.29999999999998
72 83 144.2
72 87 132.2
72 135 92.1
72 138 150.2
72 173 168.2
72 206 75.1
72 212 58.1
72 223 42.1
72 224 57.1
72 226 135.2
72 229 78.1
72 241 90.1
72 247 91.1
72 274 164.2
73 10 80.1
73 77 73.2
73 86 68.1
73 88 129.2
73 95 102.2
73 97 65.1
73 98 122.19999999999999
73 120 65.1
73 158 122.2
73 205 61.1
73 209 46.1
73 211 45.1
73 216 129.2
73 252 66.1
73 260 154.2
73 268 73.1
73 277 141.2
73 289 74.1
74 7 48.1
74 52 58.1
74 98 84.1
74 126 86.1
74 129 87.1
74 143 144.2
74 172 165.2
74 194 145.2
74 198 70.1
74 204 63.1
74 205 130.2
74 209 176.3
74 211 187.3
74 218 182.2
74 219 78.1
74 230 64.1
74 239 167.2
74 245 116.2
75 47 74.1
75 52 65.1
75 58 77.1
75 81 122.2
75 154 150.2
75 174 70.1
75 181 144.2
75 182 233.29999999999998
75 183 118.19999999999999
75 194 144.2
75 203 131.2
75 210 162.2
75 222 146.2
75 246 166.2
75 253 59.1
75 284 150.2
76 2 147.2
76 15 75.1
76 25 160.2
76 38 69.1
76 59 152.2
76 82 222.29999999999998
76 83 74.1
76 94 140.2
76 108 87.1
76 111 122.19999999999999
76 121 163.2
76 140 97.1
76 160 133.2
76 176 74.1
76 194 66.1
76 214 83.1
76 227 74.1
76 255 91.1
76 291 76.1
77 7 69.1
77 10 69.1
77 48 72.1
77 61 68.1
77 73 145.2
77 88 159.2
77 90 69.1
77 95 206.29999999999998
77 98 139.2
77 158 124.2
77 178 82.1
77 205 73.1
77 216 125.2
77 218 55.1
77 249 123.19999999999999
77 260 206.29999999999998
77 277 136.2
78 7 130.2
78 17 68.1
78 22 81.1
78 32 64.1
78 39 51.1
78 47 80.1
78 54 131.2
78 61 67.1
78 89 91.1
78 100 125.19999999999999
78 124 105.2
78 127 135.2
78 130 96.1
78 166 159.2
78 167 104.2
78 171 134.2
78 178 82.1
78 198 89.1
78 199 179.2
78 231 64.1
78 279 93.1
78 283 98.1
79 1 150.2
79 26 216.29999999999998
79 33 68.1
79 56 65.1
79 57 60.1
79 63 60.1
79 70 149.2
79 71 144.2
79 90 60.1
79 116 81.1
79 118 131.2
79 147 120.19999999999999
79 172 70.1
79 197 96.1
79 230 78.1
79 234 177.2
79 243 86.1
79 268 155.2
79 283 85.1
80 4 211.29999999999998
80 23 53.1
80 37 52.1
80 48 114.1
80 54 98.1
80 55 130.2
80 56 140.2
80 58 70.1
80 61 133.2
80 63 84.1
80 90 179.2
80 102 222.29999999999998
80 124 76.1
80 128 143.2
80 157 96.1
80 193 92.1
80 198 92.1
80 255 92.1
80 262 92.1
80 295 114.1
81 6 47.1
81 28 60.1
81 43 64.1
81 75 124.19999999999999
81 105 87.1
81 110 72.1
81 134 63.1
81 154 71.1
81 164 51.1
81 182 127.19999999999999
81 183 125.19999999999999
81 194 126.19999999999999
81 203 127.19999999999999
81 222 122.19999999999999
81 223 71.1
81 224 92.1
81 241 54.1
81 246 131.2
81 247 68.1
81 284 189.29999999999998
82 2 165.2
82 7 78.1
82 25 182.2
82 31 83.1
82 53 68.1
82 59 176.2
82 76 250.29999999999998
82 90 85.1
82 94 226.29999999999998
82 111 150.2
82 121 248.29999999999998
82 140 97.1
82 155 101.1
82 160 183.2
82 168 98.1
82 215 98.1
82 252 76.1
82 264 76.1
82 280 109.1
83 2 75.1
83 9 167.2
83 30 60.1
83 43 59.1
83 72 142.2
83 76 60.1
83 111 80.1
83 148 78.1
83 162 154.2
83 185 161.2
83 188 165.2
83 196 114.19999999999999
83 226 84.1
83 227 76.1
83 232 68.1
83 234 78.1
83 241 220.29999999999998
83 255 74.1
83 274 213.29999999999998
84 44 81.1
84 45 150.2
84 63 139.2
84 97 98.1
84 112 202.29999999999998
84 125 107.2
84 135 129.2
84 179 93.1
84 193 168.2
84 206 73.1
84 247 109.1
84 248 162.2
84 262 143.2
84 263 227.29999999999998
84 275 121.19999999999999
84 276 73.1
84 277 83.1
85 3 105.1
85 21 207.2
85 41 242.29999999999998
85 50 75.1
85 56 70.1
85 100 71.1
85 101 214.2
85 102 76.1
85 109 91.1
85 113 96.1
85 122 151.2
85 124 92.1
85 139 65.1
85 150 183.2
85 179 101.1
85 180 89.1
85 212 88.1
85 217 192.2
85 220 89.1
85 229 81.1
85 263 74.1
85 287 128.1
86 6 54.1
86 8 151.2
86 28 134.2
86 32 151.2
86 37 182.3
86 53 169.2
86 62 80.1
86 67 73.1
86 73 77.1
86 106 157.2
86 107 154.2
86 141 67.1
86 146 75.1
86 151 61.1
86 179 59.1
86 224 80.1
86 263 73.1
86 273 79.1
86 278 67.1
86 283 99.1
87 10 84.1
87 33 148.2
87 38 211.29999999999998
87 41 79.1
87 49 54.1
87 57 140.2
87 72 141.2
87 89 76.1
87 94 82.1
87 138 230.29999999999998
87 141 68.1
87 185 99.1
87 188 83.1
87 200 90.1
87 221 72.1
87 226 197.29999999999998
87 229 72.1
87 238 83.1
87 291 177.2
88 14 56.1
88 73 143.2
88 77 109.2
88 95 133.2
88 98 191.29999999999998
88 143 74.1
88 151 67.1
88 158 228.29999999999998
88 178 88.1
88 183 75.1
88 193 76.1
88 199 61.1
88 211 52.1
88 216 140.2
88 239 63.1
88 260 148.2
88 261 93.1
88 277 148.2
89 18 77.1
89 24 52.1
89 37 67.1
89 49 118.19999999999999
89 78 57.1
89 87 61.1
89 97 57.1
89 136 73.1
89 143 58.1
89 169 129.2
89 173 121.19999999999999
89 175 50.1
89 191 62.1
89 253 110.2
89 254 163.3
89 288 122.19999999999999
89 291 151.2
89 294 155.2
90 1 151.2
90 4 120.2
90 29 71.1
90 36 58.1
90 55 191.29999999999998
90 56 122.19999999999999
90 61 144.2
90 77 60.1
90 79 58.1
90 80 169.2
90 82 64.1
90 102 129.2
90 122 69.1
90 128 153.2
90 137 90.1
90 184 73.1
90 215 93.1
90 244 78.1
90 273 101.1
91 0 80.1
91 10 83.1
91 17 180.2
91 30 116.2
91 53 67.1
91 64 145.2
91 65 69.1
91 95 57.1
91 103 127.19999999999999
91 130 98.1
91 177 93.1
91 184 172.2
91 186 121.19999999999999
91 221 220.29999999999998
91 250 183.2
91 262 70.1
91 271 158.2
91 276 82.1
92 10 139.2
92 14 48.1
92 22 60.1
92 44 101.1
92 97 124.19999999999999
92 100 74.1
92 109 64.1
92 120 162.2
92 126 64.1
92 139 68.1
92 145 92.1
92 162 61.1
92 170 84.1
92 189 125.19999999999999
92 198 220.29999999999998
92 203 82.1
92 210 80.1
92 227 84.1
92 229 67.1
92 245 47.1
92 246 107.1
92 248 83.1
92 252 114.2
93 56 54.1
93 103 73.1
93 106 67.1
93 112 68.1
93 119 152.2
93 134 99.1
93 144 237.29999999999998
93 175 121.2
93 200 150.2
93 231 161.2
93 240 68.1
93 246 81.1
93 251 76.1
93 269 58.1
93 285 177.2
93 287 182.2
93 295 163.2
94 0 75.1
94 2 257.29999999999995
94 21 77.1
94 25 181.2
94 46 96.1
94 59 268.29999999999995
94 68 91.1
94 76 152.2
94 82 256.29999999999995
94 87 104.1
94 111 144.2
94 116 95.1
94 121 161.2
94 160 210.2
94 162 103.1
94 188 97.1
94 199 88.1
94 252 100.1
94 290 118.1
95 61 68.1
95 73 121.19999999999999
95 77 197.29999999999998
95 88 125.19999999999999
95 91 58.1
95 98 231.29999999999998
95 102 56.1
95 158 123.2
95 193 60.1
95 208 60.1
95 216 228.29999999999998
95 224 70.1
95 247 147.2
95 257 84.1
95 260 153.2
95 275 59.1
95 277 132.2
96 13 239.29999999999998
96 25 72.1
96 44 85.1
96 132 198.2
96 138 150.2
96 140 275.29999999999995
96 163 174.2
96 189 82.1
96 196 110.1
96 227 172.2
96 228 83.1
96 229 87.1
96 238 228.29999999999998
96 243 171.2
96 259 86.1
97 4 57.1
97 10 261.29999999999995
97 34 93.1
97 44 98.1
97 48 95.1
97 59 75.1
97 73 87.1
97 84 99.1
97 89 80.1
97 92 128.2
97 120 160.2
97 139 76.1
97 143 81.1
97 176 74.1
97 189 145.2
97 198 235.29999999999998
97 247 87.1
97 252 74.1
97 257 87.1
97 275 154.2
97 276 74.1
98 48 96.1
98 53 66.1
98 73 160.2
98 74 59.1
98 77 131.2
98 88 234.29999999999998
98 95 212.29999999999998
98 100 51.1
98 135 64.1
98 158 141.2
98 166 87.1
98 198 91.1
98 206 78.1
98 216 174.2
98 257 161.2
98 260 154.2
98 277 256.29999999999995
99 21 67.1
99 62 152.2
99 67 91.1
99 101 70.1
99 118 64.1
99 138 63.1
99 147 65.1
99 156 162.2
99 157 145.2
99 201 129.2
99 202 186.2
99 225 113.19999999999999
99 259 115.2
99 272 68.1
99 273 157.2
99 278 115.2
99 283 167.2
100 7 136.2
100 14 90.1
100 28 75.1
100 36 72.1
100 44 82.1
100 54 127.19999999999999
100 61 101.1
100 78 155.2
100 85 86.1
100 92 83.1
100 98 75.1
100 120 91.1
100 124 132.2
100 127 111.19999999999999
100 166 148.2
100 167 149.2
100 171 150.2
100 199 149.2
100 256 81.1
101 3 78.1
101 5 65.1
101 21 142.2
101 41 161.2
101 50 84.1
101 67 86.1
101 85 176.2
101 99 92.1
101 105 84.1
101 109 84.1
101 122 132.2
101 150 158.2
101 156 87.1
101 159 62.1
101 180 76.1
101 192 111.1
101 196 67.1
101 217 167.2
101 220 69.1
101 229 86.1
101 297 101.1
102 4 127.19999999999999
102 46 72.1
102 55 169.2
102 56 136.2
102 61 170.2
102 80 231.29999999999998
102 85 87.1
102 90 129.2
102 95 83.1
102 106 77.1
102 128 166.2
102 144 86.1
102 166 61.1
102 186 90.1
102 212 78.1
102 220 99.1
102 228 79.1
102 247 92.1
102 252 77.1
103 17 233.29999999999998
103 26 148.2
103 30 131.2
103 34 87.1
103 64 239.29999999999998
103 71 134.2
103 91 132.2
103 93 109.1
103 107 76.1
103 184 174.2
103 186 125.19999999999999
103 221 223.29999999999998
103 249 101.1
103 250 153.2
103 271 163.2
104 9 156.2
104 10 141.2
104 16 69.1
104 22 60.1
104 122 54.1
104 127 63.1
104 142 80.1
104 164 57.1
104 166 65.1
104 182 61.1
104 190 81.1
104 196 69.1
104 205 70.1
104 214 72.1
104 233 86.1
104 236 174.2
104 239 51.1
104 243 145.2
104 245 87.1
104 269 89.1
104 274 155.2
104 285 102.1
104 292 77.1
105 7 75.1
105 12 155.2
105 32 83.1
105 33 75.1
105 51 143.2
105 67 165.2
105 81 66.1
105 101 64.1
105 134 85.1
105 173 57.1
105 176 174.29999999999998
105 185 87.1
105 195 102.1
105 244 153.2
105 267 147.2
105 287 106.1
105 289 127.19999999999999
105 294 91.1
106 8 205.29999999999998
106 26 72.1
106 28 134.2
106 32 107.19999999999999
106 37 125.19999999999999
106 41 61.1
106 50 46.1
106 53 134.2
106 61 68.1
106 86 149.2
106 93 69.1
106 102 47.1
106 107 108.2
106 151 125.19999999999999
106 217 83.1
106 249 75.1
106 278 71.1
106 283 72.1
106 297 83.1
107 1 62.1
107 8 260.29999999999995
107 26 58.1
107 28 239.29999999999998
107 32 127.19999999999999
107 37 139.2
107 38 101.1
107 53 138.2
107 62 75.1
107 71 62.1
107 86 152.2
107 103 68.1
107 106 126.19999999999999
107 167 69.1
107 211 73.1
107 272 71.1
107 277 172.2
108 13 123.2
108 35 49.1
108 59 55.1
108 76 59.1
108 110 52.1
108 132 146.2
108 136 123.19999999999999
108 140 60.1
108 155 123.19999999999999
108 161 60.1
108 169 105.2
108 176 53.1
108 185 68.1
108 188 79.1
108 194 59.1
108 200 57.1
108 204 61.1
108 253 103.2
108 254 123.19999999999999
108 279 74.1
108 281 72.1
109 3 184.3
109 21 76.1
109 32 67.1
109 41 64.1
109 44 83.1
109 49 74.1
109 50 137.2
109 85 71.1
109 92 84.1
109 101 72.1
109 122 156.2
109 150 148.2
109 167 51.1
109 171 81.1
109 180 147.2
109 185 90.1
109 212 70.1
109 217 89.1
109 219 76.1
109 223 100.1
109 229 164.2
109 282 96.1
110 27 67.1
110 40 64.1
110 58 199.3
110 81 65.1
110 108 72.1
110 116 155.2
110 134 197.29999999999998
110 142 140.2
110 165 129.2
110 182 71.1
110 223 135.2
110 224 221.29999999999998
110 258 61.1
110 270 59.1
110 280 78.1
110 290 74.1
110 292 69.1
111 2 176.3
111 25 154.2
111 36 60.1
111 41 69.1
111 59 158.2
111 76 119.2
111 82 142.2
111 83 74.1
111 94 129.2
111 121 140.2
111 153 52.1
111 160 117.19999999999999
111 188 78.1
111 226 61.1
111 233 87.1
111 243 73.1
111 251 76.1
111 252 83.1
111 274 83.1
112 4 54.1
112 45 125.2
112 50 50.1
112 55 51.1
112 56 50.1
112 63 130.2
112 70 36.1
112 84 182.3
112 93 78.1
112 125 108.2
112 131 63.1
112 135 128.2
112 154 78.1
112 193 132.2
112 235 68.1
112 262 127.19999999999999
112 263 126.19999999999999
112 275 124.19999999999999
113 27 74.1
113 56 81.1
113 69 61.1
113 85 80.1
113 176 75.1
113 192 265.29999999999995
113 202 90.1
113 216 89.1
113 220 147.2
113 225 65.1
113 249 154.2
113 265 186.2
113 266 177.2
113 286 177.2
113 296 105.1
113 297 208.2
114 0 139.2
114 3 68.1
114 11 135.2
114 26 71.1
114 28 71.1
114 29 59.1
114 36 149.2
114 39 166.2
114 57 62.1
114 124 37.1
114 129 119.19999999999999
114 139 132.2
114 149 62.1
114 171 81.1
114 187 130.2
114 190 78.1
114 228 129.2
114 237 123.19999999999999
114 238 88.1
114 242 69.1
114 256 74.1
114 273 87.1
115 5 145.2
115 15 156.2
115 27 216.29999999999998
115 31 189.29999999999998
115 52 65.1
115 68 132.2
115 131 160.2
115 149 106.2
115 190 99.1
115 191 62.1
115 207 80.1
115 210 77.1
115 219 94.1
115 223 123.1
115 251 148.2
115 252 78.1
115 264 156.2
115 290 98.1
116 23 82.1
116 43 44.1
116 52 55.1
116 58 164.29999999999998
116 79 75.1
116 94 85.1
116 110 153.2
116 134 110.2
116 142 148.2
116 143 70.1
116 164 62.1
116 165 134.2
116 167 47.1
116 200 91.1
116 222 83.1
116 223 150.2
116 224 121.19999999999999
116 238 84.1
116 290 85.1
117 19 181.2
117 26 57.1
117 43 214.29999999999998
117 122 90.1
117 134 86.1
117 135 79.1
117 142 81.1
117 145 199.29999999999998
117 183 80.1
117 215 85.1
117 219 257.29999999999995
117 236 184.2
117 246 97.1
117 255 70.1
117 270 167.2
117 279 152.2
117 280 98.1
117 292 158.2
118 1 151.2
118 6 65.1
118 26 169.2
118 50 79.1
118 70 220.29999999999998
118 71 222.29999999999998
118 79 135.2
118 99 104.1
118 133 81.1
118 147 164.2
118 148 80.1
118 196 66.1
118 199 83.1
118 234 187.2
118 250 175.2
118 263 102.1
118 268 206.29999999999998
118 276 100.1
118 282 95.1
119 9 92.1
119 49 59.1
119 58 66.1
119 93 172.2
119 128 70.1
119 144 166.2
119 175 249.29999999999998
119 196 88.1
119 200 147.2
119 231 128.2
119 236 84.1
119 261 160.2
119 285 166.2
119 287 190.2
119 288 135.2
119 295 186.2
120 10 236.29999999999998
120 48 81.1
120 73 82.1
120 92 138.2
120 97 127.19999999999999
120 100 75.1
120 124 66.1
120 141 81.1
120 143 81.1
120 147 83.1
120 158 55.1
120 189 173.2
120 198 159.2
120 199 74.1
120 205 73.1
120 239 74.1
120 252 72.1
120 261 91.1
120 267 174.2
120 269 187.2
120 289 87.1
121 2 163.2
121 16 88.1
121 25 278.29999999999995
121 33 88.1
121 50 68.1
121 59 176.2
121 76 167.2
121 82 272.29999999999995
121 94 132.2
121 111 132.2
121 131 71.1
121 141 75.1
121 160 169.2
121 168 100.1
121 203 76.1
121 244 78.1
121 266 95.1
121 294 107.1
122 0 80.1
122 2 66.1
122 3 139.2
122 7 62.1
122 8 93.1
122 21 64.1
122 41 65.1
122 50 140.2
122 85 147.2
122 90 58.1
122 101 171.2
122 104 70.1
122 109 139.2
122 117 93.1
122 150 66.1
122 180 140.2
122 217 84.1
122 222 109.1
122 229 142.2
122 244 84.1
122 282 105.1
123 5 61.1
123 11 56.1
123 35 66.1
123 43 69.1
123 45 72.1
123 46 155.2
123 52 79.1
123 68 50.1
123 126 134.2
123 145 67.1
123 148 212.29999999999998
123 195 240.29999999999998
123 204 161.2
123 232 154.2
123 235 206.29999999999998
123 255 159.2
123 270 71.1
123 279 79.1
123 284 81.1
123 293 94.1
124 7 115.2
124 27 89.1
124 54 134.2
124 69 80.1
124 78 125.19999999999999
124 80 73.1
124 85 83.1
124 100 127.19999999999999
124 114 69.1
124 120 68.1
124 127 132.2
124 129 80.1
124 133 92.1
124 158 86.1
124 166 112.2
124 167 121.19999999999999
124 171 149.2
124 199 143.2
124 212 62.1
124 228 89.1
124 231 95.1
124 261 98.1
125 7 44.1
125 29 70.1
125 45 113.2
125 63 131.2
125 84 122.19999999999999
125 112 142.2
125 129 63.1
125 135 167.3
125 145 61.1
125 151 77.1
125 159 70.1
125 193 196.29999999999998
125 248 66.1
125 262 118.2
125 263 212.29999999999998
125 275 119.19999999999999
125 285 97.1
126 46 165.2
126 68 64.1
126 74 68.1
126 92 82.1
126 123 112.2
126 148 145.2
126 154 69.1
126 181 138.2
126 182 79.1
126 195 151.2
126 204 191.3
126 224 71.1
126 232 121.19999999999999
126 235 162.2
126 255 147.2
126 258 72.1
126 270 78.1
126 280 71.1
127 7 142.2
127 9 96.1
127 30 82.1
127 31 64.1
127 48 116.1
127 54 171.2
127 78 153.2
127 100 140.2
127 104 73.1
127 124 166.2
127 129 84.1
127 166 156.2
127 167 163.2
127 171 153.2
127 172 78.1
127 187 77.1
127 199 145.2
127 231 114.1
127 245 94.1
128 4 159.2
128 8 106.1
128 23 73.1
128 37 78.1
128 55 227.29999999999998
128 56 221.2
128 61 292.29999999999995
128 80 167.2
128 90 167.2
128 102 173.2
128 119 97.1
128 136 118.1
128 180 61.1
128 249 110.1
128 256 101.1
128 285 144.1
128 286 117.1
129 0 143.2
129 11 143.2
129 17 72.1
129 23 65.1
129 36 120.19999999999999
129 39 153.2
129 74 76.1
129 114 141.2
129 124 92.1
129 125 72.1
129 127 58.1
129 139 120.2
129 143 87.1
129 148 92.1
129 153 79.1
129 187 165.2
129 196 68.1
129 228 125.2
129 237 159.2
129 281 104.1
130 17 79.1
130 20 181.2
130 24 68.1
130 29 152.2
130 35 132.2
130 65 212.29999999999998
130 78 87.1
130 91 94.1
130 146 154.2
130 165 87.1
130 177 198.2
130 188 79.1
130 191 146.2
130 198 63.1
130 240 103.1
130 258 60.1
130 268 84.1
131 5 157.2
131 15 162.2
131 27 152.2
131 31 206.29999999999998
131 37 89.1
131 68 120.2
131 112 88.1
131 115 176.2
131 121 89.1
131 149 141.2
131 161 84.1
131 213 72.1
131 251 198.29999999999998
131 252 98.1
131 264 171.3
131 280 78.1
131 292 87.1
131 294 83.1
132 13 156.2
132 25 79.1
132 49 70.1
132 96 142.2
132 108 134.2
132 140 177.2
132 160 71.1
132 163 154.2
132 209 59.1
132 227 163.2
132 238 209.29999999999998
132 243 187.2
132 265 112.1
132 294 183.2
133 18 142.2
133 24 133.2
133 34 89.1
133 35 71.1
133 70 75.1
133 118 68.1
133 124 52.1
133 137 188.2
133 140 108.1
133 146 79.1
133 152 229.29999999999998
133 170 170.2
133 227 83.1
133 230 151.2
133 240 177.2
133 242 254.29999999999998
133 250 150.2
134 58 162.2
134 81 73.1
134 93 95.1
134 105 103.1
134 110 223.29999999999998
134 116 182.2
134 117 68.1
134 142 233.29999999999998
134 155 92.1
134 165 255.29999999999998
134 174 78.1
134 182 80.1
134 210 158.2
134 215 90.1
134 223 144.2
134 224 139.2
134 236 103.1
135 10 85.1
135 34 81.1
135 45 122.19999999999999
135 63 215.29999999999998
135 72 66.1
135 84 123.19999999999999
135 98 72.1
135 112 113.2
135 117 61.1
135 125 188.29999999999998
135 193 135.2
135 198 58.1
135 242 95.1
135 245 51.1
135 248 68.1
135 262 130.2
135 263 139.2
135 275 108.19999999999999
136 3 84.1
136 44 190.2
136 57 76.1
136 60 238.29999999999998
136 89 87.1
136 108 172.2
136 128 99.1
136 160 69.1
136 161 149.2
136 169 78.1
136 178 158.2
136 192 91.1
136 208 90.1
136 247 251.29999999999998
136 282 185.2
136 296 182.2
137 18 164.2
137 21 86.1
137 24 118.2
137 34 63.1
137 35 50.1
137 58 74.1
137 90 66.1
137 133 136.2
137 139 81.1
137 152 129.2
137 170 144.2
137 230 141.2
137 240 144.2
137 242 155.2
137 276 147.2
137 281 157.2
138 13 67.1
138 33 251.29999999999998
138 38 156.2
138 41 64.1
138 55 76.1
138 56 68.1
138 57 156.2
138 72 144.2
138 87 202.29999999999998
138 96 155.2
138 99 92.1
138 156 83.1
138 159 54.1
138 179 81.1
138 212 128.2
138 217 78.1
138 226 145.2
138 282 95.1
139 0 168.2
139 5 96.1
139 11 180.2
139 21 87.1
139 26 66.1
139 36 161.2
139 39 172.2
139 85 59.1
139 92 84.1
139 97 83.1
139 114 166.2
139 129 156.2
139 137 127.1
139 147 85.1
139 153 82.1
139 174 103.1
139 187 176.2
139 191 79.1
139 214 66.1
139 228 208.2
139 237 145.2
140 13 156.2
140 41 67.1
140 43 59.1
140 49 60.1
140 61 61.1
140 76 57.1
140 82 58.1
140 96 203.29999999999998
140 108 73.1
140 132 146.2
140 133 74.1
140 163 150.2
140 176 73.1
140 227 126.19999999999999
140 238 145.2
140 243 144.2
140 288 82.1
141 9 106.1
141 14 146.2
141 20 125.1
141 22 130.2
141 25 83.1
141 45 68.1
141 55 75.1
141 57 84.1
141 69 163.2
141 86 82.1
141 87 63.1
141 120 92.1
141 121 85.1
141 177 56.1
141 198 91.1
141 212 255.29999999999998
141 248 179.2
141 251 72.1
141 252 135.2
141 257 100.1
141 277 90.1
142 19 82.1
142 35 70.1
142 58 209.3
142 68 61.1
142 104 65.1
142 110 130.2
142 116 184.2
142 117 92.1
142 134 200.29999999999998
142 165 141.2
142 174 57.1
142 183 73.1
142 213 79.1
142 223 221.29999999999998
142 224 149.2
142 261 73.1
142 267 59.1
142 279 71.1
142 292 67.1
142 295 87.1
143 48 109.1
143 66 80.1
143 74 134.2
143 88 60.1
143 89 76.1
143 97 75.1
143 116 64.1
143 120 89.1
143 129 72.1
143 153 60.1
143 172 125.19999999999999
143 186 59.1
143 199 77.1
143 205 134.2
143 208 74.1
143 209 108.2
143 211 123.19999999999999
143 218 129.2
143 239 126.19999999999999
143 245 189.3
144 31 59.1
144 50 66.1
144 93 248.29999999999998
144 102 61.1
144 119 167.2
144 164 65.1
144 168 65.1
144 175 140.2
144 200 171.2
144 231 211.29999999999998
144 234 90.1
144 266 72.1
144 285 268.29999999999995
144 287 276.29999999999995
144 295 176.2
145 19 248.29999999999998
145 28 57.1
145 43 153.2
145 52 82.1
145 66 56.1
145 68 53.1
145 92 82.1
145 117 190.29999999999998
145 123 66.1
145 125 48.1
145 189 78.1
145 195 73.1
145 204 90.1
145 213 152.2
145 219 156.2
145 270 132.2
145 279 231.29999999999998
145 292 140.2
145 293 60.1
146 17 76.1
146 18 80.1
146 20 189.2
146 29 190.29999999999998
146 35 126.19999999999999
146 40 70.1
146 58 70.1
146 65 199.29999999999998
146 86 77.1
146 130 169.2
146 133 77.1
146 177 178.2
146 187 60.1
146 191 164.3
146 240 141.2
146 242 79.1
146 271 61.1
147 1 138.2
147 26 125.19999999999999
147 35 78.1
147 39 61.1
147 70 188.29999999999998
147 71 108.2
147 79 145.2
147 99 85.1
147 118 151.2
147 120 81.1
147 139 71.1
147 166 64.1
147 170 71.1
147 175 73.1
147 234 135.2
147 242 88.1
147 264 86.1
147 268 150.2
147 279 95.1
148 6 46.1
148 11 99.1
148 46 175.2
148 83 63.1
148 118 81.1
148 123 234.29999999999998
148 126 183.2
148 129 80.1
148 195 208.2
148 204 213.29999999999998
148 213 80.1
148 214 78.1
148 228 105.1
148 232 159.2
148 233 57.1
148 235 159.2
148 252 79.1
148 255 232.29999999999998
148 264 79.1
149 5 190.29999999999998
149 15 120.2
149 27 108.2
149 31 134.2
149 32 60.1
149 58 62.1
149 68 115.19999999999999
149 114 57.1
149 115 99.2
149 131 120.2
149 161 61.1
149 164 64.1
149 229 72.1
149 231 55.1
149 243 70.1
149 251 162.3
149 264 100.2
149 289 68.1
149 291 62.1
150 3 84.1
150 13 73.1
150 21 150.2
150 41 133.2
150 44 97.1
150 50 66.1
150 85 154.2
150 101 162.2
150 109 129.2
150 122 75.1
150 156 86.1
150 161 87.1
150 168 77.1
150 176 72.1
150 180 60.1
150 209 52.1
150 217 152.2
150 229 94.1
150 262 79.1
150 282 90.1
150 297 97.1
151 4 58.1
151 14 61.1
151 48 195.2
151 56 53.1
151 61 71.1
151 86 75.1
151 88 73.1
151 106 148.2
151 125 64.1
151 193 79.1
151 201 88.1
151 208 163.2
151 220 152.2
151 257 159.2
151 260 147.2
151 272 147.2
151 286 84.1
151 296 74.1
152 11 73.1
152 17 78.1
152 18 174.2
152 20 120.1
152 24 243.29999999999998
152 35 67.1
152 64 62.1
152 65 72.1
152 133 271.29999999999995
152 137 168.2
152 170 185.2
152 177 87.1
152 186 72.1
152 191 72.1
152 202 117.1
152 230 152.2
152 240 145.2
152 242 194.2
153 4 55.1
153 5 78.1
153 18 73.1
153 23 56.1
153 38 61.1
153 42 61.1
153 69 50.1
153 111 54.1
153 129 58.1
153 139 64.1
153 143 76.1
153 155 236.29999999999998
153 156 218.29999999999998
153 159 112.2
153 168 66.1
153 179 63.1
153 190 60.1
153 196 67.1
153 197 121.19999999999999
153 206 67.1
153 249 95.1
153 256 157.2
153 272 125.19999999999999
154 46 76.1
154 47 180.2
154 52 134.2
154 58 133.2
154 59 69.1
154 75 161.2
154 81 58.1
154 112 39.1
154 126 44.1
154 190 60.1
154 194 65.1
154 210 196.29999999999998
154 215 231.29999999999998
154 222 79.1
154 236 169.2
154 269 153.2
154 292 79.1
154 293 77.1
155 42 79.1
155 82 72.1
155 108 134.2
155 134 79.1
155 153 171.3
155 156 142.2
155 159 71.1
155 168 147.2
155 173 81.1
155 179 166.2
155 192 96.1
155 197 61.1
155 206 125.19999999999999
155 222 113.1
155 253 82.1
155 256 89.1
155 267 166.2
155 272 132.2
155 289 102.1
156 42 149.2
156 63 148.2
156 99 191.2
156 101 96.1
156 138 65.1
156 150 77.1
156 153 223.29999999999998
156 155 164.2
156 159 122.19999999999999
156 168 96.1
156 179 197.2
156 197 216.29999999999998
156 201 53.1
156 206 79.1
156 212 173.2
156 256 164.2
156 272 90.1
156 289 104.1
157 24 68.1
157 49 134.2
157 62 170.2
157 70 57.1
157 80 82.1
157 99 180.2
157 177 113.1
157 201 215.29999999999998
157 202 188.2
157 225 140.2
157 259 114.19999999999999
157 267 110.1
157 273 210.29999999999998
157 278 176.2
157 283 165.2
158 73 135.2
158 77 123.2
158 88 206.29999999999998
158 95 126.19999999999999
158 98 128.2
158 120 54.1
158 124 59.1
158 211 53.1
158 216 157.2
158 242 87.1
158 256 136.2
158 260 134.2
158 261 153.2
158 277 138.2
158 286 80.1
158 296 82.1
159 42 192.29999999999998
159 53 54.1
159 60 136.2
159 101 64.1
159 125 69.1
159 138 64.1
159 153 120.19999999999999
159 155 72.1
159 156 127.19999999999999
159 168 98.1
159 175 68.1
159 179 63.1
159 197 119.2
159 201 83.1
159 206 128.2
159 238 74.1
159 247 63.1
159 248 58.1
159 256 135.2
159 272 72.1
160 2 177.2
160 8 87.1
160 25 136.2
160 59 228.29999999999998
160 63 63.1
160 76 106.2
160 82 141.2
160 94 170.2
160 111 100.2
160 121 158.2
160 132 81.1
160 136 114.1
160 163 87.1
160 180 55.1
160 254 87.1
160 294 94.1
160 296 85.1
161 1 80.1
161 3 55.1
161 14 41.1
161 37 48.1
161 44 174.2
161 60 154.2
161 108 80.1
161 131 78.1
161 136 157.2
161 149 66.1
161 150 68.1
161 178 157.2
161 206 62.1
161 216 77.1
161 217 92.1
161 231 77.1
161 247 222.3
161 282 235.29999999999998
161 296 235.29999999999998
162 9 214.29999999999998
162 14 69.1
162 49 68.1
162 83 126.19999999999999
162 92 49.1
162 94 75.1
162 185 146.2
162 188 145.2
162 196 125.19999999999999
162 226 122.19999999999999
162 229 58.1
162 238 79.1
162 241 152.2
162 253 177.2
162 274 155.2
163 13 130.2
163 15 68.1
163 51 156.2
163 96 178.2
163 132 188.2
163 140 163.2
163 160 83.1
163 175 90.1
163 176 55.1
163 180 49.1
163 227 146.2
163 229 74.1
163 238 153.2
163 241 71.1
163 243 251.29999999999998
163 244 85.1
164 9 80.1
164 16 142.2
164 23 157.2
164 66 206.29999999999998
164 81 66.1
164 104 71.1
164 116 77.1
164 144 71.1
164 149 78.1
164 165 81.1
164 174 135.2
164 180 58.1
164 181 161.2
164 196 75.1
164 207 140.2
164 213 153.2
164 214 145.2
164 226 71.1
164 274 85.1
165 15 46.1
165 40 38.1
165 47 80.1
165 58 117.2
165 66 68.1
165 110 119.19999999999999
165 116 118.2
165 130 76.1
165 134 190.29999999999998
165 142 119.2
165 164 77.1
165 204 58.1
165 223 154.2
165 224 117.2
165 235 65.1
165 256 78.1
165 258 55.1
165 269 71.1
165 290 58.1
166 7 150.2
166 15 66.1
166 54 146.2
166 78 152.2
166 98 94.1
166 100 155.2
166 102 44.1
166 104 60.1
166 124 127.19999999999999
166 127 142.2
166 147 69.1
166 167 135.2
166 171 135.2
166 199 120.2
166 214 56.1
166 236 84.1
166 237 76.1
166 259 95.1
166 296 78.1
167 0 72.1
167 3 74.1
167 7 165.2
167 10 97.1
167 14 81.1
167 54 145.2
167 68 82.1
167 78 145.2
167 100 163.2
167 107 86.1
167 109 88.1
167 116 88.1
167 124 163.2
167 127 177.2
167 166 152.2
167 171 187.2
167 199 149.2
167 218 99.1
167 252 78.1
167 275 94.1
168 42 139.2
168 50 77.1
168 65 64.1
168 82 87.1
168 121 91.1
168 144 81.1
168 150 74.1
168 153 58.1
168 155 156.2
168 156 66.1
168 159 89.1
168 179 197.2
168 195 88.1
168 197 193.29999999999998
168 206 156.2
168 222 97.1
168 237 53.1
168 254 67.1
168 256 187.2
168 272 132.2
168 287 110.1
169 89 140.2
169 108 114.2
169 136 98.1
169 173 166.2
169 226 134.2
169 227 64.1
169 241 169.2
169 253 201.29999999999998
169 254 151.2
169 288 135.2
169 291 153.2
169 294 252.29999999999998
169 295 179.2
170 18 130.2
170 24 131.2
170 34 103.1
170 92 89.1
170 133 141.2
170 137 185.2
170 147 55.1
170 152 158.2
170 178 70.1
170 208 142.2
170 230 135.2
170 238 87.1
170 240 134.2
170 242 191.2
170 248 87.1
170 276 77.1
170 281 104.1
171 7 131.2
171 38 79.1
171 54 137.2
171 78 143.2
171 100 116.2
171 109 83.1
171 114 62.1
171 124 105.2
171 127 130.2
171 166 111.19999999999999
171 167 122.2
171 193 76.1
171 198 73.1
171 199 121.2
171 224 93.1
171 242 84.1
171 293 78.1
172 1 70.1
172 3 63.1
172 74 157.2
172 79 65.1
172 127 62.1
172 143 158.2
172 203 78.1
172 205 127.19999999999999
172 209 133.2
172 211 132.2
172 216 87.1
172 218 143.2
172 238 92.1
172 239 175.29999999999998
172 243 75.1
172 245 150.2
172 261 72.1
173 72 155.2
173 89 126.19999999999999
173 105 66.1
173 155 76.1
173 169 153.2
173 206 78.1
173 207 49.1
173 227 69.1
173 236 89.1
173 253 158.2
173 254 236.29999999999998
173 261 140.2
173 285 95.1
173 288 254.29999999999998
173 291 161.2
173 294 157.2
174 6 46.1
174 16 161.2
174 23 227.29999999999998
174 31 72.1
174 59 95.1
174 66 148.2
174 75 91.1
174 134 101.1
174 139 80.1
174 142 80.1
174 164 157.2
174 181 249.29999999999998
174 186 91.1
174 207 182.2
174 213 144.2
174 214 139.2
174 222 86.1
174 235 86.1
174 250 70.1
175 49 108.2
175 89 48.1
175 93 132.2
175 119 254.29999999999998
175 144 138.2
175 147 67.1
175 159 56.1
175 163 59.1
175 200 152.2
175 231 195.3
175 237 47.1
175 254 60.1
175 266 79.1
175 285 184.2
175 287 173.2
175 288 74.1
175 295 151.2
176 12 120.2
176 28 43.1
176 38 48.1
176 51 188.29999999999998
176 67 155.2
176 76 45.1
176 97 50.1
176 105 203.29999999999998
176 108 56.1
176 113 65.1
176 140 67.1
176 150 48.1
176 163 42.1
176 189 59.1
176 244 129.2
176 267 121.19999999999999
176 268 51.1
176 289 114.2
176 291 59.1
177 11 80.1
177 17 91.1
177 20 273.29999999999995
177 29 143.2
177 35 148.2
177 37 66.1
177 64 82.1
177 65 191.29999999999998
177 67 84.1
177 91 84.1
177 130 204.2
177 141 71.1
177 146 162.2
177 152 83.1
177 157 81.1
177 191 152.2
177 230 65.1
177 235 86.1
177 284 97.1
177 293 85.1
178 34 62.1
178 42 157.2
178 44 165.2
178 60 134.2
178 77 54.1
178 78 71.1
178 88 80.1
178 136 165.2
178 161 145.2
178 170 67.1
178 201 76.1
178 208 151.2
178 247 156.2
178 272 155.2
178 282 129.2
178 296 138.2
179 14 78.1
179 42 146.2
179 60 76.1
179 62 105.1
179 84 84.1
179 85 82.1
179 86 88.1
179 138 75.1
179 153 85.1
179 155 200.2
179 156 173.2
179 159 60.1
179 168 198.2
179 196 85.1
179 197 64.1
179 206 268.29999999999995
179 217 107.1
179 220 91.1
179 248 72.1
179 256 99.1
179 272 174.2
180 3 119.2
180 21 56.1
180 41 81.1
180 50 100.2
180 85 73.1
180 101 61.1
180 109 152.2
180 122 125.19999999999999
180 128 60.1
180 150 57.1
180 160 52.1
180 163 69.1
180 164 69.1
180 213 81.1
180 217 68.1
180 229 200.29999999999998
180 234 71.1
180 244 59.1
180 266 98.1
180 288 68.1
180 291 84.1
181 2 60.1
181 16 117.2
181 23 125.19999999999999
181 46 143.2
181 47 82.1
181 66 134.2
181 75 142.2
181 126 152.2
181 164 134.2
181 174 199.29999999999998
181 207 112.19999999999999
181 213 159.2
181 214 112.2
181 216 71.1
181 244 73.1
182 31 78.1
182 52 53.1
182 75 223.29999999999998
182 81 104.19999999999999
182 104 51.1
182 110 75.1
182 126 59.1
182 134 67.1
182 183 150.2
182 194 167.2
182 203 198.29999999999998
182 210 156.2
182 222 180.2
182 246 162.2
182 253 78.1
182 270 79.1
182 284 128.2
182 293 62.1
183 5 68.1
183 16 70.1
183 46 63.1
183 75 128.2
183 81 92.2
183 88 58.1
183 117 81.1
183 142 83.1
183 182 141.2
183 194 117.2
183 203 172.3
183 222 176.2
183 236 63.1
183 246 257.29999999999995
183 269 84.1
183 270 75.1
183 280 72.1
183 284 165.2
184 17 131.2
184 20 84.1
184 30 221.29999999999998
184 38 77.1
184 45 61.1
184 53 51.1
184 64 194.29999999999998
184 90 70.1
184 91 151.2
184 103 142.2
184 186 109.2
184 187 71.1
184 198 51.1
184 221 151.2
184 234 79.1
184 250 143.2
184 271 130.2
184 292 64.1
185 9 185.2
185 35 81.1
185 49 53.1
185 68 57.1
185 83 142.2
185 87 89.1
185 105 90.1
185 108 66.1
185 109 71.1
185 162 146.2
185 188 162.2
185 196 135.2
185 200 92.1
185 238 75.1
185 241 122.19999999999999
185 253 58.1
185 274 218.29999999999998
185 291 71.1
186 17 142.2
186 21 76.1
186 30 158.2
186 64 136.2
186 91 162.2
186 102 78.1
186 103 143.2
186 143 79.1
186 152 93.1
186 174 85.1
186 184 142.2
186 196 80.1
186 217 85.1
186 221 184.2
186 234 88.1
186 250 150.2
186 256 100.1
186 271 162.2
187 0 169.2
187 11 179.2
187 36 155.2
187 39 143.2
187 61 84.1
187 114 150.2
187 127 79.1
187 129 168.2
187 139 138.2
187 146 77.1
187 184 80.1
187 203 92.1
187 211 74.1
187 228 154.2
187 237 134.2
187 248 76.1
187 252 58.1
187 281 107.1
188 9 139.2
188 19 82.1
188 32 55.1
188 43 49.1
188 83 119.19999999999999
188 87 75.1
188 94 91.1
188 108 73.1
188 111 43.1
188 130 67.1
188 162 134.2
188 185 128.2
188 196 177.29999999999998
188 226 66.1
188 227 68.1
188 241 170.2
188 274 177.2
188 279 82.1
188 291 70.1
189 10 245.29999999999998
189 14 75.1
189 16 104.1
189 23 72.1
189 57 73.1
189 92 149.2
189 96 79.1
189 97 149.2
189 120 172.2
189 145 80.1
189 176 75.1
189 198 164.2
189 211 73.1
189 223 91.1
189 232 52.1
189 245 58.1
189 252 86.1
189 270 94.1
189 277 161.2
189 288 83.1
190 6 103.2
190 19 85.1
190 27 71.1
190 40 118.19999999999999
190 66 58.1
190 104 59.1
190 114 71.1
190 115 67.1
190 153 59.1
190 154 70.1
190 193 80.1
190 219 79.1
190 233 113.19999999999999
190 258 126.19999999999999
190 280 147.2
190 290 167.2
190 292 80.1
190 293 134.2
191 17 68.1
191 20 153.2
191 23 64.1
191 29 131.2
191 35 223.29999999999998
191 36 59.1
191 65 101.2
191 69 62.1
191 89 69.1
191 115 45.1
191 130 168.2
191 139 60.1
191 146 185.3
191 152 68.1
191 177 143.2
191 241 65.1
191 248 81.1
191 271 60.1
192 18 75.1
192 33 84.1
192 39 81.1
192 42 160.2
192 62 102.1
192 101 67.1
192 113 248.29999999999998
192 136 87.1
192 155 88.1
192 220 146.2
192 249 124.19999999999999
192 257 172.2
192 265 202.2
192 266 185.2
192 286 226.29999999999998
192 296 84.1
192 297 173.2
193 1 62.1
193 45 121.19999999999999
193 61 85.1
193 63 113.2
193 80 75.1
193 84 145.2
193 88 68.1
193 95 61.1
193 112 135.2
193 125 178.29999999999998
193 135 111.2
193 151 68.1
193 171 57.1
193 190 79.1
193 204 60.1
193 262 143.2
193 263 136.2
193 275 109.2
194 14 58.1
194 31 46.1
194 47 104.1
194 58 64.1
194 74 120.2
194 75 143.2
194 76 43.1
194 81 118.19999999999999
194 108 73.1
194 154 64.1
194 182 164.2
194 183 135.2
194 203 113.2
194 222 239.29999999999998
194 224 65.1
194 246 155.2
194 255 79.1
194 284 158.2
195 6 51.1
195 16 81.1
195 25 100.1
195 31 72.1
195 46 164.2
195 52 57.1
195 66 76.1
195 105 105.1
195 123 230.29999999999998
195 126 134.2
195 145 74.1
195 148 167.2
195 168 85.1
195 204 129.2
195 224 65.1
195 232 190.29999999999998
195 235 150.2
195 255 132.2
195 274 86.1
196 2 69.1
196 9 243.29999999999998
196 83 127.19999999999999
196 96 90.1
196 101 75.1
196 104 82.1
196 118 63.1
196 119 100.1
196 129 80.1
196 153 47.1
196 162 167.2
196 164 70.1
196 179 108.1
196 185 163.2
196 186 73.1
196 188 231.29999999999998
196 217 71.1
196 241 159.2
196 246 118.1
196 274 236.29999999999998
196 295 84.1
197 4 71.1
197 12 201.2
197 42 94.1
197 54 65.1
197 67 191.2
197 79 78.1
197 153 123.19999999999999
197 155 78.1
197 156 203.29999999999998
197 159 128.2
197 168 256.29999999999995
197 179 65.1
197 206 243.29999999999998
197 218 104.1
197 220 76.1
197 239 67.1
197 256 183.2
197 272 89.1
198 7 87.1
198 10 139.2
198 45 61.1
198 46 88.1
198 58 65.1
198 74 59.1
198 78 67.1
198 80 69.1
198 92 214.29999999999998
198 97 179.3
198 98 95.1
198 120 167.2
198 130 76.1
198 135 71.1
198 141 63.1
198 171 88.1
198 184 84.1
198 189 129.2
198 252 72.1
198 267 94.1
198 277 56.1
198 285 105.1
199 7 130.2
199 28 87.1
199 48 112.1
199 54 159.2
199 78 176.2
199 88 80.1
199 94 85.1
199 100 148.2
199 118 86.1
199 120 100.1
199 124 159.2
199 127 124.19999999999999
199 143 91.1
199 166 136.2
199 167 142.2
199 171 157.2
199 218 86.1
199 226 63.1
199 252 74.1
200 18 81.1
200 49 71.1
200 66 59.1
200 87 59.1
200 93 152.2
200 108 72.1
200 116 87.1
200 119 152.2
200 144 169.2
200 175 143.2
200 185 88.1
200 231 125.19999999999999
200 248 85.1
200 285 275.29999999999995
200 287 155.2
200 295 157.2
201 21 61.1
201 38 64.1
201 62 155.2
201 99 153.2
201 151 58.1
201 156 52.1
201 157 208.29999999999998
201 159 57.1
201 178 73.1
201 202 178.2
201 225 143.2
201 257 69.1
201 259 135.2
201 266 86.1
201 268 75.1
201 273 150.2
201 278 142.2
201 283 177.2
202 12 112.1
202 62 165.2
202 99 223.2
202 113 85.1
202 152 88.1
202 157 177.2
202 201 166.2
202 220 91.1
202 225 165.2
202 259 181.2
202 265 209.2
202 273 176.2
202 278 154.2
202 283 157.2
203 16 82.1
203 46 91.1
203 47 81.1
203 75 153.2
203 81 114.19999999999999
203 92 65.1
203 121 60.1
203 172 67.1
203 182 202.29999999999998
203 183 246.29999999999998
203 187 77.1
203 194 129.2
203 207 69.1
203 221 81.1
203 222 184.2
203 243 85.1
203 246 161.2
203 261 75.1
203 284 228.29999999999998
204 23 59.1
204 36 72.1
204 44 93.1
204 46 187.2
204 74 59.1
204 108 80.1
204 123 134.2
204 126 212.29999999999998
204 145 69.1
204 148 216.29999999999998
204 165 76.1
204 193 71.1
204 195 133.2
204 224 70.1
204 232 150.2
204 235 148.2
204 255 142.2
204 284 80.1
205 18 60.1
205 48 86.1
205 61 52.1
205 66 55.1
205 73 58.1
205 74 115.19999999999999
205 77 45.1
205 104 52.1
205 120 62.1
205 143 117.19999999999999
205 172 115.19999999999999
205 209 92.2
205 211 124.19999999999999
205 218 122.2
205 231 80.1
205 239 121.19999999999999
205 245 85.2
205 269 73.1
205 286 62.1
206 3 83.1
206 25 84.1
206 42 150.2
206 44 86.1
206 72 77.1
206 84 64.1
206 98 80.1
206 153 68.1
206 155 164.2
206 156 76.1
206 159 155.2
206 161 64.1
206 168 175.2
206 173 81.1
206 179 243.29999999999998
206 197 218.29999999999998
206 239 74.1
206 247 93.1
206 256 103.1
206 272 83.1
206 287 105.1
207 3 80.1
207 5 86.1
207 16 223.29999999999998
207 23 236.29999999999998
207 59 91.1
207 66 157.2
207 69 84.1
207 115 95.1
207 164 157.2
207 173 83.1
207 174 183.2
207 181 148.2
207 203 79.1
207 213 183.2
207 214 173.3
207 226 66.1
207 243 90.1
207 252 87.1
207 269 91.1
207 274 82.1
208 13 80.1
208 47 96.1
208 58 146.2
208 70 54.1
208 95 78.1
208 136 94.1
208 143 90.1
208 151 132.2
208 170 147.2
208 178 147.2
208 218 92.1
208 257 173.2
208 260 168.2
208 261 143.2
208 262 47.1
208 276 159.2
208 281 195.2
209 7 48.1
209 10 72.1
209 48 68.1
209 73 67.1
209 74 184.29999999999998
209 132 86.1
209 143 134.2
209 150 81.1
209 172 146.2
209 205 120.2
209 211 108.2
209 218 227.29999999999998
209 239 145.2
209 245 171.29999999999998
209 275 61.1
209 281 170.2
210 14 54.1
210 40 65.1
210 47 163.2
210 52 110.2
210 75 139.2
210 92 41.1
210 115 53.1
210 134 125.19999999999999
210 154 178.3
210 182 140.2
210 215 122.19999999999999
210 222 176.2
210 236 145.2
210 269 146.2
210 270 134.2
210 285 80.1
211 16 80.1
211 53 56.1
211 73 76.1
211 74 165.3
211 88 49.1
211 107 63.1
211 143 129.2
211 158 55.1
211 172 115.2
211 187 62.1
211 189 65.1
211 205 142.2
211 209 130.2
211 218 158.2
211 239 103.2
211 245 101.2
211 268 64.1
211 275 57.1
212 14 188.3
212 22 126.19999999999999
212 38 68.1
212 68 54.1
212 69 209.29999999999998
212 72 85.1
212 85 92.1
212 102 89.1
212 109 72.1
212 124 65.1
212 138 139.2
212 141 264.29999999999995
212 156 182.2
212 213 77.1
212 214 63.1
212 220 87.1
212 229 64.1
212 247 78.1
212 248 152.2
212 249 71.1
213 9 96.1
213 16 174.2
213 23 139.2
213 66 151.2
213 131 70.1
213 142 94.1
213 145 153.2
213 148 84.1
213 164 159.2
213 174 143.2
213 180 67.1
213 181 158.2
213 207 159.2
213 212 60.1
213 214 180.3
213 216 87.1
213 233 82.1
214 16 155.2
214 23 135.2
214 38 75.1
214 55 73.1
214 56 68.1
214 66 131.2
214 76 75.1
214 104 73.1
214 139 60.1
214 148 67.1
214 164 177.2
214 166 92.1
214 174 167.2
214 181 138.2
214 207 166.3
214 212 65.1
214 213 204.29999999999998
214 233 69.1
214 264 58.1
215 19 99.1
215 32 66.1
215 47 187.2
215 52 236.29999999999998
215 59 76.1
215 82 88.1
215 90 83.1
215 117 72.1
215 134 69.1
215 154 246.29999999999998
215 210 185.2
215 229 70.1
215 231 69.1
215 232 66.1
215 236 196.2
215 241 75.1
215 246 180.2
215 261 67.1
215 269 297.29999999999995
216 73 138.2
216 77 124.19999999999999
216 88 119.19999999999999
216 95 214.29999999999998
216 98 162.2
216 113 95.1
216 158 175.2
216 161 63.1
216 172 71.1
216 181 68.1
216 213 77.1
216 239 82.1
216 257 82.1
216 260 179.2
216 261 186.2
216 269 88.1
216 277 162.2
217 3 67.1
217 13 75.1
217 21 152.2
217 41 161.2
217 50 81.1
217 69 74.1
217 85 166.2
217 101 206.2
217 106 86.1
217 109 83.1
217 122 89.1
217 138 93.1
217 150 142.2
217 161 104.1
217 179 87.1
217 180 85.1
217 186 82.1
217 196 87.1
217 229 74.1
218 48 92.1
218 74 171.2
218 77 45.1
218 143 140.2
218 167 52.1
218 172 123.19999999999999
218 197 85.1
218 199 70.1
218 205 132.2
218 208 71.1
218 209 186.29999999999998
218 211 139.2
218 239 136.2
218 245 157.2
218 297 115.1
219 19 194.2
219 23 73.1
219 27 73.1
219 43 140.2
219 74 65.1
219 109 72.1
219 115 84.1
219 117 249.29999999999998
219 145 133.2
219 190 76.1
219 223 80.1
219 233 88.1
219 235 87.1
219 246 115.1
219 258 72.1
219 270 167.2
219 279 173.2
219 290 100.1
219 292 264.29999999999995
220 62 81.1
220 69 62.1
220 85 66.1
220 101 55.1
220 102 76.1
220 113 157.2
220 151 150.2
220 179 84.1
220 192 142.2
220 197 72.1
220 202 93.1
220 212 73.1
220 249 130.2
220 265 176.2
220 266 261.29999999999995
220 286 155.2
220 297 191.2
221 0 57.1
221 17 153.2
221 30 137.2
221 55 60.1
221 64 147.2
221 87 49.1
221 91 239.29999999999998
221 103 215.29999999999998
221 184 171.2
221 186 140.2
221 203 84.1
221 225 70.1
221 250 162.2
221 271 161.2
221 272 71.1
221 276 76.1
222 47 103.1
222 75 145.2
222 81 141.2
222 116 86.1
222 122 69.1
222 154 60.1
222 155 84.1
222 168 82.1
222 174 72.1
222 182 167.2
222 183 185.2
222 194 230.29999999999998
222 203 162.2
222 210 160.2
222 235 79.1
222 244 71.1
222 246 175.2
222 284 248.29999999999998
223 23 63.1
223 27 73.1
223 40 74.1
223 58 103.19999999999999
223 72 37.1
223 81 54.1
223 109 67.1
223 110 147.2
223 115 78.1
223 116 130.2
223 134 123.19999999999999
223 142 198.29999999999998
223 165 143.2
223 189 59.1
223 219 70.1
223 224 117.19999999999999
223 233 55.1
223 258 112.2
223 290 66.1
224 17 70.1
224 58 133.2
224 66 72.1
224 72 47.1
224 81 55.1
224 86 68.1
224 95 66.1
224 110 189.29999999999998
224 116 149.2
224 126 75.1
224 134 127.19999999999999
224 142 120.19999999999999
224 165 118.2
224 171 66.1
224 194 72.1
224 195 68.1
224 204 64.1
224 223 154.2
224 231 71.1
224 241 72.1
225 29 70.1
225 34 62.1
225 62 232.29999999999998
225 99 127.19999999999999
225 113 67.1
225 157 129.2
225 201 129.2
225 202 156.2
225 221 62.1
225 230 55.1
225 242 76.1
225 259 136.2
225 273 150.2
225 278 109.2
225 283 154.2
226 11 59.1
226 33 114.2
226 38 149.2
226 50 79.1
226 57 127.19999999999999
226 72 133.2
226 83 51.1
226 87 178.29999999999998
226 111 57.1
226 138 120.2
226 162 133.2
226 164 73.1
226 169 166.2
226 188 60.1
226 199 51.1
226 207 65.1
226 241 129.2
226 274 78.1
227 13 193.29999999999998
227 43 53.1
227 76 43.1
227 83 59.1
227 92 56.1
227 96 152.2
227 132 167.2
227 133 65.1
227 140 124.19999999999999
227 163 122.19999999999999
227 169 55.1
227 173 79.1
227 188 76.1
227 238 132.2
227 243 146.2
227 288 138.2
227 294 62.1
228 0 136.2
228 11 143.2
228 17 71.1
228 24 39.1
228 36 104.2
228 39 137.2
228 96 98.1
228 102 58.1
228 114 110.2
228 124 64.1
228 129 118.19999999999999
228 139 109.2
228 148 75.1
228 187 124.19999999999999
228 237 126.19999999999999
228 259 59.1
229 3 195.2
229 14 51.1
229 21 171.2
229 25 92.1
229 37 59.1
229 41 68.1
229 50 133.2
229 60 86.1
229 72 92.1
229 85 83.1
229 87 65.1
229 92 68.1
229 96 70.1
229 101 98.1
229 109 175.2
229 122 145.2
229 149 60.1
229 150 76.1
229 162 93.1
229 163 92.1
229 180 216.29999999999998
229 212 65.1
229 215 77.1
229 217 82.1
230 1 67.1
230 18 191.29999999999998
230 24 111.2
230 35 54.1
230 65 48.1
230 74 80.1
230 79 60.1
230 133 143.2
230 137 141.2
230 152 142.2
230 170 146.2
230 177 71.1
230 225 63.1
230 240 133.2
230 242 156.2
230 268 77.1
230 271 80.1
230 276 66.1
230 281 87.1
231 50 60.1
231 57 73.1
231 78 57.1
231 93 174.2
231 119 135.2
231 124 54.1
231 127 53.1
231 144 206.29999999999998
231 149 64.1
231 161 62.1
231 175 199.29999999999998
231 200 133.2
231 205 62.1
231 215 74.1
231 224 67.1
231 285 160.2
231 287 250.29999999999998
231 295 150.2
232 6 46.1
232 20 87.1
232 36 56.1
232 46 159.2
232 64 82.1
232 83 64.1
232 123 152.2
232 126 141.2
232 148 147.2
232 189 68.1
232 195 180.29999999999998
232 204 142.2
232 215 64.1
232 235 143.2
232 236 169.2
232 246 98.1
232 255 137.2
232 279 73.1
233 6 82.2
233 9 72.1
233 19 92.1
233 38 74.1
233 40 131.2
233 104 87.1
233 111 58.1
233 148 66.1
233 190 151.2
233 213 81.1
233 214 65.1
233 219 86.1
233 223 93.1
233 258 137.2
233 279 81.1
233 280 175.2
233 290 152.2
233 292 67.1
233 293 147.2
234 0 64.1
234 1 129.2
234 8 58.1
234 26 129.2
234 29 57.1
234 34 160.2
234 40 62.1
234 70 123.19999999999999
234 71 112.2
234 79 138.2
234 83 68.1
234 118 137.2
234 144 94.1
234 147 112.2
234 180 69.1
234 184 64.1
234 186 72.1
234 249 79.1
234 268 105.2
235 31 44.1
235 43 60.1
235 46 219.29999999999998
235 66 57.1
235 112 71.1
235 123 156.3
235 126 129.2
235 148 123.19999999999999
235 165 73.1
235 174 73.1
235 177 75.1
235 195 122.19999999999999
235 204 119.19999999999999
235 219 83.1
235 222 78.1
235 232 128.2
235 239 59.1
235 240 79.1
235 255 134.2
236 22 63.1
236 47 287.29999999999995
236 49 66.1
236 52 241.29999999999998
236 55 58.1
236 104 136.2
236 117 163.2
236 119 74.1
236 134 101.1
236 154 167.2
236 166 71.1
236 173 88.1
236 183 82.1
236 210 155.2
236 215 195.2
236 232 158.2
236 269 190.2
236 279 80.1
237 0 140.2
237 8 83.1
237 11 134.2
237 24 55.1
237 36 124.19999999999999
237 39 135.2
237 71 50.1
237 114 109.2
237 129 125.19999999999999
237 139 113.2
237 166 55.1
237 168 63.1
237 175 61.1
237 187 119.2
237 228 143.2
237 276 61.1
238 13 145.2
238 51 157.2
238 87 68.1
238 96 207.29999999999998
238 114 57.1
238 116 90.1
238 132 254.29999999999998
238 140 150.2
238 159 85.1
238 162 76.1
238 163 145.2
238 170 73.1
238 172 76.1
238 185 72.1
238 227 168.2
238 243 143.2
238 294 65.1
239 43 59.1
239 74 156.2
239 88 54.1
239 104 48.1
239 120 71.1
239 143 140.2
239 172 174.29999999999998
239 197 47.1
239 205 131.2
239 206 81.1
239 209 153.2
239 211 123.2
239 216 76.1
239 218 131.2
239 235 80.1
239 245 152.3
239 261 65.1
240 18 111.2
240 24 131.2
240 39 59.1
240 61 67.1
240 93 102.1
240 130 89.1
240 133 138.2
240 137 152.2
240 146 116.19999999999999
240 152 131.2
240 170 126.19999999999999
240 230 113.2
240 235 74.1
240 242 158.2
240 259 77.1
240 276 72.1
240 284 85.1
241 9 126.19999999999999
241 47 89.1
241 57 66.1
241 72 82.1
241 81 51.1
241 83 174.3
241 162 149.2
241 163 59.1
241 169 144.2
241 185 138.2
241 188 142.2
241 191 58.1
241 196 107.2
241 215 89.1
241 224 77.1
241 226 118.19999999999999
241 274 134.2
242 1 77.1
242 18 149.2
242 24 149.2
242 26 98.1
242 69 80.1
242 114 59.1
242 133 239.29999999999998
242 135 63.1
242 137 194.2
242 146 70.1
242 147 76.1
242 152 184.2
242 158 93.1
242 170 202.2
242 171 60.1
242 225 72.1
242 230 141.2
242 240 159.2
242 277 97.1
242 281 85.1
243 5 65.1
243 13 211.29999999999998
243 33 79.1
243 79 91.1
243 96 146.2
243 104 124.19999999999999
243 111 53.1
243 132 166.2
243 140 157.2
243 149 55.1
243 163 231.29999999999998
243 172 64.1
243 203 61.1
243 207 76.1
243 227 148.2
243 238 133.2
244 2 67.1
244 10 73.1
244 12 155.2
244 13 73.1
244 38 56.1
244 51 149.2
244 67 164.2
244 90 61.1
244 105 157.2
244 121 64.1
244 122 64.1
244 163 74.1
244 176 109.2
244 180 61.1
244 181 63.1
244 222 103.1
244 267 216.29999999999998
244 289 255.29999999999998
244 294 66.1
245 14 62.1
245 26 55.1
245 74 123.19999999999999
245 92 59.1
245 104 73.1
245 127 61.1
245 135 63.1
245 143 209.29999999999998
245 172 163.2
245 189 73.1
245 205 137.2
245 209 165.29999999999998
245 211 126.19999999999999
245 218 188.2
245 239 184.29999999999998
245 255 75.1
245 275 77.1
246 59 53.1
246 75 147.2
246 81 121.2
246 92 81.1
246 93 78.1
246 117 67.1
246 182 147.2
246 183 243.29999999999998
246 194 141.2
246 196 68.1
246 203 163.2
246 215 167.2
246 219 82.1
246 222 166.2
246 232 94.1
246 267 97.1
246 284 164.2
246 295 88.1
247 8 75.1
247 44 190.2
247 60 182.2
247 72 90.1
247 81 67.1
247 84 98.1
247 95 163.2
247 97 80.1
247 102 52.1
247 136 289.29999999999995
247 159 59.1
247 161 254.29999999999998
247 178 161.2
247 206 89.1
247 212 54.1
247 282 190.2
247 294 105.1
247 296 146.2
248 14 126.19999999999999
248 22 178.29999999999998
248 37 158.2
248 45 53.1
248 48 102.1
248 53 88.1
248 63 66.1
248 69 150.2
248 84 139.2
248 92 72.1
248 125 59.1
248 135 62.1
248 141 155.2
248 159 59.1
248 170 78.1
248 179 74.1
248 187 60.1
248 191 76.1
248 200 81.1
248 212 137.2
249 62 81.1
249 71 56.1
249 77 88.2
249 103 78.1
249 106 67.1
249 113 158.2
249 128 85.1
249 153 80.1
249 192 144.2
249 212 53.1
249 220 140.2
249 234 60.1
249 265 268.29999999999995
249 266 268.29999999999995
249 273 72.1
249 286 138.2
249 297 193.2
250 17 158.2
250 30 142.2
250 64 200.29999999999998
250 70 136.2
250 91 188.2
250 103 154.2
250 118 143.2
250 133 176.2
250 174 78.1
250 184 156.2
250 186 133.2
250 221 148.2
250 271 164.2
251 5 130.2
251 15 130.2
251 27 133.2
251 31 144.2
251 68 178.29999999999998
251 93 93.1
251 111 66.1
251 115 162.2
251 131 188.3
251 141 62.1
251 149 212.29999999999998
251 264 144.2
251 287 98.1
251 295 79.1
252 0 84.1
252 3 70.1
252 10 60.1
252 22 129.2
252 36 64.1
252 57 81.1
252 68 79.1
252 73 71.1
252 82 88.1
252 92 134.2
252 94 71.1
252 97 56.1
252 102 68.1
252 111 56.1
252 115 54.1
252 120 70.1
252 131 101.1
252 141 139.2
252 148 87.1
252 167 46.1
252 187 64.1
252 189 87.1
252 198 75.1
252 199 65.1
252 207 67.1
253 75 62.1
253 89 123.19999999999999
253 108 122.19999999999999
253 155 74.1
253 162 147.2
253 169 182.29999999999998
253 173 150.2
253 182 76.1
253 185 62.1
253 254 238.29999999999998
253 258 74.1
253 288 126.19999999999999
253 291 183.29999999999998
253 294 140.2
254 49 122.19999999999999
254 50 52.1
254 89 176.29999999999998
254 108 136.2
254 160 67.1
254 168 60.1
254 169 140.2
254 173 228.29999999999998
254 175 64.1
254 253 181.29999999999998
254 263 46.1
254 288 138.2
254 291 129.2
254 294 143.2
255 15 59.1
255 28 77.1
255 40 78.1
255 46 149.2
255 76 62.1
255 80 59.1
255 83 66.1
255 117 77.1
255 123 144.2
255 126 138.2
255 148 176.29999999999998
255 194 93.1
255 195 146.2
255 204 116.2
255 232 129.2
255 235 130.2
255 245 66.1
255 284 71.1
255 290 74.1
256 27 76.1
256 42 166.2
256 45 71.1
256 56 116.1
256 100 68.1
256 114 64.1
256 128 91.1
256 153 136.2
256 155 95.1
256 156 160.2
256 158 156.2
256 159 149.2
256 165 73.1
256 168 171.2
256 179 91.1
256 186 75.1
256 197 139.2
256 206 88.1
256 262 67.1
256 266 94.1
256 272 181.2
256 283 126.1
257 10 60.1
257 33 77.1
257 34 168.2
257 41 56.1
257 48 181.2
257 95 75.1
257 97 51.1
257 98 146.2
257 141 77.1
257 151 134.2
257 192 136.2
257 201 68.1
257 208 117.2
257 216 83.1
257 260 92.1
257 261 146.2
257 276 140.2
257 281 79.1
258 6 80.2
258 27 54.1
258 40 101.2
258 47 78.1
258 110 53.1
258 126 55.1
258 130 54.1
258 165 53.1
258 190 119.2
258 219 55.1
258 223 110.2
258 233 128.2
258 253 90.1
258 280 107.2
258 284 50.1
258 290 91.2
258 293 113.2
259 21 76.1
259 62 248.29999999999998
259 96 77.1
259 99 146.2
259 157 126.19999999999999
259 166 70.1
259 201 166.2
259 202 194.2
259 225 139.2
259 228 61.1
259 240 81.1
259 273 221.29999999999998
259 278 137.2
259 283 155.2
260 46 76.1
260 48 186.2
260 54 58.1
260 73 175.2
260 77 137.3
260 88 147.2
260 95 139.2
260 98 131.2
260 151 137.2
260 158 123.19999999999999
260 208 153.2
260 216 171.2
260 257 90.1
260 261 65.1
260 277 148.2
261 88 70.1
261 119 124.19999999999999
261 120 64.1
261 124 59.1
261 142 63.1
261 158 134.2
261 172 62.1
261 173 133.2
261 203 64.1
261 208 117.2
261 215 52.1
261 216 154.2
261 239 45.1
261 257 131.2
261 260 59.1
261 268 57.1
261 269 76.1
261 296 81.1
262 1 58.1
262 45 121.19999999999999
262 54 56.1
262 63 135.2
262 80 61.1
262 84 124.19999999999999
262 91 58.1
262 112 118.19999999999999
262 125 81.2
262 135 126.19999999999999
262 150 50.1
262 193 118.19999999999999
262 208 46.1
262 256 69.1
262 263 152.2
262 275 105.2
262 281 58.1
263 4 76.1
263 37 81.1
263 45 128.2
263 63 138.2
263 67 97.1
263 69 75.1
263 84 216.29999999999998
263 85 64.1
263 86 59.1
263 112 144.2
263 118 86.1
263 125 206.29999999999998
263 135 139.2
263 193 161.2
263 254 91.1
263 262 157.2
263 275 204.29999999999998
264 2 59.1
264 5 146.2
264 9 78.1
264 15 137.2
264 17 71.1
264 27 130.2
264 31 147.2
264 41 76.1
264 53 49.1
264 68 122.19999999999999
264 82 64.1
264 115 129.2
264 131 198.29999999999998
264 147 79.1
264 148 75.1
264 149 135.2
264 214 66.1
264 251 138.2
265 12 213.2
265 28 110.2
265 42 128.2
265 67 74.1
265 113 165.2
265 132 87.1
265 192 173.2
265 202 175.2
265 220 149.2
265 249 211.29999999999998
265 266 169.2
265 286 161.2
265 297 178.2
266 38 94.1
266 67 98.1
266 69 72.1
266 113 181.2
266 121 75.1
266 144 88.1
266 175 74.1
266 180 69.1
266 192 173.2
266 201 74.1
266 220 284.29999999999995
266 249 262.29999999999995
266 256 109.1
266 265 202.2
266 286 272.29999999999995
266 297 225.2
267 2 72.1
267 10 82.1
267 12 255.29999999999998
267 51 253.29999999999998
267 67 166.2
267 105 144.2
267 120 171.2
267 142 75.1
267 155 174.2
267 157 85.1
267 176 146.2
267 198 73.1
267 244 234.29999999999998
267 246 92.1
267 289 169.2
268 1 118.19999999999999
268 26 118.2
268 52 70.1
268 70 102.2
268 71 119.19999999999999
268 73 68.1
268 79 107.2
268 118 156.3
268 130 59.1
268 147 139.2
268 176 44.1
268 201 74.1
268 211 72.1
268 230 68.1
268 234 125.19999999999999
268 261 83.1
269 19 51.1
269 46 118.2
269 47 131.2
269 52 112.2
269 93 71.1
269 104 62.1
269 120 103.2
269 154 118.2
269 165 54.1
269 183 55.1
269 205 57.1
269 207 46.1
269 210 126.19999999999999
269 215 188.29999999999998
269 216 71.1
269 236 164.2
269 261 72.1
269 284 138.2
270 19 236.29999999999998
270 40 61.1
270 43 143.2
270 110 58.1
270 117 170.2
270 123 46.1
270 126 79.1
270 145 106.2
270 182 71.1
270 183 69.1
270 189 65.1
270 210 172.2
270 219 130.2
270 279 135.2
270 280 167.2
270 284 48.1
270 290 83.1
270 292 144.2
271 11 87.1
271 17 122.19999999999999
271 24 51.1
271 29 54.1
271 30 134.2
271 39 57.1
271 64 116.19999999999999
271 70 57.1
271 91 139.2
271 103 130.2
271 146 56.1
271 184 123.19999999999999
271 186 106.19999999999999
271 191 61.1
271 221 145.2
271 230 68.1
271 250 142.2
272 1 56.1
272 9 60.1
272 35 62.1
272 42 172.3
272 44 68.1
272 99 53.1
272 107 63.1
272 151 136.2
272 153 106.2
272 155 123.19999999999999
272 156 54.1
272 159 55.1
272 168 118.19999999999999
272 178 124.19999999999999
272 179 111.2
272 197 62.1
272 206 51.1
272 221 60.1
272 256 137.2
273 32 80.1
273 56 65.1
273 62 147.2
273 86 73.1
273 90 86.1
273 99 168.2
273 114 62.1
273 157 261.29999999999995
273 201 154.2
273 202 198.2
273 225 153.2
273 249 99.1
273 259 236.29999999999998
273 278 152.2
273 283 159.2
274 9 143.2
274 33 71.1
274 41 67.1
274 72 150.2
274 83 208.29999999999998
274 104 130.2
274 111 67.1
274 162 169.2
274 164 86.1
274 185 208.29999999999998
274 188 196.2
274 195 71.1
274 196 226.29999999999998
274 207 83.1
274 226 62.1
274 241 151.2
275 7 65.1
275 10 65.1
275 45 131.2
275 63 120.19999999999999
275 84 123.19999999999999
275 95 50.1
275 97 104.2
275 112 139.2
275 125 112.2
275 135 105.2
275 167 44.1
275 193 140.2
275 209 59.1
275 211 71.1
275 245 61.1
275 262 116.2
275 263 192.29999999999998
276 10 67.1
276 20 102.1
276 24 48.1
276 29 59.1
276 34 151.2
276 35 72.1
276 36 59.1
276 70 58.1
276 84 67.1
276 91 61.1
276 97 44.1
276 118 68.1
276 137 153.2
276 170 81.1
276 208 151.2
276 221 67.1
276 230 45.1
276 237 57.1
276 240 78.1
276 257 148.2
276 281 165.2
277 22 71.1
277 48 106.1
277 73 158.2
277 77 113.19999999999999
277 84 65.1
277 88 137.2
277 95 137.2
277 98 241.29999999999998
277 107 164.2
277 141 77.1
277 158 144.2
277 189 148.2
277 198 62.1
277 216 143.2
277 242 92.1
277 260 148.2
278 3 36.1
278 28 63.1
278 32 59.1
278 62 116.19999999999999
278 65 37.1
278 69 49.1
278 86 55.1
278 99 120.19999999999999
278 106 73.1
278 157 133.2
278 201 131.2
278 202 153.2
278 225 103.2
278 259 107.19999999999999
278 273 134.2
278 283 167.2
279 19 174.2
279 29 76.1
279 43 110.2
279 45 65.1
279 52 62.1
279 78 58.1
279 108 71.1
279 117 145.2
279 123 75.1
279 142 84.1
279 145 202.29999999999998
279 147 88.1
279 188 77.1
279 219 142.2
279 232 75.1
279 233 73.1
279 236 97.1
279 270 165.2
279 292 129.2
280 5 47.1
280 6 101.19999999999999
280 40 125.19999999999999
280 43 52.1
280 82 66.1
280 110 65.1
280 117 96.1
280 126 70.1
280 131 71.1
280 183 68.1
280 190 155.2
280 233 153.2
280 258 119.2
280 270 147.2
280 288 74.1
280 290 135.2
280 293 144.2
281 17 72.1
281 18 189.2
281 22 35.1
281 30 65.1
281 34 73.1
281 35 59.1
281 39 63.1
281 48 178.2
281 108 63.1
281 129 89.1
281 137 148.2
281 170 84.1
281 187 94.1
281 208 171.2
281 209 126.19999999999999
281 230 60.1
281 242 80.1
281 257 63.1
281 262 60.1
281 276 150.2
282 41 85.1
282 44 266.29999999999995
282 49 134.2
282 51 178.2
282 60 175.2
282 109 89.1
282 118 68.1
282 122 90.1
282 136 185.2
282 138 80.1
282 150 84.1
282 161 232.29999999999998
282 178 172.2
282 247 179.2
282 296 183.2
283 22 44.1
283 28 51.1
283 61 42.1
283 62 108.19999999999999
283 78 75.1
283 79 70.1
283 86 60.1
283 99 127.19999999999999
283 106 67.1
283 157 151.2
283 201 136.2
283 202 145.2
283 225 104.2
283 256 57.1
283 259 147.2
283 273 122.2
283 278 118.2
283 286 80.1
284 20 80.1
284 43 67.1
284 75 165.2
284 81 178.29999999999998
284 123 60.1
284 177 69.1
284 182 132.2
284 183 173.2
284 194 156.2
284 203 213.29999999999998
284 204 63.1
284 222 260.29999999999995
284 240 82.1
284 246 190.2
284 255 52.1
284 258 48.1
284 269 160.2
284 270 44.1
285 11 50.1
285 12 91.1
285 20 110.1
285 47 71.1
285 49 50.1
285 93 161.2
285 104 51.1
285 119 144.2
285 125 51.1
285 128 81.1
285 144 214.29999999999998
285 173 60.1
285 175 158.2
285 198 55.1
285 200 237.29999999999998
285 210 66.1
285 231 127.19999999999999
285 287 184.2
285 295 160.2
286 22 62.1
286 60 67.1
286 69 62.1
286 113 201.2
286 128 95.1
286 151 68.1
286 158 65.1
286 192 248.29999999999998
286 205 44.1
286 220 178.2
286 249 158.2
286 265 182.2
286 266 284.29999999999995
286 283 75.1
286 297 301.29999999999995
287 22 53.1
287 33 47.1
287 51 73.1
287 69 67.1
287 85 46.1
287 93 180.2
287 105 85.1
287 119 156.2
287 144 225.29999999999998
287 168 93.1
287 175 119.19999999999999
287 200 134.2
287 206 78.1
287 231 189.29999999999998
287 251 54.1
287 285 153.2
287 295 263.29999999999995
288 89 105.2
288 119 130.2
288 140 57.1
288 169 110.2
288 173 187.29999999999998
288 175 56.1
288 180 56.1
288 189 56.1
288 227 115.2
288 253 117.2
288 254 124.19999999999999
288 280 52.1
288 291 120.19999999999999
288 294 134.2
289 12 170.2
289 25 69.1
289 33 52.1
289 50 44.1
289 51 143.2
289 58 61.1
289 67 163.2
289 73 69.1
289 105 146.2
289 120 69.1
289 149 63.1
289 155 85.1
289 156 93.1
289 176 126.19999999999999
289 244 196.29999999999998
289 267 148.2
290 6 94.2
290 19 74.1
290 23 63.1
290 40 138.2
290 94 65.1
290 110 63.1
290 115 59.1
290 116 84.1
290 165 65.1
290 190 163.2
290 219 75.1
290 223 65.1
290 233 122.2
290 255 60.1
290 258 94.2
290 270 70.1
290 280 124.19999999999999
290 293 146.2
291 25 63.1
291 41 59.1
291 76 62.1
291 87 155.2
291 89 127.19999999999999
291 149 66.1
291 169 137.2
291 173 138.2
291 176 61.1
291 180 56.1
291 185 68.1
291 188 69.1
291 253 172.29999999999998
291 254 136.2
291 288 126.19999999999999
291 294 140.2
292 6 49.1
292 19 146.2
292 40 76.1
292 43 130.2
292 65 63.1
292 104 59.1
292 110 51.1
292 117 139.2
292 131 58.1
292 142 46.1
292 145 126.19999999999999
292 154 75.1
292 184 56.1
292 190 68.1
292 219 231.29999999999998
292 233 56.1
292 270 134.2
292 279 152.2
292 293 75.1
293 6 106.2
293 11 64.1
293 19 90.1
293 22 63.1
293 40 139.2
293 52 66.1
293 123 81.1
293 145 54.1
293 154 73.1
293 171 60.1
293 177 74.1
293 182 59.1
293 190 141.2
293 233 147.2
293 258 150.2
293 280 163.2
293 290 161.2
293 292 69.1
294 89 151.2
294 105 88.1
294 121 54.1
294 131 68.1
294 132 160.2
294 160 54.1
294 169 212.29999999999998
294 173 147.2
294 227 51.1
294 238 63.1
294 244 71.1
294 247 81.1
294 253 132.2
294 254 112.2
294 288 142.2
294 291 113.19999999999999
295 54 48.1
295 59 60.1
295 80 59.1
295 93 122.19999999999999
295 119 135.2
295 142 56.1
295 144 148.2
295 169 129.2
295 175 141.2
295 196 57.1
295 200 129.2
295 231 116.2
295 246 69.1
295 251 37.1
295 285 150.2
295 287 234.29999999999998
296 4 58.1
296 26 59.1
296 44 158.2
296 60 99.2
296 113 81.1
296 136 151.2
296 151 56.1
296 158 71.1
296 160 60.1
296 161 192.29999999999998
296 166 56.1
296 178 129.2
296 192 74.1
296 247 122.2
296 261 73.1
296 282 152.2
297 7 57.1
297 22 55.1
297 28 60.1
297 38 54.1
297 42 101.2
297 69 49.1
297 101 50.1
297 106 56.1
297 113 144.2
297 150 52.1
297 192 125.19999999999999
297 218 55.1
297 220 135.2
297 249 156.2
297 265 144.2
297 266 139.2
297 286 218.29999999999998
