0 7 81.1
0 13 97.1
0 16 85.1
0 36 139.2
0 38 55.1
0 49 70.1
0 51 138.2
0 85 83.1
0 91 176.2
0 106 82.1
0 127 185.3
0 130 148.2
0 174 174.2
0 180 141.2
0 196 99.1
0 203 98.1
0 218 76.1
0 224 149.2
0 248 137.2
1 2 42.1
1 5 141.2
1 6 126.19999999999999
1 7 53.1
1 24 62.1
1 34 51.1
1 62 73.1
1 63 87.1
1 65 51.1
1 91 77.1
1 95 69.1
1 101 66.1
1 116 142.2
1 121 71.1
1 145 127.19999999999999
1 152 79.1
1 154 68.1
1 172 71.1
1 173 69.1
1 185 64.1
1 187 126.19999999999999
1 204 68.1
1 206 64.1
1 268 91.1
1 271 73.1
1 272 55.1
1 274 59.1
2 1 65.1
2 6 69.1
2 14 251.29999999999998
2 39 135.2
2 41 155.2
2 43 208.2
2 48 54.1
2 55 161.2
2 70 83.1
2 123 258.29999999999995
2 124 87.1
2 143 109.1
2 145 93.1
2 152 275.29999999999995
2 162 72.1
2 194 157.2
2 225 67.1
2 245 82.1
2 267 60.1
2 280 69.1
3 4 89.1
3 6 66.1
3 7 91.1
3 18 193.2
3 23 155.2
3 30 158.2
3 39 86.1
3 70 302.29999999999995
3 80 192.2
3 92 86.1
3 116 100.1
3 127 83.1
3 134 94.1
3 139 150.1
3 146 174.2
3 154 109.1
3 163 240.29999999999998
3 189 98.1
3 195 103.1
3 225 93.1
3 239 87.1
3 248 90.1
4 3 83.1
4 7 107.1
4 12 130.2
4 25 116.1
4 29 166.2
4 42 230.2
4 76 148.1
4 111 133.2
4 112 177.2
4 120 73.1
4 125 91.1
4 132 222.2
4 139 189.2
4 145 87.1
4 152 124.1
4 208 100.1
4 254 235.29999999999998
4 258 182.2
4 273 85.1
5 1 143.2
5 6 67.1
5 7 82.1
5 9 244.29999999999998
5 11 176.2
5 34 169.2
5 48 155.2
5 50 97.1
5 57 95.1
5 59 160.2
5 64 158.2
5 97 152.2
5 121 68.1
5 136 82.1
5 147 100.1
5 151 74.1
5 179 110.1
5 190 57.1
5 192 65.1
5 204 126.1
5 237 90.1
6 1 130.2
6 2 76.1
6 3 57.1
6 5 58.1
6 37 157.2
6 47 207.29999999999998
6 56 142.2
6 61 151.2
6 65 68.1
6 78 68.1
6 128 137.2
6 147 147.2
6 176 89.1
6 177 74.1
6 192 155.2
6 206 130.2
6 209 58.1
6 215 64.1
6 226 76.1
6 238 77.1
6 271 83.1
6 291 83.1
7 0 101.1
7 1 88.1
7 3 77.1
7 4 105.1
7 5 88.1
7 14 101.1
7 21 153.2
7 22 97.1
7 51 95.1
7 74 256.29999999999995
7 76 102.1
7 86 139.2
7 101 91.1
7 107 312.29999999999995
7 146 100.1
7 151 82.1
7 155 208.2
7 163 81.1
7 165 294.29999999999995
7 196 202.2
7 216 191.2
7 260 205.2
8 14 90.1
8 26 78.1
8 46 118.19999999999999
8 68 67.1
8 71 179.2
8 72 84.1
8 104 166.2
8 124 233.29999999999998
8 125 91.1
8 154 155.2
8 164 169.2
8 177 77.1
8 188 85.1
8 197 144.2
8 198 111.1
8 226 82.1
8 237 75.1
8 241 65.1
8 245 70.1
8 260 64.1
9 5 263.29999999999995
9 11 170.2
9 34 181.2
9 48 220.29999999999998
9 59 175.2
9 64 260.29999999999995
9 65 83.1
9 97 170.2
9 101 94.1
9 112 92.1
9 115 86.1
9 145 88.1
9 147 204.2
9 151 59.1
9 190 87.1
9 215 101.1
9 240 98.1
9 245 109.1
9 284 108.1
10 11 86.1
10 46 71.1
10 66 74.1
10 72 210.29999999999998
10 93 144.2
10 103 128.2
10 105 74.1
10 115 71.1
10 116 91.1
10 133 172.2
10 141 73.1
10 142 156.2
10 164 82.1
10 165 58.1
10 166 82.1
10 175 69.1
10 190 137.2
10 191 69.1
10 246 92.1
10 249 284.4
11 5 157.2
11 9 162.2
11 10 104.1
11 34 178.2
11 48 163.2
11 53 78.1
11 57 61.1
11 59 150.2
11 61 65.1
11 64 275.29999999999995
11 71 68.1
11 92 113.1
11 97 162.2
11 105 63.1
11 108 87.1
11 124 84.1
11 130 64.1
11 136 91.1
11 167 51.1
11 221 89.1
11 278 105.1
11 283 110.1
12 4 139.2
12 19 64.1
12 29 195.29999999999998
12 34 101.1
12 42 157.2
12 59 57.1
12 69 78.1
12 97 65.1
12 111 120.2
12 112 143.2
12 132 132.2
12 139 148.2
12 191 64.1
12 197 79.1
12 221 75.1
12 254 245.29999999999998
12 258 210.29999999999998
12 265 71.1
12 270 63.1
12 278 94.1
13 0 87.1
13 14 101.1
13 32 69.1
13 49 91.1
13 76 137.1
13 84 94.1
13 106 95.1
13 134 76.1
13 163 101.1
13 181 170.2
13 213 53.1
13 220 218.2
13 226 220.2
13 230 97.1
13 235 87.1
13 262 102.1
13 266 91.1
13 268 137.1
13 272 86.1
13 275 88.1
13 288 102.1
14 2 278.29999999999995
14 7 93.1
14 8 105.1
14 13 166.1
14 30 88.1
14 39 241.29999999999998
14 41 172.2
14 43 214.2
14 55 291.29999999999995
14 108 117.1
14 123 174.2
14 135 91.1
14 152 212.2
14 154 109.1
14 174 102.1
14 194 192.2
14 258 90.1
14 277 92.1
14 289 97.1
15 19 202.29999999999998
15 28 81.1
15 37 79.1
15 71 87.1
15 81 136.2
15 96 173.2
15 117 167.2
15 157 133.2
15 181 77.1
15 182 109.19999999999999
15 186 154.2
15 201 62.1
15 219 136.1
15 226 92.1
15 232 73.1
15 261 97.1
15 267 149.2
16 0 63.1
16 33 130.2
16 49 131.2
16 60 124.19999999999999
16 100 139.2
16 131 132.2
16 144 69.1
16 154 98.1
16 155 140.2
16 175 72.1
16 178 66.1
16 219 83.1
16 227 140.2
16 230 138.2
16 243 199.29999999999998
16 248 65.1
16 262 94.1
16 272 81.1
16 290 97.1
17 29 154.2
17 33 69.1
17 40 323.29999999999995
17 43 89.1
17 45 214.2
17 55 168.2
17 156 291.29999999999995
17 160 190.2
17 180 94.1
17 208 193.2
17 213 186.2
17 239 63.1
17 284 310.29999999999995
17 289 185.2
18 3 140.2
18 19 86.1
18 23 144.2
18 30 250.29999999999998
18 34 101.1
18 35 70.1
18 70 178.2
18 80 164.2
18 100 77.1
18 114 85.1
18 123 102.1
18 126 72.1
18 146 224.29999999999998
18 155 104.1
18 163 205.29999999999998
18 196 98.1
18 212 71.1
18 227 81.1
18 279 93.1
19 12 61.1
19 15 183.3
19 18 109.1
19 28 73.1
19 40 177.2
19 63 69.1
19 81 131.2
19 89 107.1
19 96 159.2
19 99 71.1
19 117 140.2
19 118 83.1
19 157 127.19999999999999
19 182 183.29999999999998
19 186 149.2
19 210 61.1
19 261 82.1
19 264 104.1
19 267 152.2
20 70 68.1
20 71 63.1
20 79 67.1
20 95 67.1
20 105 152.2
20 108 168.2
20 135 264.29999999999995
20 188 64.1
20 214 142.2
20 215 220.29999999999998
20 238 215.29999999999998
20 246 153.2
20 251 191.2
20 252 148.2
20 263 167.2
21 7 139.2
21 23 60.1
21 24 63.1
21 74 135.2
21 86 108.2
21 91 65.1
21 107 138.2
21 155 148.2
21 165 113.2
21 191 56.1
21 196 145.2
21 209 69.1
21 216 203.29999999999998
21 225 62.1
21 260 199.29999999999998
21 269 75.1
21 273 72.1
22 7 80.1
22 28 150.2
22 31 55.1
22 34 87.1
22 38 123.19999999999999
22 68 150.2
22 70 89.1
22 81 75.1
22 86 85.1
22 99 140.2
22 109 59.1
22 118 174.2
22 121 153.2
22 138 154.2
22 140 152.2
22 144 164.2
22 217 74.1
22 231 80.1
22 235 68.1
23 3 115.2
23 18 155.2
23 21 58.1
23 28 68.1
23 30 125.19999999999999
23 34 63.1
23 54 74.1
23 55 60.1
23 70 165.2
23 80 151.2
23 100 79.1
23 132 81.1
23 140 68.1
23 146 211.29999999999998
23 163 135.2
23 167 60.1
23 178 75.1
23 181 84.1
23 197 75.1
23 220 102.1
23 225 83.1
23 237 71.1
23 266 78.1
24 1 83.1
24 21 75.1
24 47 71.1
24 53 106.1
24 65 169.2
24 69 184.2
24 76 116.1
24 78 199.2
24 79 62.1
24 82 86.1
24 111 76.1
24 113 84.1
24 121 74.1
24 145 86.1
24 150 146.2
24 151 63.1
24 168 93.1
24 202 89.1
24 219 212.2
24 236 240.29999999999998
24 271 87.1
24 285 199.2
25 4 76.1
25 41 66.1
25 44 145.2
25 52 152.2
25 75 135.2
25 107 67.1
25 120 86.1
25 160 129.2
25 161 81.1
25 173 45.1
25 178 70.1
25 188 96.2
25 195 216.29999999999998
25 227 71.1
25 242 71.1
25 260 51.1
25 273 131.2
25 274 89.1
25 280 90.1
26 8 75.1
26 43 69.1
26 48 63.1
26 50 151.2
26 53 81.1
26 54 78.1
26 60 65.1
26 81 63.1
26 125 74.1
26 136 162.2
26 183 155.2
26 221 77.1
26 222 160.2
26 244 56.1
26 264 71.1
26 276 243.29999999999998
26 277 149.2
26 282 143.2
27 30 65.1
27 36 78.1
27 42 91.1
27 46 69.1
27 58 158.2
27 101 224.29999999999998
27 125 175.2
27 129 68.1
27 138 71.1
27 146 66.1
27 167 235.29999999999998
27 169 99.1
27 182 76.1
27 188 59.1
27 221 171.2
27 227 91.1
27 231 85.1
27 237 153.2
27 246 96.1
27 253 165.2
28 15 79.1
28 19 87.1
28 22 167.2
28 23 73.1
28 38 136.2
28 43 87.1
28 54 88.1
28 63 94.1
28 68 147.2
28 80 80.1
28 99 124.19999999999999
28 118 141.2
28 121 162.2
28 138 134.2
28 140 149.2
28 144 175.2
28 148 51.1
28 205 80.1
28 250 57.1
28 254 92.1
28 260 88.1
28 276 84.1
29 4 155.2
29 12 187.3
29 17 208.2
29 41 64.1
29 42 160.2
29 61 68.1
29 111 177.2
29 112 143.2
29 129 75.1
29 132 151.2
29 139 184.2
29 188 62.1
29 249 72.1
29 254 145.2
29 256 66.1
29 258 171.2
30 3 172.2
30 14 89.1
30 18 285.29999999999995
30 23 123.19999999999999
30 27 71.1
30 34 80.1
30 54 84.1
30 70 184.2
30 80 218.2
30 87 106.1
30 101 82.1
30 138 93.1
30 145 67.1
30 146 150.2
30 158 86.1
30 163 182.2
30 164 88.1
30 176 89.1
30 205 68.1
30 274 86.1
31 22 46.1
31 32 53.1
31 33 63.1
31 37 61.1
31 53 60.1
31 83 204.29999999999998
31 89 149.2
31 90 132.2
31 96 76.1
31 115 113.2
31 136 67.1
31 141 154.2
31 159 128.2
31 189 56.1
31 223 228.29999999999998
31 242 64.1
31 247 152.2
31 256 72.1
31 288 66.1
32 13 93.1
32 31 56.1
32 35 155.2
32 57 73.1
32 60 50.1
32 67 182.2
32 119 218.29999999999998
32 122 88.1
32 143 170.2
32 158 56.1
32 165 58.1
32 227 58.1
32 228 105.2
32 239 128.2
32 262 138.2
32 269 54.1
32 272 130.2
33 16 138.2
33 17 86.1
33 31 69.1
33 42 85.1
33 49 123.2
33 60 134.2
33 63 91.1
33 77 94.1
33 100 153.2
33 101 49.1
33 131 202.29999999999998
33 153 96.1
33 208 91.1
33 216 128.2
33 227 169.2
33 230 153.2
33 243 146.2
33 249 88.1
34 1 70.1
34 5 168.2
34 9 156.2
34 11 164.2
34 12 93.1
34 18 106.1
34 22 74.1
34 23 79.1
34 30 73.1
34 47 78.1
34 48 257.29999999999995
34 59 144.2
34 60 67.1
34 64 166.2
34 72 80.1
34 97 145.2
34 116 87.1
34 139 121.1
34 153 87.1
34 164 90.1
34 189 95.1
34 206 81.1
34 252 92.1
35 18 54.1
35 32 133.2
35 41 69.1
35 51 37.1
35 67 148.2
35 94 65.1
35 119 164.2
35 130 72.1
35 143 132.2
35 228 107.19999999999999
35 231 146.2
35 239 111.2
35 248 47.1
35 262 125.19999999999999
35 270 65.1
35 272 116.19999999999999
36 0 162.2
36 27 72.1
36 42 96.1
36 51 144.2
36 57 86.1
36 75 82.1
36 76 113.1
36 91 163.2
36 127 161.2
36 130 190.2
36 174 197.29999999999998
36 180 162.2
36 187 71.1
36 207 82.1
36 224 127.19999999999999
36 228 76.1
36 248 235.29999999999998
37 6 152.2
37 15 81.1
37 31 85.1
37 47 162.2
37 56 159.2
37 59 71.1
37 61 149.2
37 113 93.1
37 116 101.1
37 128 176.2
37 147 187.2
37 149 77.1
37 179 77.1
37 192 167.2
37 206 262.29999999999995
37 241 70.1
37 243 78.1
37 255 105.1
37 286 97.1
38 0 60.1
38 22 143.2
38 28 123.19999999999999
38 51 66.1
38 68 153.2
38 74 69.1
38 97 66.1
38 99 118.2
38 110 82.1
38 114 83.1
38 118 170.2
38 121 153.2
38 126 61.1
38 138 159.2
38 140 158.2
38 144 160.2
38 182 57.1
38 225 62.1
38 243 65.1
39 2 110.2
39 3 53.1
39 14 168.3
39 41 104.2
39 43 124.19999999999999
39 55 139.2
39 75 68.1
39 82 49.1
39 94 36.1
39 104 63.1
39 123 120.19999999999999
39 132 60.1
39 145 49.1
39 152 135.2
39 194 106.2
39 200 88.1
39 211 49.1
39 253 65.1
39 290 65.1
40 17 278.29999999999995
40 19 165.2
40 45 161.2
40 59 61.1
40 64 67.1
40 76 95.1
40 109 87.1
40 124 54.1
40 135 229.2
40 152 82.1
40 156 151.2
40 160 216.29999999999998
40 208 158.2
40 213 146.2
40 234 77.1
40 237 83.1
40 274 74.1
40 284 156.2
40 289 161.2
41 2 151.2
41 14 160.2
41 25 95.1
41 29 60.1
41 35 88.1
41 39 146.2
41 43 143.2
41 45 64.1
41 55 184.3
41 112 72.1
41 119 62.1
41 123 131.2
41 152 157.2
41 194 142.2
41 218 84.1
41 249 77.1
41 253 83.1
41 260 69.1
41 286 90.1
42 4 207.2
42 12 151.2
42 27 72.1
42 29 166.2
42 33 96.1
42 36 90.1
42 54 71.1
42 65 85.1
42 111 155.2
42 112 170.2
42 132 147.2
42 136 70.1
42 139 185.2
42 167 67.1
42 180 83.1
42 222 92.1
42 254 155.2
42 258 237.29999999999998
43 2 171.2
43 14 184.2
43 17 82.1
43 26 66.1
43 28 75.1
43 39 112.2
43 41 139.2
43 55 153.2
43 61 92.1
43 67 84.1
43 100 71.1
43 113 96.1
43 123 192.2
43 152 251.29999999999998
43 171 51.1
43 172 64.1
43 194 184.2
43 195 79.1
43 247 99.1
43 268 114.1
43 280 93.1
44 25 141.2
44 50 104.1
44 52 261.29999999999995
44 58 89.1
44 75 152.2
44 84 111.1
44 125 104.1
44 139 116.1
44 165 81.1
44 170 98.1
44 183 100.1
44 188 233.29999999999998
44 195 180.2
44 218 104.1
44 246 115.1
44 252 71.1
44 258 94.1
44 264 199.2
44 273 184.2
44 283 86.1
45 17 228.2
45 40 173.2
45 41 74.1
45 94 151.2
45 152 86.1
45 156 274.29999999999995
45 160 170.2
45 161 101.1
45 193 97.1
45 208 179.2
45 213 158.2
45 280 94.1
45 284 229.2
45 287 88.1
45 289 277.29999999999995
45 290 88.1
46 8 136.2
46 10 68.1
46 27 70.1
46 48 46.1
46 52 66.1
46 71 139.2
46 72 67.1
46 104 151.2
46 124 131.2
46 128 73.1
46 154 178.29999999999998
46 164 184.29999999999998
46 166 82.1
46 190 54.1
46 197 109.19999999999999
46 213 79.1
46 221 68.1
46 274 89.1
47 6 197.29999999999998
47 24 70.1
47 34 68.1
47 37 198.2
47 48 65.1
47 56 135.2
47 59 73.1
47 61 118.19999999999999
47 82 75.1
47 90 93.1
47 101 69.1
47 109 74.1
47 128 214.3
47 147 153.2
47 151 71.1
47 168 69.1
47 192 125.19999999999999
47 206 122.19999999999999
47 230 123.19999999999999
47 259 76.1
47 276 73.1
48 2 72.1
48 5 135.2
48 9 215.29999999999998
48 11 146.2
48 26 83.1
48 34 243.29999999999998
48 46 63.1
48 47 73.1
48 59 202.29999999999998
48 64 140.2
48 97 121.19999999999999
48 101 56.1
48 132 64.1
48 162 82.1
48 187 96.1
48 190 69.1
48 221 77.1
48 277 89.1
48 289 87.1
48 291 71.1
49 0 49.1
49 13 108.1
49 16 98.2
49 33 98.2
49 60 179.29999999999998
49 88 63.1
49 100 124.19999999999999
49 102 74.1
49 122 65.1
49 131 169.29999999999998
49 137 73.1
49 189 75.1
49 227 129.2
49 230 203.29999999999998
49 243 127.19999999999999
49 266 71.1
49 279 79.1
50 5 67.1
50 26 157.2
50 44 96.1
50 93 69.1
50 104 88.1
50 125 91.1
50 136 251.29999999999998
50 157 69.1
50 179 87.1
50 183 145.2
50 222 170.2
50 249 69.1
50 276 235.29999999999998
50 277 151.2
50 282 275.29999999999995
50 284 110.1
50 287 83.1
50 291 88.1
51 0 164.2
51 7 87.1
51 35 84.1
51 36 148.2
51 38 85.1
51 64 76.1
51 91 244.29999999999998
51 116 83.1
51 118 82.1
51 127 233.29999999999998
51 130 265.29999999999995
51 147 92.1
51 163 78.1
51 174 147.2
51 175 74.1
51 180 167.2
51 224 140.2
51 248 141.2
52 25 181.2
52 44 228.29999999999998
52 46 82.1
52 58 66.1
52 75 139.2
52 79 71.1
52 125 65.1
52 151 41.1
52 161 62.1
52 178 61.1
52 184 104.1
52 188 133.2
52 194 65.1
52 195 139.2
52 214 80.1
52 229 163.2
52 253 92.1
52 265 151.2
52 286 101.1
52 290 71.1
53 11 60.1
53 24 73.1
53 26 74.1
53 31 58.1
53 65 130.2
53 69 72.1
53 73 65.1
53 78 66.1
53 106 79.1
53 113 202.29999999999998
53 133 70.1
53 142 92.1
53 150 117.2
53 162 66.1
53 190 78.1
53 202 126.19999999999999
53 211 82.1
53 219 150.2
53 236 65.1
53 271 153.2
53 285 55.1
54 23 42.1
54 26 79.1
54 28 76.1
54 30 48.1
54 42 69.1
54 98 49.1
54 101 59.1
54 131 64.1
54 161 180.29999999999998
54 169 266.29999999999995
54 170 225.29999999999998
54 194 147.2
54 203 95.1
54 229 145.2
54 240 142.2
54 265 120.2
54 274 70.1
55 2 151.2
55 14 241.29999999999998
55 17 184.2
55 23 53.1
55 39 130.2
55 41 191.3
55 43 154.2
55 60 55.1
55 84 79.1
55 123 136.2
55 129 69.1
55 152 180.2
55 193 112.1
55 194 118.2
55 208 73.1
55 213 100.1
55 218 97.1
55 290 78.1
56 6 126.19999999999999
56 37 128.2
56 47 124.19999999999999
56 61 141.2
56 65 68.1
56 77 84.1
56 113 72.1
56 116 69.1
56 128 135.2
56 137 114.1
56 145 67.1
56 147 223.29999999999998
56 171 90.1
56 192 144.2
56 199 92.1
56 206 98.2
56 241 85.1
56 244 64.1
56 251 102.1
57 5 70.1
57 11 65.1
57 32 64.1
57 36 66.1
57 77 139.2
57 86 68.1
57 92 85.1
57 104 83.1
57 109 80.1
57 118 65.1
57 136 78.1
57 159 76.1
57 162 165.2
57 185 136.2
57 189 64.1
57 210 73.1
57 212 60.1
57 241 215.29999999999998
57 259 226.29999999999998
57 275 239.29999999999998
58 27 146.2
58 44 88.1
58 52 65.1
58 62 90.1
58 64 83.1
58 87 83.1
58 93 66.1
58 101 142.2
58 117 59.1
58 122 75.1
58 125 202.3
58 140 66.1
58 158 60.1
58 167 129.2
58 176 79.1
58 221 156.2
58 232 88.1
58 237 219.29999999999998
58 240 68.1
58 245 72.1
58 253 139.2
58 267 72.1
58 283 89.1
59 5 166.2
59 9 160.2
59 11 157.2
59 12 48.1
59 34 129.2
59 37 72.1
59 40 74.1
59 47 71.1
59 48 216.29999999999998
59 64 177.2
59 97 244.29999999999998
59 104 104.1
59 166 114.1
59 167 136.2
59 179 78.1
59 209 91.1
59 222 97.1
59 271 85.1
59 276 85.1
59 282 71.1
59 284 117.1
60 16 111.2
60 26 58.1
60 32 47.1
60 33 136.2
60 34 78.1
60 49 195.29999999999998
60 55 74.1
60 67 62.1
60 100 126.19999999999999
60 107 84.1
60 120 94.1
60 131 148.2
60 195 77.1
60 212 77.1
60 227 132.2
60 230 126.19999999999999
60 243 94.2
60 265 75.1
60 290 93.1
61 6 134.2
61 11 87.1
61 29 84.1
61 37 167.2
61 43 81.1
61 47 128.2
61 56 184.2
61 77 95.1
61 128 234.29999999999998
61 147 159.2
61 168 83.1
61 185 79.1
61 192 234.29999999999998
61 206 199.29999999999998
61 212 94.1
61 233 76.1
61 236 74.1
61 237 63.1
61 238 78.1
61 254 95.1
61 288 99.1
62 1 84.1
62 58 88.1
62 63 278.29999999999995
62 87 105.1
62 116 82.1
62 117 97.1
62 126 153.2
62 145 176.2
62 148 68.1
62 159 105.1
62 172 279.29999999999995
62 187 163.2
62 201 174.2
62 205 169.2
62 226 99.1
62 232 290.29999999999995
62 274 98.1
62 276 92.1
62 282 97.1
63 1 82.1
63 19 65.1
63 28 65.1
63 33 64.1
63 62 234.29999999999998
63 123 77.1
63 126 127.19999999999999
63 140 61.1
63 157 75.1
63 171 80.1
63 172 123.19999999999999
63 187 139.2
63 201 154.2
63 202 69.1
63 204 108.1
63 205 132.2
63 232 145.2
63 261 94.1
63 268 97.1
63 281 81.1
64 5 156.2
64 9 256.29999999999995
64 11 309.29999999999995
64 34 135.2
64 40 102.1
64 48 145.2
64 51 78.1
64 58 95.1
64 59 187.2
64 97 168.2
64 100 87.1
64 118 108.1
64 128 76.1
64 133 109.1
64 137 130.1
64 144 103.1
64 145 88.1
64 202 102.1
64 224 74.1
64 235 101.1
64 249 84.1
64 282 108.1
64 291 89.1
65 1 38.1
65 6 60.1
65 9 78.1
65 24 133.2
65 42 93.1
65 53 159.2
65 56 81.1
65 69 138.2
65 73 66.1
65 78 68.1
65 81 73.1
65 113 238.29999999999998
65 142 80.1
65 150 67.1
65 192 65.1
65 202 148.2
65 203 82.1
65 209 69.1
65 219 159.2
65 236 59.1
65 271 179.2
65 285 160.2
66 10 87.1
66 88 251.29999999999998
66 92 75.1
66 100 64.1
66 103 67.1
66 149 131.2
66 151 131.2
66 155 83.1
66 164 71.1
66 168 164.2
66 175 205.29999999999998
66 176 150.2
66 185 85.1
66 204 139.2
66 212 162.2
66 244 189.2
66 283 87.1
66 285 82.1
66 288 77.1
67 32 138.2
67 35 162.2
67 43 69.1
67 60 47.1
67 119 141.2
67 143 148.2
67 173 50.1
67 193 74.1
67 220 159.2
67 228 185.29999999999998
67 239 120.19999999999999
67 250 69.1
67 260 57.1
67 262 131.2
67 272 120.19999999999999
68 8 96.1
68 22 201.2
68 28 123.19999999999999
68 38 128.2
68 70 115.1
68 74 92.1
68 99 155.2
68 117 77.1
68 118 140.2
68 121 144.2
68 131 69.1
68 138 128.2
68 139 71.1
68 140 159.2
68 144 175.2
68 145 81.1
68 152 94.1
68 186 79.1
68 225 75.1
69 12 39.1
69 24 151.2
69 53 56.1
69 65 133.2
69 78 131.2
69 82 52.1
69 113 60.1
69 148 41.1
69 150 144.2
69 166 52.1
69 173 71.1
69 186 69.1
69 192 67.1
69 202 67.1
69 207 82.1
69 209 58.1
69 219 59.1
69 236 101.2
69 269 53.1
69 271 69.1
69 275 70.1
69 285 148.2
70 2 82.1
70 3 221.29999999999998
70 18 177.2
70 20 93.1
70 22 87.1
70 23 158.2
70 30 178.2
70 68 66.1
70 80 192.2
70 118 78.1
70 140 82.1
70 146 161.2
70 158 94.1
70 163 177.2
70 172 84.1
70 217 92.1
70 235 117.1
70 250 75.1
70 267 87.1
70 291 86.1
71 8 153.2
71 11 53.1
71 15 75.1
71 20 78.1
71 46 160.2
71 76 105.1
71 92 81.1
71 104 156.2
71 112 62.1
71 124 229.29999999999998
71 135 68.1
71 150 64.1
71 154 147.2
71 159 74.1
71 164 246.29999999999998
71 197 122.19999999999999
71 234 87.1
71 237 99.1
71 241 57.1
71 278 102.1
72 8 90.1
72 10 220.29999999999998
72 34 79.1
72 46 66.1
72 93 145.2
72 103 119.2
72 111 77.1
72 115 73.1
72 133 262.29999999999995
72 141 83.1
72 142 156.2
72 163 109.1
72 164 81.1
72 190 208.29999999999998
72 205 70.1
72 221 102.1
72 230 56.1
72 244 66.1
72 249 127.19999999999999
72 277 91.1
73 53 75.1
73 65 67.1
73 82 53.1
73 109 145.2
73 113 62.1
73 128 64.1
73 142 72.1
73 145 71.1
73 153 148.2
73 176 64.1
73 199 70.1
73 200 126.19999999999999
73 203 81.1
73 209 128.2
73 211 139.2
73 233 76.1
73 242 148.2
73 256 191.29999999999998
73 275 97.1
74 7 209.29999999999998
74 21 147.2
74 38 70.1
74 68 75.1
74 86 134.2
74 104 83.1
74 107 149.2
74 152 89.1
74 155 247.29999999999998
74 165 161.2
74 196 151.2
74 209 89.1
74 216 253.29999999999998
74 241 68.1
74 260 169.2
74 274 94.1
74 280 105.1
74 290 92.1
75 25 189.2
75 36 81.1
75 39 71.1
75 44 183.2
75 52 147.2
75 84 88.1
75 114 90.1
75 127 59.1
75 129 135.2
75 156 94.1
75 178 91.1
75 181 148.2
75 188 178.2
75 189 76.1
75 195 228.29999999999998
75 229 173.2
75 269 69.1
75 273 60.1
76 4 141.1
76 7 91.1
76 13 152.1
76 24 121.1
76 36 117.1
76 40 125.1
76 71 106.1
76 85 294.2
76 86 104.1
76 122 257.2
76 143 145.1
76 163 121.1
76 168 99.1
76 177 250.2
76 189 254.2
76 191 230.2
76 207 364.29999999999995
76 232 113.1
76 269 289.2
76 271 122.1
77 33 63.1
77 56 77.1
77 57 136.2
77 61 55.1
77 83 57.1
77 105 69.1
77 109 75.1
77 110 92.1
77 162 132.2
77 171 144.2
77 173 51.1
77 185 107.2
77 193 75.1
77 195 68.1
77 236 48.1
77 241 135.2
77 247 83.1
77 259 223.29999999999998
77 275 146.2
77 276 63.1
78 6 52.1
78 24 138.2
78 53 78.1
78 65 66.1
78 69 135.2
78 99 48.1
78 109 77.1
78 113 54.1
78 150 147.2
78 152 63.1
78 193 74.1
78 202 129.2
78 203 85.1
78 209 60.1
78 219 71.1
78 223 88.1
78 236 114.19999999999999
78 241 86.1
78 248 70.1
78 271 57.1
78 275 78.1
78 285 138.2
79 20 94.1
79 24 58.1
79 52 67.1
79 95 180.2
79 98 137.2
79 110 155.2
79 126 84.1
79 135 85.1
79 158 81.1
79 178 73.1
79 217 237.29999999999998
79 220 91.1
79 225 145.2
79 227 77.1
79 250 138.2
79 264 170.2
79 266 86.1
79 269 52.1
79 279 149.2
80 3 160.2
80 18 187.2
80 23 131.2
80 28 69.1
80 30 180.2
80 70 168.2
80 84 99.1
80 117 71.1
80 137 117.1
80 146 155.2
80 158 83.1
80 163 195.29999999999998
80 173 56.1
80 189 104.1
80 194 76.1
80 223 88.1
80 227 65.1
80 239 72.1
80 266 91.1
80 281 92.1
81 15 125.19999999999999
81 19 133.2
81 22 49.1
81 26 72.1
81 65 79.1
81 96 139.2
81 117 148.2
81 139 73.1
81 157 148.2
81 180 69.1
81 181 60.1
81 182 191.29999999999998
81 186 141.2
81 242 79.1
81 261 96.1
81 265 53.1
81 267 142.2
81 274 72.1
82 24 83.1
82 39 56.1
82 47 46.1
82 69 49.1
82 73 69.1
82 106 154.2
82 137 182.2
82 142 90.1
82 148 95.2
82 151 54.1
82 168 69.1
82 171 147.2
82 191 59.1
82 199 151.2
82 203 147.2
82 211 69.1
82 233 141.2
82 269 86.1
82 275 90.1
83 31 212.29999999999998
83 77 73.1
83 89 145.2
83 90 172.2
83 115 148.2
83 121 51.1
83 141 155.2
83 147 71.1
83 159 222.29999999999998
83 166 93.1
83 202 68.1
83 223 147.2
83 232 70.1
83 244 67.1
83 247 189.2
83 261 92.1
83 268 85.1
83 271 70.1
84 13 112.1
84 44 82.1
84 55 66.1
84 75 61.1
84 80 91.1
84 94 195.29999999999998
84 120 202.2
84 129 163.2
84 131 65.1
84 170 147.2
84 193 170.2
84 216 66.1
84 217 156.2
84 227 72.1
84 258 70.1
84 273 115.19999999999999
84 280 168.2
84 290 163.2
85 0 61.1
85 76 238.2
85 100 71.1
85 122 155.2
85 127 53.1
85 141 82.1
85 143 91.1
85 145 64.1
85 165 66.1
85 177 235.29999999999998
85 189 158.2
85 191 139.2
85 196 79.1
85 202 75.1
85 207 136.2
85 221 77.1
85 232 62.1
85 235 59.1
85 248 67.1
85 269 138.2
86 7 145.2
86 21 148.2
86 22 79.1
86 57 89.1
86 74 166.2
86 76 101.1
86 107 147.2
86 155 182.2
86 165 172.3
86 174 70.1
86 177 79.1
86 189 67.1
86 191 82.1
86 196 170.2
86 216 125.19999999999999
86 260 159.2
86 262 72.1
86 274 86.1
87 30 87.1
87 58 72.1
87 62 114.1
87 120 181.2
87 156 104.1
87 184 218.2
87 198 232.2
87 218 151.2
87 231 254.29999999999998
87 246 241.29999999999998
87 281 81.1
87 283 362.29999999999995
87 286 195.2
87 287 246.2
88 49 79.1
88 66 234.29999999999998
88 92 82.1
88 106 67.1
88 149 147.2
88 150 66.1
88 151 110.19999999999999
88 168 123.19999999999999
88 175 120.2
88 176 151.2
88 183 62.1
88 200 82.1
88 202 90.1
88 204 137.2
88 212 115.2
88 226 84.1
88 244 146.2
88 271 72.1
89 19 85.1
89 31 120.2
89 83 125.19999999999999
89 90 136.2
89 115 144.2
89 134 91.1
89 135 97.1
89 141 134.2
89 159 122.19999999999999
89 203 78.1
89 214 78.1
89 223 141.2
89 226 162.2
89 247 151.2
89 255 177.2
89 271 69.1
90 31 120.2
90 47 72.1
90 83 136.2
90 89 172.2
90 92 80.1
90 108 79.1
90 115 137.2
90 130 73.1
90 141 157.2
90 153 95.1
90 159 185.29999999999998
90 223 160.2
90 247 203.2
90 256 84.1
90 257 92.1
90 261 182.2
90 271 76.1
91 0 177.2
91 1 87.1
91 21 74.1
91 36 168.2
91 51 225.29999999999998
91 101 80.1
91 103 89.1
91 107 87.1
91 127 148.2
91 130 164.2
91 136 115.1
91 145 84.1
91 174 262.29999999999995
91 177 83.1
91 180 164.2
91 191 66.1
91 224 132.2
91 248 221.29999999999998
92 3 67.1
92 11 61.1
92 57 72.1
92 66 78.1
92 71 66.1
92 88 66.1
92 90 77.1
92 105 79.1
92 109 86.1
92 116 74.1
92 153 171.2
92 205 55.1
92 240 154.2
92 242 147.2
92 249 49.1
92 261 169.2
92 268 73.1
92 285 162.2
92 288 147.2
93 10 131.2
93 50 61.1
93 58 55.1
93 72 127.19999999999999
93 94 66.1
93 97 56.1
93 103 128.2
93 104 59.1
93 133 140.2
93 142 126.19999999999999
93 187 54.1
93 190 182.29999999999998
93 204 85.1
93 207 48.1
93 215 59.1
93 234 154.2
93 249 124.19999999999999
93 291 74.1
94 35 60.1
94 39 31.1
94 45 145.2
94 84 178.3
94 93 64.1
94 120 135.2
94 129 172.29999999999998
94 152 66.1
94 193 134.2
94 195 128.2
94 218 148.2
94 267 61.1
94 273 112.2
94 280 139.2
94 287 141.2
94 290 155.2
95 1 72.1
95 20 78.1
95 79 145.2
95 98 156.3
95 99 42.1
95 100 124.19999999999999
95 110 256.29999999999995
95 114 64.1
95 173 54.1
95 193 92.1
95 201 82.1
95 217 135.2
95 250 136.2
95 264 91.1
95 266 147.2
95 279 149.2
96 15 139.2
96 19 138.2
96 31 72.1
96 81 147.2
96 117 141.2
96 157 160.2
96 158 87.1
96 181 76.1
96 182 92.2
96 186 143.2
96 208 64.1
96 220 81.1
96 261 91.1
96 267 149.2
96 272 46.1
96 279 87.1
97 5 150.2
97 9 149.2
97 11 166.2
97 12 67.1
97 34 128.2
97 38 52.1
97 48 121.19999999999999
97 59 202.29999999999998
97 64 125.19999999999999
97 93 61.1
97 106 80.1
97 133 77.1
97 136 73.1
97 164 60.1
97 175 63.1
97 190 49.1
97 192 74.1
97 205 69.1
97 234 77.1
97 291 84.1
98 54 73.1
98 79 112.2
98 95 174.3
98 110 144.2
98 114 69.1
98 138 47.1
98 144 65.1
98 157 65.1
98 173 60.1
98 181 125.19999999999999
98 217 168.29999999999998
98 228 69.1
98 250 130.2
98 264 177.2
98 266 147.2
98 279 204.29999999999998
98 281 60.1
99 19 52.1
99 22 153.2
99 28 118.2
99 38 109.2
99 68 129.2
99 78 63.1
99 95 69.1
99 112 64.1
99 118 127.19999999999999
99 121 111.2
99 138 122.2
99 140 144.2
99 144 150.2
99 180 52.1
99 187 145.2
99 197 73.1
99 201 75.1
99 207 63.1
99 274 63.1
100 16 145.2
100 18 86.1
100 23 76.1
100 33 145.2
100 43 75.1
100 49 155.2
100 60 136.2
100 64 75.1
100 66 86.1
100 85 84.1
100 95 159.2
100 102 84.1
100 131 184.3
100 176 91.1
100 227 207.29999999999998
100 230 149.2
100 243 184.29999999999998
100 276 73.1
101 1 62.1
101 7 81.1
101 9 84.1
101 27 230.29999999999998
101 30 79.1
101 33 78.1
101 47 83.1
101 48 72.1
101 54 93.1
101 58 152.2
101 91 97.1
101 121 88.1
101 125 261.29999999999995
101 132 101.1
101 139 86.1
101 145 84.1
101 167 174.2
101 197 75.1
101 221 193.2
101 237 142.2
101 253 287.29999999999995
101 264 104.1
102 49 89.1
102 100 71.1
102 110 74.1
102 114 238.29999999999998
102 126 154.2
102 158 167.2
102 161 114.1
102 169 99.1
102 173 71.1
102 178 243.29999999999998
102 183 95.1
102 197 72.1
102 205 77.1
102 210 199.29999999999998
102 225 153.2
102 235 158.2
102 265 104.1
102 274 160.2
102 281 143.2
103 10 124.19999999999999
103 66 72.1
103 72 118.2
103 91 74.1
103 93 141.2
103 121 64.1
103 133 164.2
103 142 208.29999999999998
103 164 74.1
103 190 210.29999999999998
103 191 69.1
103 219 71.1
103 225 72.1
103 236 54.1
103 249 114.2
103 265 69.1
103 266 76.1
103 285 78.1
104 8 162.2
104 39 55.1
104 46 136.2
104 50 81.1
104 57 88.1
104 59 79.1
104 71 167.2
104 74 73.1
104 93 76.1
104 114 69.1
104 124 234.29999999999998
104 154 208.3
104 160 88.1
104 162 85.1
104 164 173.2
104 197 269.29999999999995
104 215 87.1
104 244 92.1
104 245 72.1
104 291 67.1
105 10 59.1
105 11 70.1
105 20 154.2
105 77 64.1
105 92 73.1
105 106 86.1
105 108 147.2
105 135 150.2
105 158 66.1
105 182 66.1
105 214 269.29999999999995
105 215 203.29999999999998
105 238 157.2
105 240 79.1
105 251 190.2
105 263 220.29999999999998
105 267 77.1
106 0 49.1
106 13 86.1
106 53 96.1
106 82 143.2
106 88 70.1
106 97 49.1
106 105 79.1
106 128 56.1
106 137 185.2
106 148 95.2
106 171 146.2
106 199 116.2
106 200 62.1
106 203 137.2
106 233 123.19999999999999
106 249 59.1
106 259 80.1
106 275 148.2
107 7 244.29999999999998
107 21 138.2
107 25 104.1
107 60 55.1
107 74 159.2
107 86 134.2
107 91 75.1
107 155 170.2
107 165 149.2
107 178 84.1
107 196 240.29999999999998
107 216 120.2
107 227 51.1
107 229 77.1
107 260 150.2
107 269 85.1
108 11 53.1
108 14 75.1
108 20 160.2
108 90 100.1
108 105 149.2
108 131 63.1
108 135 185.2
108 141 86.1
108 199 81.1
108 214 209.2
108 215 239.29999999999998
108 216 90.1
108 238 158.2
108 251 191.2
108 255 187.2
108 263 171.2
108 288 149.2
109 22 50.1
109 40 77.1
109 47 57.1
109 57 62.1
109 73 144.2
109 77 89.1
109 78 78.1
109 92 88.1
109 115 72.1
109 153 174.2
109 168 87.1
109 199 68.1
109 200 152.2
109 209 139.2
109 211 242.29999999999998
109 242 166.2
109 247 86.1
109 252 83.1
109 256 136.2
109 257 95.1
110 38 55.1
110 77 89.1
110 79 119.19999999999999
110 95 222.29999999999998
110 98 120.19999999999999
110 102 58.1
110 119 174.2
110 126 76.1
110 161 55.1
110 173 116.2
110 210 60.1
110 217 119.19999999999999
110 232 48.1
110 250 140.2
110 264 155.2
110 279 148.2
110 281 80.1
111 4 128.2
111 12 98.2
111 24 69.1
111 29 127.19999999999999
111 42 132.2
111 72 85.1
111 112 162.2
111 116 59.1
111 124 91.1
111 132 176.29999999999998
111 138 59.1
111 139 155.2
111 152 94.1
111 188 69.1
111 206 40.1
111 237 82.1
111 254 137.2
111 258 123.2
112 4 180.2
112 9 89.1
112 12 137.2
112 29 165.2
112 41 77.1
112 42 168.2
112 71 91.1
112 99 65.1
112 111 139.2
112 132 249.29999999999998
112 139 183.2
112 197 76.1
112 213 85.1
112 248 61.1
112 252 92.1
112 254 182.2
112 258 181.2
112 270 91.1
113 24 81.1
113 37 80.1
113 43 93.1
113 53 248.29999999999998
113 56 83.1
113 65 235.29999999999998
113 69 89.1
113 73 64.1
113 78 63.1
113 137 86.1
113 141 91.1
113 150 73.1
113 171 79.1
113 202 190.2
113 219 194.2
113 236 80.1
113 241 82.1
113 271 198.2
113 275 114.1
113 284 101.1
113 285 69.1
114 18 79.1
114 38 69.1
114 75 69.1
114 95 63.1
114 98 68.1
114 102 245.29999999999998
114 104 76.1
114 126 65.1
114 158 227.29999999999998
114 159 86.1
114 172 82.1
114 174 79.1
114 178 139.2
114 186 69.1
114 201 67.1
114 210 110.19999999999999
114 225 123.19999999999999
114 235 225.29999999999998
114 250 69.1
114 274 155.2
115 9 77.1
115 10 77.1
115 31 105.2
115 72 58.1
115 83 135.2
115 89 182.2
115 90 136.2
115 109 74.1
115 141 170.2
115 150 62.1
115 159 120.2
115 185 67.1
115 203 82.1
115 223 210.29999999999998
115 236 72.1
115 247 175.2
115 255 80.1
115 259 81.1
116 1 97.2
116 3 73.1
116 10 101.1
116 34 74.1
116 37 67.1
116 51 53.1
116 56 60.1
116 62 87.1
116 92 91.1
116 111 62.1
116 124 158.2
116 145 60.1
116 185 58.1
116 198 81.1
116 211 59.1
116 213 53.1
116 224 67.1
116 237 174.2
116 248 58.1
116 253 93.1
116 255 94.1
116 268 83.1
116 270 77.1
116 288 62.1
116 291 72.1
117 15 189.2
117 19 149.2
117 58 63.1
117 62 81.1
117 68 66.1
117 80 91.1
117 81 180.2
117 96 168.2
117 157 225.29999999999998
117 182 137.2
117 186 128.2
117 201 78.1
117 205 71.1
117 224 64.1
117 232 69.1
117 262 79.1
117 265 93.1
117 267 248.29999999999998
117 291 89.1
118 19 103.1
118 22 203.2
118 28 135.2
118 38 150.2
118 51 75.1
118 57 73.1
118 64 113.1
118 68 146.2
118 70 101.1
118 99 171.2
118 121 151.2
118 138 167.2
118 140 164.2
118 144 180.2
118 157 100.1
118 184 85.1
118 187 82.1
118 192 91.1
118 281 84.1
119 32 221.29999999999998
119 35 163.2
119 41 76.1
119 67 162.2
119 110 154.2
119 143 134.2
119 173 67.1
119 220 181.2
119 228 118.19999999999999
119 239 226.29999999999998
119 262 153.2
119 272 141.2
119 273 80.1
119 280 162.2
120 4 63.1
120 25 71.1
120 60 61.1
120 84 190.2
120 87 152.2
120 94 120.19999999999999
120 125 67.1
120 129 142.2
120 184 156.2
120 193 262.29999999999995
120 194 67.1
120 227 68.1
120 246 86.1
120 273 135.2
120 280 197.2
120 287 192.2
120 290 256.3
121 1 53.1
121 5 54.1
121 22 177.2
121 24 62.1
121 28 143.2
121 38 136.2
121 68 135.2
121 83 78.1
121 99 136.2
121 101 91.1
121 103 74.1
121 118 152.2
121 138 167.2
121 140 171.2
121 141 102.1
121 144 196.2
121 146 59.1
121 167 59.1
121 188 74.1
122 32 65.1
122 49 68.1
122 58 53.1
122 76 209.2
122 85 164.2
122 130 60.1
122 139 71.1
122 165 66.1
122 174 81.1
122 177 121.19999999999999
122 180 56.1
122 189 172.2
122 191 200.29999999999998
122 194 58.1
122 201 50.1
122 203 67.1
122 207 152.2
122 262 63.1
122 269 138.2
123 2 217.29999999999998
123 14 146.2
123 18 86.1
123 39 122.19999999999999
123 41 121.19999999999999
123 43 177.2
123 55 134.2
123 63 75.1
123 152 168.2
123 194 149.2
123 198 78.1
123 204 68.1
123 206 60.1
123 210 77.1
123 218 73.1
123 241 57.1
123 253 91.1
123 266 87.1
124 2 78.1
124 8 257.29999999999995
124 11 66.1
124 40 68.1
124 46 143.2
124 71 266.29999999999995
124 104 249.29999999999998
124 111 54.1
124 116 166.2
124 135 88.1
124 154 130.2
124 164 150.2
124 197 139.2
124 222 78.1
124 237 72.1
124 268 174.2
124 278 99.1
124 288 89.1
125 4 80.1
125 8 83.1
125 26 76.1
125 27 163.2
125 44 106.1
125 50 96.1
125 52 85.1
125 58 228.29999999999998
125 101 239.29999999999998
125 120 96.1
125 129 85.1
125 167 144.2
125 170 95.1
125 183 66.1
125 188 75.1
125 200 78.1
125 221 261.29999999999995
125 237 166.2
125 253 172.2
125 254 84.1
125 273 60.1
126 18 77.1
126 38 54.1
126 62 176.2
126 63 131.2
126 79 75.1
126 102 154.2
126 110 82.1
126 114 61.1
126 161 154.2
126 169 107.1
126 172 222.29999999999998
126 187 124.19999999999999
126 197 77.1
126 201 128.2
126 205 156.2
126 210 79.1
126 232 132.2
127 0 219.29999999999998
127 3 61.1
127 36 146.2
127 51 183.3
127 75 62.1
127 85 74.1
127 91 157.2
127 130 136.2
127 174 119.2
127 180 137.2
127 191 66.1
127 196 70.1
127 211 82.1
127 224 118.2
127 248 110.2
127 266 70.1
127 275 77.1
128 6 151.2
128 37 179.2
128 46 100.1
128 47 203.29999999999998
128 56 186.2
128 61 224.29999999999998
128 64 78.1
128 73 85.1
128 106 108.1
128 145 65.1
128 147 221.29999999999998
128 151 73.1
128 153 105.1
128 176 95.1
128 192 145.2
128 202 92.1
128 206 184.2
128 237 90.1
129 27 47.1
129 29 68.1
129 55 68.1
129 75 146.2
129 84 187.2
129 94 204.29999999999998
129 120 165.2
129 125 81.1
129 193 177.2
129 227 66.1
129 229 81.1
129 246 170.2
129 258 79.1
129 273 153.2
129 280 187.2
129 287 188.2
129 290 264.29999999999995
130 0 130.2
130 11 62.1
130 35 99.1
130 36 176.2
130 51 202.29999999999998
130 90 76.1
130 91 148.2
130 122 61.1
130 127 132.2
130 145 81.1
130 174 144.2
130 180 243.29999999999998
130 218 77.1
130 224 133.2
130 230 73.1
130 248 157.2
130 288 92.1
131 16 131.2
131 33 216.29999999999998
131 49 201.29999999999998
131 54 74.1
131 60 118.19999999999999
131 68 66.1
131 84 88.1
131 100 193.29999999999998
131 108 98.1
131 156 62.1
131 158 77.1
131 167 64.1
131 208 79.1
131 216 124.19999999999999
131 227 142.2
131 230 141.2
131 243 132.2
131 274 82.1
132 4 180.2
132 12 124.19999999999999
132 23 91.1
132 29 149.2
132 39 65.1
132 42 170.2
132 48 68.1
132 101 75.1
132 111 206.29999999999998
132 112 225.29999999999998
132 139 165.2
132 144 81.1
132 154 87.1
132 170 76.1
132 254 153.2
132 258 215.29999999999998
132 289 100.1
133 10 158.2
133 53 59.1
133 64 76.1
133 72 209.29999999999998
133 93 140.2
133 97 52.1
133 103 137.2
133 142 120.2
133 144 78.1
133 164 62.1
133 190 120.19999999999999
133 221 53.1
133 249 138.2
133 256 56.1
133 277 66.1
133 285 71.1
133 291 80.1
134 3 54.1
134 13 80.1
134 89 92.1
134 166 142.2
134 167 54.1
134 179 158.2
134 234 175.2
134 238 63.1
134 245 165.29999999999998
134 252 60.1
134 263 91.1
134 270 197.29999999999998
134 276 78.1
134 278 152.2
134 288 85.1
134 291 119.19999999999999
135 14 61.1
135 20 240.29999999999998
135 40 182.2
135 71 71.1
135 79 51.1
135 89 93.1
135 105 126.19999999999999
135 108 179.2
135 124 72.1
135 178 85.1
135 214 178.2
135 215 148.2
135 238 153.2
135 251 152.2
135 252 152.2
135 263 242.29999999999998
136 5 92.1
136 11 86.1
136 26 183.2
136 31 79.1
136 42 83.1
136 50 290.29999999999995
136 57 73.1
136 91 66.1
136 97 69.1
136 183 168.2
136 222 266.29999999999995
136 235 172.2
136 249 86.1
136 257 171.2
136 276 191.2
136 277 276.29999999999995
136 282 179.2
137 49 71.1
137 56 66.1
137 64 54.1
137 80 79.1
137 82 188.2
137 106 171.2
137 113 67.1
137 148 142.2
137 171 145.2
137 185 79.1
137 199 137.2
137 203 164.2
137 233 159.2
137 236 80.1
137 241 94.1
137 259 68.1
137 288 91.1
138 22 185.2
138 27 83.1
138 28 136.2
138 30 101.1
138 38 158.2
138 68 139.2
138 98 71.1
138 99 139.2
138 111 74.1
138 118 149.2
138 121 172.2
138 140 173.2
138 144 173.2
138 151 78.1
138 184 97.1
138 210 93.1
138 258 83.1
138 281 82.1
139 3 95.1
139 4 181.2
139 12 141.2
139 29 188.2
139 34 110.1
139 42 195.2
139 44 113.1
139 68 69.1
139 81 76.1
139 101 79.1
139 111 167.2
139 112 179.2
139 122 88.1
139 132 185.2
139 145 67.1
139 170 111.1
139 254 168.2
139 258 172.2
139 276 104.1
140 22 186.2
140 23 69.1
140 28 152.2
140 38 151.2
140 58 64.1
140 63 89.1
140 68 183.2
140 70 98.1
140 99 143.2
140 118 156.2
140 121 166.2
140 138 163.2
140 144 187.2
140 173 81.1
140 224 77.1
140 242 116.1
140 261 91.1
140 267 85.1
140 281 85.1
141 10 70.1
141 31 112.2
141 72 72.1
141 83 168.2
141 85 70.1
141 89 165.2
141 90 159.2
141 108 99.1
141 113 84.1
141 115 175.2
141 121 63.1
141 142 88.1
141 153 68.1
141 159 137.2
141 191 69.1
141 200 82.1
141 223 154.2
141 247 177.2
141 277 86.1
141 285 63.1
142 10 147.2
142 53 78.1
142 65 73.1
142 72 106.2
142 73 65.1
142 82 81.1
142 93 115.2
142 103 178.3
142 133 163.2
142 141 78.1
142 153 70.1
142 183 81.1
142 190 127.19999999999999
142 200 150.2
142 209 80.1
142 249 124.19999999999999
142 254 61.1
142 256 51.1
142 285 74.1
143 2 68.1
143 32 141.2
143 35 185.2
143 67 174.2
143 76 102.1
143 85 68.1
143 119 136.2
143 174 72.1
143 177 88.1
143 190 83.1
143 191 70.1
143 207 79.1
143 217 88.1
143 220 74.1
143 228 125.19999999999999
143 239 146.2
143 262 167.2
143 272 198.29999999999998
144 16 68.1
144 22 152.2
144 28 148.2
144 38 137.2
144 64 77.1
144 68 138.2
144 98 87.1
144 99 137.2
144 118 148.2
144 121 163.2
144 132 80.1
144 133 103.1
144 138 153.2
144 140 147.2
144 162 74.1
144 172 85.1
144 253 108.1
145 1 121.2
145 2 82.1
145 4 64.1
145 9 80.1
145 24 78.1
145 30 98.1
145 39 63.1
145 56 80.1
145 62 176.2
145 64 76.1
145 68 72.1
145 73 86.1
145 85 84.1
145 91 86.1
145 101 73.1
145 116 107.1
145 128 66.1
145 130 86.1
145 139 80.1
145 158 75.1
145 176 74.1
145 187 147.2
145 201 97.1
145 225 88.1
145 279 97.1
146 3 153.2
146 7 84.1
146 18 224.29999999999998
146 23 231.29999999999998
146 27 93.1
146 30 139.2
146 70 158.2
146 80 187.2
146 121 81.1
146 147 171.2
146 163 186.2
146 178 80.1
146 188 73.1
146 220 92.1
146 231 79.1
146 240 84.1
146 281 67.1
146 290 94.1
147 5 87.1
147 6 145.2
147 9 184.2
147 37 191.2
147 47 162.2
147 51 100.1
147 56 279.29999999999995
147 61 138.2
147 83 88.1
147 128 207.29999999999998
147 146 194.2
147 192 146.2
147 204 92.1
147 206 152.2
147 219 101.1
147 244 93.1
147 267 68.1
148 28 49.1
148 62 62.1
148 69 53.1
148 82 106.2
148 106 124.19999999999999
148 137 149.2
148 156 59.1
148 168 62.1
148 171 124.19999999999999
148 176 65.1
148 199 138.2
148 202 73.1
148 203 140.2
148 211 61.1
148 232 65.1
148 233 99.2
148 256 58.1
149 37 78.1
149 66 154.2
149 88 181.2
149 151 156.2
149 152 86.1
149 162 92.1
149 168 145.2
149 175 138.2
149 176 226.29999999999998
149 185 72.1
149 192 62.1
149 199 88.1
149 204 143.2
149 212 131.2
149 237 76.1
149 244 157.2
149 285 91.1
150 24 125.19999999999999
150 53 122.19999999999999
150 65 72.1
150 69 130.2
150 71 62.1
150 78 141.2
150 88 93.1
150 113 65.1
150 115 70.1
150 159 57.1
150 165 71.1
150 167 57.1
150 192 57.1
150 202 57.1
150 219 61.1
150 223 73.1
150 236 114.2
150 243 60.1
150 271 66.1
150 285 141.2
151 5 71.1
151 7 76.1
151 9 57.1
151 24 62.1
151 47 69.1
151 52 65.1
151 66 146.2
151 82 55.1
151 88 140.2
151 128 56.1
151 138 61.1
151 149 151.2
151 168 152.2
151 175 120.2
151 176 215.29999999999998
151 204 221.29999999999998
151 212 222.29999999999998
151 244 124.19999999999999
152 1 89.1
152 2 258.29999999999995
152 4 113.1
152 14 196.2
152 39 152.2
152 40 102.1
152 41 168.2
152 43 267.29999999999995
152 45 89.1
152 55 204.2
152 68 66.1
152 74 87.1
152 78 108.1
152 94 116.1
152 111 105.1
152 123 182.2
152 149 107.1
152 163 84.1
152 194 206.2
152 277 98.1
153 33 68.1
153 34 70.1
153 73 138.2
153 90 75.1
153 92 190.2
153 109 202.2
153 128 75.1
153 141 81.1
153 142 73.1
153 189 79.1
153 200 140.2
153 209 139.2
153 211 234.29999999999998
153 224 68.1
153 238 83.1
153 242 258.29999999999995
153 256 249.29999999999998
153 285 87.1
154 1 74.1
154 3 83.1
154 8 167.2
154 14 95.1
154 16 82.1
154 46 237.29999999999998
154 71 161.2
154 104 222.29999999999998
154 124 165.2
154 132 74.1
154 160 79.1
154 164 151.2
154 174 79.1
154 175 80.1
154 197 154.2
154 198 118.1
154 230 91.1
154 232 61.1
154 241 76.1
154 254 75.1
154 283 104.1
155 7 172.2
155 16 133.2
155 18 90.1
155 21 157.2
155 66 76.1
155 74 220.29999999999998
155 86 148.2
155 107 160.2
155 165 138.2
155 196 156.2
155 216 157.2
155 228 54.1
155 243 138.2
155 260 165.2
155 272 134.2
156 17 288.29999999999995
156 40 156.2
156 45 290.29999999999995
156 75 83.1
156 87 95.1
156 131 85.1
156 148 56.1
156 160 151.2
156 163 81.1
156 208 274.29999999999995
156 213 147.2
156 232 73.1
156 260 90.1
156 269 91.1
156 280 193.2
156 284 212.2
156 289 169.2
157 15 128.2
157 19 129.2
157 50 77.1
157 63 66.1
157 81 157.2
157 96 169.2
157 98 57.1
157 117 220.29999999999998
157 118 51.1
157 181 60.1
157 182 173.3
157 186 205.29999999999998
157 219 83.1
157 225 80.1
157 226 73.1
157 261 67.1
157 267 129.2
157 281 66.1
158 30 79.1
158 32 58.1
158 58 58.1
158 70 99.1
158 79 74.1
158 80 86.1
158 96 98.1
158 102 148.2
158 105 60.1
158 114 223.29999999999998
158 131 66.1
158 145 77.1
158 178 151.2
158 210 151.2
158 214 84.1
158 219 80.1
158 221 89.1
158 225 240.29999999999998
158 235 230.29999999999998
158 264 77.1
158 266 106.1
158 274 191.2
159 31 128.2
159 57 77.1
159 62 97.1
159 71 73.1
159 83 205.29999999999998
159 89 152.2
159 90 203.29999999999998
159 114 64.1
159 115 123.2
159 141 137.2
159 150 72.1
159 185 65.1
159 210 68.1
159 223 136.2
159 242 85.1
159 247 199.2
159 271 72.1
159 288 77.1
160 17 196.2
160 25 138.2
160 40 201.29999999999998
160 45 164.2
160 104 68.1
160 154 53.1
160 156 163.2
160 161 150.2
160 208 142.2
160 213 155.2
160 226 91.1
160 238 85.1
160 274 77.1
160 278 94.1
160 284 146.2
160 289 198.2
160 290 92.1
161 25 88.1
161 45 107.1
161 52 64.1
161 54 192.29999999999998
161 102 108.1
161 110 50.1
161 126 128.2
161 160 151.2
161 169 170.2
161 170 152.2
161 197 66.1
161 205 69.1
161 229 156.2
161 240 150.2
161 265 195.29999999999998
161 283 72.1
161 287 75.1
162 2 68.1
162 48 60.1
162 53 65.1
162 57 173.2
162 77 139.2
162 104 76.1
162 144 70.1
162 149 94.1
162 174 74.1
162 185 155.2
162 189 79.1
162 212 79.1
162 236 79.1
162 238 74.1
162 241 150.2
162 253 74.1
162 259 216.29999999999998
162 271 96.1
162 275 163.2
162 288 81.1
163 3 269.29999999999995
163 7 89.1
163 13 173.1
163 18 244.29999999999998
163 23 136.2
163 30 197.2
163 51 74.1
163 70 193.2
163 72 142.1
163 76 136.1
163 80 271.29999999999995
163 146 216.2
163 152 103.1
163 156 134.1
163 178 99.1
163 192 89.1
163 290 147.1
164 8 188.2
164 10 87.1
164 30 75.1
164 34 78.1
164 46 206.29999999999998
164 66 67.1
164 71 254.29999999999998
164 72 85.1
164 97 58.1
164 103 91.1
164 104 176.2
164 124 168.2
164 133 67.1
164 154 133.2
164 190 138.2
164 197 151.2
164 221 83.1
164 244 73.1
165 7 213.29999999999998
165 10 66.1
165 21 120.19999999999999
165 32 61.1
165 44 78.1
165 74 150.2
165 85 72.1
165 86 185.29999999999998
165 107 151.2
165 122 80.1
165 150 70.1
165 155 133.2
165 196 146.2
165 216 115.2
165 260 128.2
165 269 47.1
166 10 62.1
166 46 48.1
166 59 76.1
166 69 62.1
166 83 75.1
166 134 138.2
166 179 209.29999999999998
166 215 58.1
166 219 72.1
166 234 206.29999999999998
166 242 72.1
166 245 131.2
166 249 52.1
166 268 86.1
166 270 147.2
166 277 64.1
166 278 146.2
167 11 52.1
167 23 62.1
167 27 199.29999999999998
167 42 60.1
167 58 110.2
167 59 119.19999999999999
167 101 143.2
167 121 46.1
167 125 139.2
167 131 67.1
167 134 76.1
167 150 56.1
167 190 60.1
167 221 157.2
167 237 126.19999999999999
167 253 136.2
167 278 75.1
167 282 69.1
167 291 70.1
168 24 76.1
168 47 62.1
168 61 58.1
168 66 140.2
168 76 96.1
168 82 77.1
168 88 144.2
168 109 94.1
168 148 47.1
168 149 151.2
168 151 117.2
168 175 125.19999999999999
168 176 138.2
168 202 58.1
168 204 220.29999999999998
168 212 138.2
168 244 134.2
168 256 50.1
169 27 74.1
169 54 242.29999999999998
169 102 65.1
169 126 76.1
169 161 156.2
169 170 160.2
169 183 102.1
169 188 74.1
169 198 74.1
169 214 88.1
169 215 145.2
169 229 97.1
169 238 88.1
169 240 278.29999999999995
169 250 68.1
169 265 146.2
169 266 85.1
169 281 61.1
170 44 95.1
170 54 217.29999999999998
170 84 170.2
170 125 78.1
170 132 89.1
170 139 75.1
170 161 138.2
170 169 177.2
170 183 82.1
170 229 179.2
170 240 204.2
170 253 91.1
170 254 72.1
170 265 120.2
170 286 269.29999999999995
171 43 64.1
171 56 81.1
171 63 67.1
171 77 149.2
171 82 144.2
171 106 138.2
171 113 61.1
171 137 138.2
171 148 77.2
171 185 81.1
171 199 136.2
171 203 147.2
171 233 96.2
171 241 141.2
171 248 55.1
171 259 141.2
172 1 56.1
172 43 61.1
172 62 262.29999999999995
172 63 139.2
172 70 79.1
172 114 66.1
172 126 206.29999999999998
172 144 65.1
172 173 56.1
172 183 61.1
172 187 117.19999999999999
172 196 78.1
172 201 120.19999999999999
172 205 112.2
172 225 59.1
172 232 126.19999999999999
172 242 69.1
172 250 54.1
172 274 113.2
173 1 51.1
173 25 48.1
173 67 68.1
173 69 64.1
173 77 66.1
173 80 65.1
173 95 66.1
173 98 56.1
173 102 56.1
173 110 127.19999999999999
173 119 88.1
173 140 62.1
173 172 60.1
173 181 55.1
173 205 53.1
173 217 121.2
173 226 131.2
173 250 51.1
173 266 51.1
173 267 57.1
173 268 151.2
173 279 68.1
173 281 63.1
174 0 150.2
174 14 75.1
174 36 190.29999999999998
174 51 126.19999999999999
174 86 54.1
174 91 243.29999999999998
174 114 81.1
174 122 82.1
174 127 118.2
174 130 162.2
174 143 80.1
174 154 69.1
174 162 77.1
174 180 153.2
174 224 123.19999999999999
174 243 73.1
174 248 134.2
175 10 71.1
175 16 82.1
175 51 55.1
175 66 232.29999999999998
175 88 166.2
175 97 67.1
175 149 135.2
175 151 114.2
175 154 57.1
175 168 153.2
175 176 139.2
175 193 62.1
175 204 140.2
175 211 64.1
175 212 185.29999999999998
175 244 135.2
175 259 82.1
176 6 77.1
176 30 84.1
176 58 71.1
176 66 183.2
176 73 78.1
176 88 151.2
176 100 74.1
176 128 79.1
176 145 69.1
176 148 60.1
176 149 238.29999999999998
176 151 196.29999999999998
176 168 166.2
176 175 130.2
176 192 74.1
176 204 144.2
176 212 139.2
176 221 100.1
176 244 141.2
176 256 70.1
177 6 59.1
177 8 72.1
177 76 231.2
177 85 243.29999999999998
177 86 62.1
177 91 74.1
177 122 147.2
177 143 69.1
177 189 167.2
177 191 160.2
177 197 72.1
177 203 85.1
177 207 141.2
177 220 100.1
177 230 75.1
177 262 64.1
177 269 169.2
177 280 71.1
177 290 73.1
178 16 64.1
178 23 69.1
178 25 82.1
178 52 73.1
178 75 82.1
178 79 66.1
178 102 206.29999999999998
178 107 58.1
178 114 159.2
178 135 97.1
178 146 95.1
178 158 139.2
178 163 78.1
178 210 150.2
178 225 137.2
178 235 139.2
178 252 78.1
178 258 63.1
178 266 85.1
178 274 249.29999999999998
179 5 70.1
179 37 63.1
179 50 73.1
179 59 54.1
179 134 176.2
179 166 231.29999999999998
179 213 73.1
179 221 62.1
179 222 174.2
179 234 169.2
179 245 210.29999999999998
179 270 161.2
179 277 83.1
179 278 256.29999999999995
179 291 122.2
180 0 118.19999999999999
180 17 77.1
180 36 127.19999999999999
180 42 82.1
180 51 123.2
180 81 72.1
180 91 153.2
180 99 55.1
180 122 51.1
180 127 103.2
180 130 211.29999999999998
180 174 134.2
180 224 135.2
180 231 88.1
180 239 52.1
180 248 121.19999999999999
180 262 81.1
181 13 169.2
181 15 71.1
181 23 60.1
181 75 130.2
181 81 66.1
181 96 80.1
181 98 125.19999999999999
181 157 62.1
181 173 69.1
181 186 52.1
181 188 63.1
181 220 179.2
181 223 67.1
181 226 157.2
181 229 137.2
181 252 77.1
181 261 161.2
181 263 85.1
181 264 66.1
182 15 116.19999999999999
182 19 211.29999999999998
182 27 73.1
182 38 43.1
182 81 231.29999999999998
182 96 142.2
182 105 71.1
182 117 150.2
182 157 245.29999999999998
182 184 79.1
182 186 145.2
182 201 63.1
182 208 98.1
182 210 48.1
182 267 106.2
182 268 105.1
182 279 69.1
183 26 143.2
183 44 84.1
183 50 130.2
183 88 76.1
183 102 78.1
183 125 69.1
183 136 143.2
183 142 86.1
183 169 98.1
183 170 77.1
183 172 59.1
183 189 82.1
183 196 74.1
183 222 160.2
183 276 153.2
183 277 219.29999999999998
183 282 163.2
183 284 72.1
184 52 77.1
184 87 175.2
184 118 70.1
184 120 138.2
184 138 73.1
184 182 56.1
184 195 82.1
184 198 174.2
184 218 169.2
184 231 151.2
184 246 168.2
184 263 98.1
184 273 75.1
184 281 148.2
184 283 138.2
184 286 254.29999999999998
185 1 56.1
185 57 122.19999999999999
185 61 54.1
185 66 79.1
185 77 123.19999999999999
185 115 68.1
185 116 62.1
185 137 87.1
185 149 82.1
185 159 64.1
185 162 148.2
185 171 63.1
185 199 74.1
185 204 76.1
185 219 150.2
185 236 71.1
185 241 138.2
185 256 54.1
185 259 137.2
185 275 224.29999999999998
186 15 146.2
186 19 148.2
186 68 68.1
186 69 72.1
186 81 157.2
186 96 150.2
186 114 73.1
186 117 147.2
186 157 205.29999999999998
186 181 77.1
186 182 121.19999999999999
186 225 77.1
186 226 108.1
186 228 63.1
186 239 65.1
186 264 73.1
186 267 151.2
186 279 70.1
187 1 139.2
187 36 57.1
187 48 91.1
187 62 172.2
187 63 154.2
187 93 76.1
187 99 123.19999999999999
187 118 73.1
187 126 120.19999999999999
187 145 156.2
187 172 143.2
187 201 165.2
187 205 213.29999999999998
187 214 75.1
187 232 158.2
187 270 83.1
187 281 77.1
188 8 73.1
188 20 69.1
188 25 148.2
188 27 55.1
188 29 55.1
188 44 246.29999999999998
188 52 154.2
188 75 170.2
188 111 64.1
188 121 66.1
188 125 77.1
188 146 61.1
188 169 90.1
188 181 53.1
188 195 200.29999999999998
188 231 73.1
188 237 64.1
188 253 146.2
188 287 63.1
188 289 61.1
189 3 73.1
189 31 54.1
189 34 69.1
189 49 82.1
189 57 61.1
189 75 73.1
189 76 247.2
189 80 100.1
189 85 192.2
189 86 46.1
189 122 155.2
189 153 91.1
189 162 105.1
189 177 190.2
189 183 96.1
189 191 151.2
189 196 81.1
189 207 142.2
189 269 263.29999999999995
190 5 48.1
190 9 74.1
190 10 173.2
190 46 66.1
190 48 57.1
190 53 85.1
190 72 190.29999999999998
190 93 215.29999999999998
190 97 51.1
190 103 210.29999999999998
190 133 143.2
190 142 125.19999999999999
190 143 71.1
190 164 143.2
190 167 66.1
190 220 95.1
190 221 86.1
190 236 69.1
190 249 149.2
190 277 78.1
191 10 67.1
191 12 48.1
191 21 54.1
191 76 181.2
191 82 76.1
191 85 136.2
191 86 63.1
191 91 62.1
191 103 54.1
191 122 185.3
191 127 51.1
191 141 62.1
191 143 69.1
191 177 117.19999999999999
191 189 139.2
191 207 144.2
191 228 69.1
191 260 66.1
191 269 139.2
192 5 62.1
192 6 152.2
192 37 133.2
192 47 133.2
192 56 146.2
192 61 191.3
192 65 60.1
192 69 85.1
192 97 76.1
192 118 86.1
192 128 134.2
192 147 149.2
192 149 68.1
192 150 77.1
192 163 84.1
192 176 79.1
192 206 108.2
192 247 85.1
193 45 78.1
193 55 81.1
193 67 87.1
193 77 63.1
193 78 76.1
193 84 196.2
193 94 153.2
193 95 79.1
193 120 261.29999999999995
193 129 150.2
193 175 37.1
193 195 155.2
193 208 81.1
193 230 53.1
193 273 165.2
193 280 202.2
193 287 171.2
193 290 208.2
194 2 134.2
194 14 152.2
194 39 97.2
194 41 120.19999999999999
194 43 157.2
194 52 56.1
194 54 145.2
194 55 98.2
194 80 69.1
194 120 79.1
194 122 94.1
194 123 127.19999999999999
194 152 148.2
194 216 68.1
194 230 50.1
195 3 83.1
195 25 257.29999999999995
195 43 97.1
195 44 187.2
195 52 150.2
195 60 53.1
195 75 244.29999999999998
195 77 73.1
195 94 130.2
195 184 96.1
195 188 181.29999999999998
195 193 171.2
195 253 77.1
195 266 214.29999999999998
195 287 192.2
196 0 78.1
196 7 144.2
196 18 83.1
196 21 132.2
196 74 111.2
196 85 71.1
196 86 164.2
196 107 212.3
196 127 57.1
196 155 150.2
196 165 133.2
196 172 72.1
196 183 72.1
196 189 71.1
196 200 85.1
196 216 150.2
196 230 75.1
196 260 147.2
197 8 145.2
197 12 72.1
197 23 51.1
197 46 125.19999999999999
197 71 141.2
197 99 62.1
197 101 61.1
197 102 62.1
197 104 235.29999999999998
197 112 70.1
197 124 128.2
197 126 65.1
197 154 112.2
197 161 64.1
197 164 131.2
197 177 66.1
197 201 62.1
197 265 135.2
197 281 88.1
197 286 87.1
198 8 68.1
198 87 188.2
198 116 98.1
198 123 81.1
198 154 85.1
198 169 79.1
198 184 184.2
198 218 183.2
198 229 197.2
198 231 196.2
198 246 171.2
198 254 79.1
198 263 106.1
198 283 263.29999999999995
198 286 194.2
198 289 84.1
199 56 63.1
199 73 61.1
199 82 138.2
199 106 118.2
199 108 76.1
199 109 73.1
199 137 167.2
199 148 100.2
199 149 59.1
199 171 124.2
199 185 56.1
199 203 152.2
199 211 83.1
199 233 115.2
199 241 48.1
199 277 59.1
200 39 80.1
200 73 117.2
200 88 95.1
200 106 74.1
200 109 149.2
200 125 71.1
200 141 78.1
200 142 156.2
200 153 148.2
200 196 79.1
200 209 212.29999999999998
200 211 212.29999999999998
200 242 165.2
200 256 151.2
200 275 177.2
201 15 54.1
201 62 144.2
201 63 148.2
201 95 65.1
201 99 59.1
201 114 59.1
201 117 81.1
201 122 76.1
201 126 118.19999999999999
201 145 65.1
201 172 120.19999999999999
201 182 42.1
201 187 143.2
201 197 59.1
201 205 108.2
201 210 132.2
201 232 184.29999999999998
201 250 109.2
202 24 77.1
202 53 119.2
202 63 82.1
202 64 66.1
202 65 127.19999999999999
202 69 65.1
202 78 126.19999999999999
202 83 65.1
202 85 64.1
202 88 79.1
202 113 170.2
202 128 72.1
202 148 59.1
202 150 67.1
202 168 71.1
202 219 202.29999999999998
202 236 49.1
202 257 65.1
202 259 67.1
202 271 138.2
202 285 75.1
203 0 61.1
203 54 62.1
203 65 59.1
203 73 73.1
203 78 67.1
203 82 146.2
203 89 75.1
203 106 140.2
203 115 62.1
203 122 78.1
203 137 146.2
203 148 85.2
203 171 141.2
203 177 58.1
203 199 135.2
203 209 71.1
203 211 71.1
203 233 109.19999999999999
203 238 69.1
204 1 55.1
204 5 77.1
204 63 97.1
204 66 163.2
204 88 153.2
204 93 67.1
204 123 70.1
204 147 87.1
204 149 124.19999999999999
204 151 155.3
204 168 242.29999999999998
204 175 114.2
204 176 129.2
204 185 73.1
204 212 142.2
204 244 137.2
204 254 74.1
204 267 77.1
205 28 66.1
205 30 53.1
205 62 126.19999999999999
205 63 143.2
205 72 60.1
205 92 102.1
205 97 64.1
205 102 73.1
205 117 84.1
205 126 139.2
205 161 93.1
205 172 124.19999999999999
205 173 48.1
205 187 201.29999999999998
205 201 122.19999999999999
205 210 71.1
205 219 88.1
205 227 64.1
205 232 189.29999999999998
205 242 85.1
205 267 89.1
205 289 64.1
206 1 74.1
206 6 136.2
206 34 93.1
206 37 261.29999999999995
206 47 153.2
206 56 151.2
206 61 209.29999999999998
206 111 56.1
206 123 81.1
206 128 163.2
206 147 184.2
206 192 138.2
206 217 83.1
206 221 97.1
206 268 117.1
207 36 61.1
207 69 71.1
207 76 272.29999999999995
207 85 139.2
207 93 55.1
207 99 58.1
207 122 132.2
207 143 69.1
207 177 123.19999999999999
207 189 136.2
207 191 138.2
207 228 52.1
207 236 60.1
207 239 47.1
207 262 55.1
207 269 128.2
208 4 66.1
208 17 147.2
208 33 57.1
208 40 144.2
208 45 171.2
208 55 64.1
208 96 54.1
208 131 66.1
208 156 232.29999999999998
208 160 130.2
208 182 70.1
208 193 78.1
208 213 125.19999999999999
208 240 71.1
208 284 147.2
208 289 155.2
209 6 47.1
209 21 48.1
209 59 58.1
209 65 56.1
209 69 72.1
209 73 134.2
209 74 69.1
209 78 57.1
209 109 132.2
209 142 72.1
209 153 129.2
209 200 217.29999999999998
209 203 80.1
209 211 147.2
209 223 71.1
209 242 136.2
209 253 81.1
209 255 68.1
209 256 155.2
210 19 68.1
210 57 60.1
210 102 169.3
210 110 58.1
210 114 105.2
210 123 75.1
210 126 60.1
210 138 59.1
210 158 126.19999999999999
210 159 73.1
210 178 121.19999999999999
210 182 49.1
210 201 124.19999999999999
210 205 77.1
210 225 98.2
210 235 135.2
210 258 64.1
210 274 122.2
211 39 69.1
211 53 94.1
211 73 138.2
211 82 64.1
211 109 236.29999999999998
211 116 83.1
211 127 59.1
211 148 50.1
211 153 229.29999999999998
211 175 60.1
211 199 96.1
211 200 234.29999999999998
211 203 76.1
211 209 140.2
211 242 161.2
211 244 81.1
211 256 165.2
211 275 95.1
212 18 78.1
212 57 76.1
212 60 51.1
212 61 75.1
212 66 175.2
212 88 180.2
212 149 140.2
212 151 202.29999999999998
212 162 73.1
212 168 155.2
212 175 199.29999999999998
212 176 145.2
212 204 147.2
212 233 75.1
212 241 76.1
212 244 232.29999999999998
212 259 85.1
213 13 55.1
213 17 147.2
213 40 128.2
213 45 123.19999999999999
213 46 60.1
213 55 58.1
213 112 57.1
213 116 47.1
213 156 118.19999999999999
213 160 129.2
213 179 59.1
213 208 118.19999999999999
213 235 48.1
213 247 70.1
213 278 64.1
213 284 142.2
213 289 108.2
214 20 155.2
214 52 64.1
214 89 91.1
214 105 213.29999999999998
214 108 179.2
214 135 154.2
214 158 69.1
214 169 65.1
214 187 51.1
214 215 163.2
214 235 69.1
214 238 149.2
214 247 64.1
214 251 150.2
214 255 87.1
214 263 142.2
214 284 89.1
215 6 57.1
215 9 87.1
215 20 186.29999999999998
215 93 61.1
215 104 55.1
215 105 190.29999999999998
215 108 255.29999999999998
215 135 158.2
215 166 86.1
215 169 142.2
215 214 163.2
215 238 147.2
215 251 162.2
215 263 147.2
216 7 169.2
216 21 225.29999999999998
216 33 134.2
216 74 245.29999999999998
216 84 84.1
216 86 140.2
216 107 140.2
216 108 104.1
216 131 134.2
216 155 184.2
216 165 149.2
216 194 74.1
216 196 167.2
216 231 97.1
216 260 181.2
217 22 77.1
217 70 80.1
217 79 221.29999999999998
217 84 192.2
217 95 147.2
217 98 161.3
217 110 135.2
217 143 89.1
217 173 126.2
217 206 49.1
217 235 71.1
217 250 234.29999999999998
217 264 155.2
217 279 179.2
217 280 120.1
217 281 96.1
218 0 68.1
218 41 59.1
218 44 80.1
218 55 67.1
218 87 140.2
218 94 145.2
218 123 51.1
218 130 70.1
218 184 157.2
218 198 174.2
218 231 202.29999999999998
218 235 74.1
218 246 150.2
218 283 146.2
218 286 182.2
219 15 91.1
219 16 62.1
219 24 180.2
219 53 150.2
219 65 145.2
219 69 79.1
219 78 101.1
219 103 79.1
219 113 177.2
219 147 89.1
219 150 62.1
219 157 89.1
219 158 76.1
219 166 74.1
219 185 141.2
219 202 228.29999999999998
219 205 83.1
219 236 63.1
219 271 147.2
219 285 66.1
220 13 207.2
220 23 56.1
220 67 180.2
220 79 76.1
220 96 96.1
220 119 166.2
220 143 73.1
220 146 68.1
220 177 91.1
220 181 177.2
220 190 83.1
220 226 192.2
220 232 97.1
220 239 73.1
220 268 114.1
220 269 91.1
220 272 65.1
220 281 166.2
221 11 80.1
221 12 76.1
221 26 73.1
221 27 161.2
221 46 71.1
221 48 59.1
221 58 139.2
221 72 88.1
221 85 78.1
221 101 147.2
221 125 228.29999999999998
221 133 76.1
221 158 84.1
221 164 91.1
221 167 149.2
221 176 89.1
221 179 83.1
221 190 82.1
221 206 64.1
221 237 147.2
221 244 75.1
221 253 167.2
221 257 74.1
222 26 122.2
222 42 66.1
222 50 150.2
222 59 61.1
222 124 67.1
222 136 221.29999999999998
222 179 153.2
222 183 147.2
222 234 85.1
222 245 148.2
222 276 160.2
222 277 128.2
222 278 80.1
222 282 144.2
223 31 192.29999999999998
223 78 72.1
223 80 67.1
223 83 142.2
223 89 140.2
223 90 148.2
223 115 206.29999999999998
223 141 160.2
223 150 70.1
223 159 163.2
223 181 54.1
223 209 55.1
223 233 50.1
223 247 176.2
223 255 98.1
223 287 70.1
223 288 69.1
224 0 122.19999999999999
224 36 129.2
224 51 111.2
224 64 64.1
224 91 117.2
224 116 83.1
224 117 80.1
224 127 119.19999999999999
224 130 130.2
224 140 60.1
224 153 73.1
224 174 107.2
224 180 139.2
224 243 62.1
224 248 155.3
224 262 74.1
225 2 66.1
225 3 66.1
225 21 82.1
225 23 62.1
225 38 54.1
225 68 54.1
225 79 132.2
225 102 146.2
225 103 71.1
225 114 132.2
225 145 78.1
225 157 78.1
225 158 222.29999999999998
225 172 75.1
225 178 135.2
225 186 65.1
225 210 127.19999999999999
225 235 129.2
225 274 129.2
225 275 101.1
226 6 56.1
226 8 96.1
226 13 229.2
226 15 85.1
226 62 101.1
226 88 82.1
226 89 195.2
226 157 74.1
226 160 94.1
226 173 143.2
226 181 162.2
226 186 95.1
226 220 189.2
226 257 96.1
226 259 91.1
226 261 184.2
226 265 79.1
226 281 207.2
227 16 124.19999999999999
227 18 77.1
227 25 79.1
227 27 75.1
227 32 78.1
227 33 168.2
227 49 143.2
227 60 128.2
227 79 51.1
227 80 95.1
227 84 69.1
227 100 201.29999999999998
227 107 69.1
227 120 80.1
227 129 75.1
227 131 121.2
227 205 66.1
227 230 135.2
227 243 178.2
227 273 76.1
228 32 89.2
228 35 118.2
228 36 42.1
228 67 176.29999999999998
228 98 39.1
228 119 120.2
228 143 111.2
228 155 45.1
228 186 49.1
228 191 38.1
228 207 54.1
228 239 116.2
228 255 90.1
228 260 61.1
228 262 124.19999999999999
228 269 52.1
228 272 122.19999999999999
229 52 144.2
229 54 162.2
229 75 161.2
229 107 69.1
229 129 70.1
229 161 152.2
229 169 111.1
229 170 144.2
229 181 144.2
229 198 207.2
229 240 156.2
229 264 134.2
229 265 169.29999999999998
229 283 85.1
230 13 108.1
230 16 118.2
230 33 147.2
230 47 110.2
230 49 195.29999999999998
230 60 102.2
230 72 53.1
230 100 124.2
230 130 79.1
230 131 118.2
230 154 46.1
230 177 85.1
230 193 67.1
230 194 51.1
230 196 62.1
230 227 128.2
230 243 116.19999999999999
230 271 78.1
230 288 70.1
231 22 64.1
231 27 82.1
231 35 164.2
231 87 265.29999999999995
231 146 77.1
231 180 75.1
231 184 177.2
231 188 59.1
231 198 208.2
231 216 76.1
231 218 273.29999999999995
231 235 71.1
231 239 78.1
231 246 164.2
231 283 157.2
231 286 298.29999999999995
231 290 83.1
232 15 88.1
232 58 90.1
232 62 285.29999999999995
232 63 162.2
232 76 115.1
232 83 77.1
232 85 78.1
232 110 80.1
232 117 76.1
232 126 157.2
232 148 72.1
232 154 82.1
232 156 84.1
232 172 159.2
232 187 169.2
232 201 247.29999999999998
232 205 211.29999999999998
232 220 90.1
232 279 95.1
233 61 50.1
233 73 59.1
233 82 141.2
233 106 129.2
233 137 158.2
233 148 86.2
233 171 125.19999999999999
233 199 115.2
233 203 132.2
233 212 69.1
233 223 69.1
233 236 68.1
233 241 65.1
233 252 93.1
233 255 83.1
233 268 74.1
233 275 55.1
234 40 63.1
234 71 67.1
234 93 140.2
234 97 43.1
234 134 171.2
234 166 191.3
234 179 147.2
234 222 73.1
234 245 128.2
234 249 121.2
234 257 76.1
234 270 149.2
234 278 149.2
234 285 67.1
234 291 147.2
235 13 83.1
235 22 54.1
235 64 77.1
235 70 114.1
235 85 73.1
235 102 156.2
235 114 205.29999999999998
235 136 149.2
235 158 216.29999999999998
235 178 123.19999999999999
235 210 118.19999999999999
235 213 85.1
235 214 87.1
235 217 63.1
235 218 76.1
235 225 125.2
235 231 78.1
235 246 77.1
235 250 70.1
235 260 65.1
235 274 152.2
236 24 160.3
236 53 62.1
236 61 39.1
236 65 56.1
236 69 99.2
236 77 51.1
236 78 129.2
236 103 50.1
236 113 68.1
236 115 65.1
236 137 77.1
236 150 111.2
236 162 72.1
236 185 59.1
236 190 57.1
236 202 53.1
236 207 62.1
236 219 57.1
236 233 53.1
236 271 126.19999999999999
236 285 110.2
236 288 56.1
237 5 72.1
237 8 78.1
237 23 70.1
237 27 147.2
237 40 92.1
237 58 195.29999999999998
237 61 60.1
237 71 104.1
237 101 116.19999999999999
237 111 69.1
237 116 189.2
237 124 78.1
237 125 185.2
237 128 69.1
237 149 95.1
237 167 132.2
237 188 66.1
237 221 142.2
237 253 161.2
237 254 82.1
237 289 100.1
238 6 65.1
238 20 184.3
238 61 59.1
238 105 116.2
238 108 148.2
238 134 60.1
238 135 162.2
238 153 64.1
238 160 65.1
238 162 80.1
238 169 68.1
238 203 68.1
238 214 151.2
238 215 149.2
238 251 150.2
238 252 81.1
238 259 128.2
238 263 132.2
239 3 58.1
239 17 94.1
239 32 152.2
239 35 148.2
239 67 171.2
239 80 79.1
239 119 253.29999999999998
239 143 163.2
239 180 56.1
239 186 70.1
239 207 67.1
239 220 94.1
239 228 153.2
239 231 77.1
239 255 93.1
239 262 207.29999999999998
239 272 133.2
240 9 76.1
240 54 149.2
240 58 61.1
240 92 169.2
240 105 70.1
240 146 77.1
240 161 136.2
240 169 289.29999999999995
240 170 179.2
240 208 69.1
240 229 141.2
240 251 82.1
240 257 64.1
240 261 90.1
240 265 204.29999999999998
240 286 73.1
240 287 158.2
241 8 66.1
241 37 49.1
241 56 57.1
241 57 184.29999999999998
241 71 49.1
241 74 47.1
241 77 134.2
241 78 57.1
241 113 59.1
241 123 52.1
241 137 74.1
241 154 47.1
241 162 122.19999999999999
241 171 136.2
241 185 105.2
241 199 50.1
241 212 53.1
241 233 62.1
241 259 140.2
241 275 160.2
242 25 58.1
242 31 65.1
242 73 141.2
242 81 60.1
242 92 139.2
242 109 148.2
242 140 48.1
242 153 220.29999999999998
242 159 80.1
242 166 76.1
242 172 61.1
242 200 151.2
242 205 58.1
242 209 136.2
242 211 132.2
242 247 89.1
242 256 123.19999999999999
242 288 78.1
243 16 200.3
243 33 145.2
243 37 67.1
243 38 63.1
243 49 117.2
243 60 95.2
243 100 189.29999999999998
243 131 118.2
243 150 78.1
243 155 142.2
243 174 66.1
243 224 71.1
243 227 163.2
243 230 121.2
243 272 64.1
244 26 74.1
244 56 68.1
244 66 191.2
244 72 82.1
244 83 64.1
244 88 175.2
244 104 86.1
244 147 97.1
244 149 155.2
244 151 124.19999999999999
244 164 69.1
244 168 164.2
244 175 140.2
244 176 153.2
244 204 175.2
244 211 92.1
244 212 213.29999999999998
244 221 68.1
245 2 79.1
245 8 82.1
245 9 82.1
245 58 73.1
245 104 56.1
245 134 223.29999999999998
245 166 155.2
245 179 227.29999999999998
245 222 146.2
245 234 141.2
245 257 162.2
245 263 68.1
245 270 163.2
245 278 177.2
245 282 78.1
246 10 87.1
246 20 148.2
246 27 73.1
246 44 99.1
246 87 220.29999999999998
246 120 76.1
246 129 146.2
246 184 161.2
246 198 183.2
246 218 136.2
246 231 132.2
246 235 72.1
246 247 85.1
246 283 151.2
246 286 162.2
247 31 122.19999999999999
247 43 96.1
247 77 71.1
247 83 131.2
247 89 137.2
247 90 188.2
247 109 76.1
247 115 140.2
247 141 165.2
247 159 184.2
247 192 62.1
247 213 69.1
247 214 79.1
247 223 163.2
247 242 87.1
247 246 73.1
247 288 58.1
248 0 126.19999999999999
248 3 67.1
248 16 64.1
248 35 64.1
248 36 206.29999999999998
248 51 111.2
248 78 92.1
248 85 70.1
248 91 203.29999999999998
248 112 62.1
248 116 62.1
248 127 108.19999999999999
248 130 122.2
248 171 66.1
248 174 136.2
248 180 143.2
248 224 178.3
249 10 237.4
249 29 63.1
249 33 51.1
249 41 55.1
249 50 59.1
249 64 51.1
249 72 118.2
249 92 71.1
249 93 129.2
249 103 109.2
249 106 81.1
249 133 143.2
249 136 80.1
249 142 160.2
249 166 64.1
249 190 135.2
249 234 122.19999999999999
249 257 50.1
250 28 65.1
250 67 79.1
250 70 76.1
250 79 116.19999999999999
250 95 124.19999999999999
250 98 123.2
250 110 156.2
250 114 65.1
250 169 76.1
250 172 70.1
250 173 50.1
250 201 113.2
250 217 204.29999999999998
250 235 63.1
250 252 86.1
250 264 154.2
250 279 147.2
251 20 160.2
251 56 76.1
251 105 141.2
251 108 175.2
251 135 135.2
251 214 141.2
251 215 165.2
251 238 164.2
251 240 71.1
251 255 165.2
251 263 142.2
251 268 175.2
251 270 129.2
252 20 137.2
252 34 42.1
252 44 61.1
252 109 72.1
252 112 62.1
252 134 45.1
252 135 162.2
252 178 48.1
252 181 65.1
252 233 81.1
252 238 65.1
252 250 66.1
252 255 105.1
252 257 86.1
252 268 127.19999999999999
252 278 138.2
252 279 89.1
252 289 60.1
252 291 127.19999999999999
253 27 155.2
253 39 62.1
253 41 63.1
253 52 80.1
253 58 122.19999999999999
253 101 247.29999999999998
253 116 60.1
253 123 64.1
253 125 159.2
253 144 78.1
253 162 65.1
253 167 124.2
253 170 93.1
253 188 121.2
253 195 85.1
253 209 80.1
253 221 145.2
253 237 135.2
253 287 82.1
254 4 219.29999999999998
254 12 195.29999999999998
254 28 79.1
254 29 170.2
254 42 159.2
254 61 91.1
254 111 137.2
254 112 154.2
254 125 73.1
254 132 169.2
254 139 169.2
254 142 75.1
254 154 65.1
254 170 70.1
254 198 98.1
254 204 79.1
254 237 78.1
254 258 167.2
254 284 79.1
255 37 64.1
255 89 150.2
255 108 149.2
255 115 54.1
255 116 61.1
255 209 78.1
255 214 83.1
255 223 78.1
255 228 76.1
255 233 52.1
255 239 62.1
255 251 162.2
255 252 91.1
255 257 196.29999999999998
255 268 146.2
255 270 128.2
255 288 79.1
256 29 65.1
256 31 61.1
256 73 222.29999999999998
256 90 78.1
256 109 134.2
256 133 72.1
256 142 70.1
256 148 41.1
256 153 244.29999999999998
256 168 68.1
256 176 54.1
256 185 58.1
256 200 151.2
256 209 128.2
256 211 195.2
256 242 147.2
257 90 82.1
257 109 72.1
257 136 140.2
257 202 53.1
257 221 61.1
257 226 84.1
257 234 72.1
257 240 70.1
257 245 151.2
257 249 47.1
257 252 79.1
257 255 245.29999999999998
257 261 76.1
257 265 78.1
257 270 154.2
257 282 66.1
257 288 134.2
257 291 57.1
258 4 171.2
258 12 163.3
258 14 76.1
258 29 177.2
258 42 235.29999999999998
258 44 83.1
258 84 96.1
258 111 158.2
258 112 167.2
258 129 69.1
258 132 212.29999999999998
258 138 72.1
258 139 167.2
258 178 47.1
258 210 70.1
258 254 164.2
258 273 75.1
259 47 60.1
259 57 190.29999999999998
259 77 228.29999999999998
259 106 53.1
259 115 58.1
259 137 73.1
259 162 207.29999999999998
259 171 157.2
259 175 57.1
259 185 114.2
259 202 64.1
259 212 70.1
259 226 82.1
259 238 154.2
259 241 138.2
259 275 147.2
259 288 77.1
260 7 149.2
260 8 61.1
260 21 170.3
260 25 50.1
260 28 61.1
260 41 70.1
260 67 65.1
260 74 163.2
260 86 137.2
260 107 150.2
260 155 155.2
260 156 80.1
260 165 134.2
260 191 75.1
260 196 159.2
260 216 146.2
260 228 57.1
260 235 47.1
261 15 76.1
261 19 71.1
261 63 77.1
261 81 95.1
261 83 74.1
261 90 180.2
261 92 175.2
261 96 80.1
261 140 57.1
261 157 66.1
261 181 129.2
261 226 154.2
261 240 74.1
261 257 72.1
261 264 67.1
261 266 72.1
261 279 89.1
261 281 142.2
261 287 83.1
262 13 93.1
262 16 84.1
262 32 156.2
262 35 150.2
262 67 162.2
262 86 67.1
262 117 102.1
262 119 173.2
262 122 74.1
262 143 173.2
262 177 79.1
262 180 42.1
262 207 70.1
262 224 58.1
262 228 146.2
262 239 167.3
262 269 98.1
262 272 230.29999999999998
263 20 156.2
263 105 167.3
263 108 180.2
263 134 74.1
263 135 245.29999999999998
263 181 59.1
263 184 99.1
263 198 98.1
263 214 159.2
263 215 145.2
263 238 148.2
263 245 66.1
263 251 148.2
263 276 79.1
263 282 77.1
264 19 98.1
264 26 84.1
264 44 196.2
264 79 162.2
264 95 93.1
264 98 159.2
264 101 77.1
264 110 168.2
264 158 69.1
264 181 83.1
264 186 70.1
264 217 151.2
264 229 143.2
264 250 163.2
264 261 83.1
264 268 105.1
264 279 164.2
265 12 52.1
265 52 135.2
265 54 125.19999999999999
265 60 66.1
265 81 52.1
265 102 61.1
265 103 64.1
265 117 75.1
265 161 171.29999999999998
265 169 171.2
265 170 132.2
265 197 130.2
265 226 66.1
265 229 213.29999999999998
265 240 168.3
265 257 79.1
266 13 109.1
266 23 57.1
266 49 65.1
266 79 69.1
266 80 76.1
266 95 144.2
266 98 125.19999999999999
266 103 71.1
266 123 80.1
266 127 50.1
266 158 86.1
266 169 100.1
266 173 69.1
266 178 75.1
266 195 208.29999999999998
266 261 81.1
266 281 84.1
266 283 168.2
266 286 80.1
266 289 109.1
267 2 62.1
267 15 126.19999999999999
267 19 147.2
267 58 84.1
267 70 69.1
267 81 157.2
267 94 57.1
267 96 149.2
267 105 73.1
267 117 236.29999999999998
267 140 70.1
267 147 74.1
267 157 128.2
267 173 52.1
267 182 122.19999999999999
267 186 122.2
267 204 88.1
267 205 72.1
267 286 90.1
268 1 67.1
268 13 113.1
268 43 90.1
268 63 74.1
268 83 67.1
268 92 71.1
268 116 55.1
268 124 138.2
268 166 71.1
268 173 122.19999999999999
268 182 50.1
268 206 67.1
268 220 79.1
268 233 63.1
268 251 172.2
268 252 151.2
268 255 159.2
268 264 99.1
268 279 69.1
268 284 78.1
268 287 80.1
269 21 51.1
269 32 60.1
269 69 49.1
269 75 55.1
269 76 229.2
269 79 35.1
269 82 91.1
269 85 137.2
269 107 65.1
269 122 129.2
269 156 69.1
269 165 45.1
269 177 126.19999999999999
269 189 215.29999999999998
269 191 108.2
269 207 123.2
269 220 96.1
269 228 44.1
269 262 73.1
270 12 32.1
270 35 64.1
270 112 55.1
270 116 67.1
270 134 195.29999999999998
270 166 132.2
270 179 174.2
270 187 57.1
270 234 155.2
270 245 136.2
270 251 119.2
270 255 149.2
270 257 156.2
270 278 154.2
271 1 58.1
271 6 51.1
271 24 69.1
271 53 159.2
271 59 65.1
271 65 146.2
271 69 63.1
271 76 87.1
271 78 62.1
271 83 59.1
271 88 62.1
271 89 83.1
271 90 74.1
271 113 161.2
271 150 59.1
271 159 57.1
271 162 84.1
271 202 148.2
271 219 125.19999999999999
271 230 67.1
271 236 117.2
271 285 59.1
272 1 47.1
272 13 82.1
272 16 65.1
272 32 114.2
272 35 125.19999999999999
272 67 140.2
272 96 47.1
272 119 154.2
272 143 200.29999999999998
272 155 114.2
272 220 66.1
272 228 123.19999999999999
272 239 136.2
272 243 62.1
272 262 223.29999999999998
272 290 96.1
273 4 49.1
273 21 71.1
273 25 146.2
273 44 143.2
273 75 56.1
273 84 132.2
273 94 142.2
273 119 66.1
273 120 140.2
273 125 62.1
273 129 120.19999999999999
273 184 83.1
273 193 175.2
273 227 50.1
273 258 71.1
273 280 155.2
273 290 189.29999999999998
274 1 48.1
274 25 117.1
274 30 77.1
274 40 67.1
274 46 66.1
274 54 65.1
274 62 61.1
274 74 84.1
274 81 53.1
274 86 60.1
274 99 57.1
274 102 151.2
274 114 140.2
274 131 63.1
274 158 167.2
274 160 85.1
274 172 151.2
274 178 227.29999999999998
274 210 130.2
274 225 143.2
274 235 159.2
275 13 91.1
275 57 205.29999999999998
275 69 66.1
275 73 71.1
275 77 130.2
275 78 84.1
275 82 84.1
275 106 137.2
275 113 91.1
275 127 66.1
275 162 161.2
275 185 183.3
275 200 172.2
275 211 54.1
275 225 87.1
275 233 52.1
275 241 160.2
275 259 143.2
276 26 216.29999999999998
276 28 63.1
276 47 77.1
276 50 233.29999999999998
276 59 74.1
276 62 86.1
276 77 74.1
276 100 62.1
276 134 77.1
276 136 165.2
276 139 73.1
276 183 151.2
276 222 147.2
276 263 85.1
276 277 169.2
276 282 150.2
276 291 157.2
277 14 61.1
277 26 150.2
277 48 78.1
277 50 148.2
277 72 61.1
277 133 86.1
277 136 253.29999999999998
277 141 77.1
277 152 74.1
277 166 95.1
277 179 77.1
277 183 221.29999999999998
277 190 77.1
277 199 82.1
277 222 136.2
277 276 155.2
277 282 150.2
278 11 74.1
278 12 67.1
278 71 73.1
278 124 77.1
278 134 128.2
278 160 87.1
278 166 151.2
278 167 50.1
278 179 213.29999999999998
278 213 58.1
278 222 65.1
278 234 118.2
278 245 149.2
278 252 142.2
278 270 145.2
278 284 75.1
279 18 53.1
279 49 65.1
279 79 116.2
279 95 136.2
279 96 74.1
279 98 166.3
279 110 124.2
279 145 70.1
279 173 59.1
279 182 62.1
279 186 48.1
279 217 142.2
279 232 63.1
279 250 129.2
279 252 90.1
279 261 71.1
279 264 137.2
279 268 91.1
280 2 56.1
280 25 71.1
280 43 63.1
280 45 81.1
280 74 61.1
280 84 136.2
280 94 115.2
280 119 138.2
280 120 171.2
280 129 131.2
280 156 129.2
280 177 45.1
280 193 165.2
280 217 96.1
280 273 110.2
280 287 139.2
280 290 136.2
281 63 70.1
281 80 57.1
281 87 73.1
281 98 39.1
281 102 118.2
281 110 64.1
281 118 57.1
281 138 62.1
281 140 62.1
281 146 59.1
281 157 62.1
281 169 63.1
281 173 55.1
281 184 151.2
281 187 45.1
281 197 80.1
281 217 81.1
281 220 149.2
281 226 166.2
281 261 146.2
281 266 88.1
282 26 149.2
282 50 215.29999999999998
282 59 54.1
282 62 76.1
282 64 69.1
282 136 143.2
282 167 65.1
282 183 139.2
282 222 142.2
282 245 76.1
282 257 82.1
282 263 83.1
282 276 164.2
282 277 165.2
282 291 161.2
283 11 91.1
283 44 78.1
283 58 52.1
283 66 77.1
283 87 263.29999999999995
283 154 53.1
283 161 60.1
283 184 155.2
283 198 267.29999999999995
283 218 132.2
283 229 76.1
283 231 118.19999999999999
283 246 141.2
283 266 156.2
283 286 150.2
284 9 83.1
284 17 272.29999999999995
284 40 165.2
284 45 141.2
284 50 69.1
284 59 59.1
284 113 94.1
284 156 144.2
284 160 132.2
284 183 62.1
284 208 147.2
284 213 119.19999999999999
284 214 76.1
284 254 66.1
284 268 72.1
284 278 67.1
284 289 138.2
285 24 150.2
285 53 62.1
285 65 136.2
285 66 69.1
285 69 126.19999999999999
285 78 134.2
285 92 150.2
285 103 51.1
285 113 62.1
285 133 58.1
285 141 53.1
285 142 81.1
285 149 71.1
285 150 119.19999999999999
285 153 79.1
285 202 67.1
285 219 60.1
285 234 62.1
285 236 119.2
285 271 56.1
286 37 64.1
286 41 75.1
286 52 68.1
286 87 177.2
286 170 268.29999999999995
286 184 248.29999999999998
286 197 58.1
286 198 195.2
286 218 198.2
286 231 260.29999999999995
286 240 71.1
286 246 187.2
286 266 62.1
286 267 53.1
286 283 165.2
287 45 67.1
287 50 66.1
287 87 181.2
287 94 112.19999999999999
287 120 162.2
287 129 128.2
287 161 56.1
287 188 44.1
287 193 156.2
287 195 127.19999999999999
287 223 63.1
287 240 144.2
287 253 69.1
287 261 79.1
287 268 69.1
287 280 130.2
288 13 77.1
288 31 53.1
288 61 77.1
288 66 64.1
288 92 143.2
288 108 142.2
288 116 40.1
288 124 59.1
288 130 68.1
288 134 56.1
288 137 61.1
288 159 68.1
288 162 61.1
288 223 66.1
288 230 60.1
288 236 37.1
288 242 66.1
288 247 76.1
288 255 76.1
288 257 135.2
288 259 65.1
289 14 67.1
289 17 169.2
289 40 152.2
289 45 256.29999999999995
289 48 61.1
289 132 76.1
289 156 141.2
289 160 155.2
289 188 49.1
289 198 73.1
289 205 51.1
289 208 160.2
289 213 121.19999999999999
289 237 62.1
289 252 86.1
289 266 77.1
289 284 142.2
290 16 68.1
290 39 57.1
290 45 76.1
290 52 66.1
290 55 67.1
290 60 70.1
290 74 74.1
290 84 146.2
290 94 155.2
290 120 226.29999999999998
290 129 200.29999999999998
290 146 66.1
290 160 74.1
290 163 94.1
290 177 60.1
290 193 177.2
290 231 66.1
290 272 69.1
290 273 199.29999999999998
290 280 166.2
291 6 65.1
291 48 57.1
291 50 60.1
291 64 44.1
291 70 71.1
291 93 58.1
291 97 65.1
291 104 63.1
291 116 64.1
291 117 57.1
291 133 79.1
291 134 116.19999999999999
291 167 55.1
291 179 114.2
291 234 110.2
291 252 134.2
291 257 55.1
291 276 133.2
291 282 142.2
