0 1 1.1
0 2 1.1
0 4 2.1
0 5 1.1
0 9 3.1
0 10 3.1
0 11 0.1
0 12 2.1
0 13 2.1
0 14 1.1
0 15 1.1
0 16 2.1
0 17 2.1
0 18 1.1
0 19 2.1
1 0 1.1
1 2 5.1
1 3 2.1
1 4 1.1
1 5 0.1
1 7 1.1
1 8 0.1
1 9 2.1
1 10 1.1
1 11 0.1
1 12 0.1
1 13 2.1
1 14 0.1
1 15 0.1
1 17 0.1
2 0 2.1
2 1 3.1
2 3 4.1
2 4 2.1
2 5 2.1
2 6 2.1
2 9 0.1
2 11 1.1
2 12 1.1
2 13 2.1
2 14 2.1
2 15 1.1
2 16 3.1
2 17 1.1
2 19 0.1
3 1 3.1
3 2 0.1
3 4 2.1
3 6 0.1
3 7 2.1
3 8 0.1
3 9 2.1
3 10 2.1
3 11 1.1
3 14 1.1
3 15 0.1
3 16 0.1
3 17 1.1
3 18 0.1
3 19 2.1
4 0 3.1
4 1 0.1
4 2 1.1
4 3 2.1
4 6 2.1
4 7 0.1
4 8 1.1
4 9 1.1
4 10 0.1
4 14 0.1
4 15 2.1
4 16 1.1
4 17 1.1
4 18 2.1
4 19 1.1
5 0 0.1
5 1 1.1
5 2 2.1
5 6 1.1
5 7 1.1
5 8 0.1
5 9 4.1
5 11 0.1
5 12 2.1
5 13 0.1
5 14 0.1
5 15 0.1
5 16 0.1
5 17 2.1
5 18 1.1
6 2 1.1
6 3 2.1
6 4 2.1
6 5 2.1
6 7 3.1
6 8 1.1
6 9 3.1
6 10 0.1
6 12 3.1
6 13 1.1
6 14 1.1
6 15 3.1
6 16 2.1
6 18 0.1
6 19 2.1
7 1 3.1
7 3 3.1
7 4 1.1
7 5 2.1
7 6 1.1
7 8 0.1
7 10 0.1
7 11 1.1
7 12 1.1
7 13 1.1
7 14 2.1
7 16 0.1
7 17 0.1
7 18 3.1
7 19 1.1
8 1 1.1
8 3 1.1
8 4 0.1
8 5 2.1
8 6 0.1
8 7 1.1
8 9 1.1
8 10 0.1
8 11 2.1
8 12 3.1
8 14 0.1
8 15 2.1
8 16 2.1
8 18 2.1
8 19 0.1
9 0 0.1
9 1 2.1
9 2 0.1
9 3 0.1
9 4 2.1
9 5 0.1
9 6 1.1
9 8 1.1
9 10 1.1
9 11 1.1
9 12 0.1
9 13 1.1
9 15 0.1
9 16 1.1
9 17 0.1
10 0 0.1
10 1 2.1
10 3 0.1
10 4 1.1
10 6 0.1
10 7 1.1
10 8 0.1
10 9 1.1
10 11 0.1
10 12 1.1
10 13 0.1
10 14 1.1
10 16 2.1
10 18 1.1
10 19 0.1
11 0 2.1
11 1 2.1
11 2 1.1
11 3 2.1
11 5 2.1
11 7 2.1
11 8 1.1
11 9 3.1
11 10 3.1
11 12 2.1
11 13 6.1
11 15 4.1
11 17 0.1
11 18 3.1
11 19 1.1
12 0 1.1
12 1 2.1
12 2 0.1
12 5 2.1
12 6 1.1
12 7 3.1
12 8 3.1
12 9 0.1
12 10 0.1
12 11 1.1
12 13 3.1
12 15 1.1
12 16 0.1
12 17 1.1
12 18 0.1
13 0 2.1
13 1 2.1
13 2 1.1
13 5 2.1
13 6 2.1
13 7 1.1
13 9 3.1
13 10 3.1
13 11 3.1
13 12 2.1
13 15 0.1
13 16 1.1
13 17 1.1
13 18 1.1
13 19 0.1
14 0 0.1
14 1 2.1
14 2 1.1
14 3 2.1
14 4 1.1
14 5 0.1
14 6 3.1
14 7 1.1
14 8 4.1
14 10 1.1
14 15 1.1
14 16 1.1
14 17 8.1
14 18 0.1
14 19 0.1
15 0 2.1
15 1 2.1
15 2 2.1
15 3 2.1
15 4 1.1
15 5 3.1
15 6 1.1
15 8 2.1
15 9 1.1
15 11 2.1
15 12 1.1
15 13 0.1
15 14 0.1
15 17 0.1
15 19 1.1
16 0 2.1
16 2 0.1
16 3 1.1
16 4 1.1
16 5 0.1
16 6 2.1
16 7 0.1
16 8 2.1
16 9 0.1
16 10 1.1
16 12 2.1
16 13 1.1
16 14 0.1
16 18 1.1
16 19 2.1
17 0 0.1
17 1 0.1
17 2 1.1
17 3 0.1
17 4 3.1
17 5 2.1
17 7 0.1
17 9 0.1
17 11 0.1
17 12 3.1
17 13 1.1
17 14 0.1
17 15 0.1
17 18 2.1
17 19 1.1
18 0 1.1
18 3 4.1
18 4 1.1
18 5 0.1
18 6 1.1
18 7 0.1
18 8 1.1
18 10 2.1
18 11 0.1
18 12 0.1
18 13 2.1
18 14 1.1
18 16 2.1
18 17 2.1
18 19 1.1
19 0 2.1
19 2 1.1
19 3 2.1
19 4 0.1
19 6 1.1
19 7 3.1
19 8 2.1
19 10 2.1
19 11 1.1
19 13 1.1
19 14 3.1
19 15 2.1
19 16 4.1
19 17 4.1
19 18 4.1
