0 1 4.2
0 2 8.2
0 3 2.2
0 4 9.2
0 5 4.2
0 6 8.2
0 7 1.2000000000000002
0 8 5.199999999999999
0 9 1.2000000000000002
0 10 2.2
0 11 2.2
0 12 2.2
0 13 3.2
0 14 7.199999999999999
0 15 2.2
0 16 6.199999999999999
0 17 4.2
0 18 1.2000000000000002
0 19 1.2000000000000002
1 0 3.2
1 2 2.2
1 3 4.2
1 4 5.2
1 5 5.2
1 6 3.2
1 7 1.2000000000000002
1 8 3.2
1 9 2.2
1 10 0.2
1 11 2.2
1 12 2.2
1 13 5.199999999999999
1 14 3.2
1 15 4.2
1 16 1.2000000000000002
1 17 1.2000000000000002
1 18 1.2000000000000002
1 19 3.2
2 0 3.2
2 1 2.2
2 3 3.2
2 4 3.2
2 5 3.2
2 6 0.2
2 7 1.2000000000000002
2 8 4.2
2 9 3.2
2 10 3.2
2 11 3.2
2 12 3.2
2 13 1.2000000000000002
2 14 4.199999999999999
2 15 1.2000000000000002
2 16 3.2
2 17 1.2000000000000002
2 18 3.2
2 19 1.2000000000000002
3 0 0.2
3 1 4.2
3 2 1.2000000000000002
3 4 1.2000000000000002
3 5 3.2
3 6 2.2
3 7 1.2000000000000002
3 8 3.2
3 9 1.2000000000000002
3 10 1.2000000000000002
3 11 3.2
3 12 1.2000000000000002
3 13 1.2000000000000002
3 14 3.2
3 15 1.2000000000000002
3 16 1.2000000000000002
3 17 0.2
3 18 0.2
3 19 3.2
4 0 3.2
4 1 7.199999999999999
4 2 4.2
4 3 1.2000000000000002
4 5 3.2
4 6 3.2
4 7 0.2
4 8 2.2
4 9 3.2
4 10 4.2
4 11 1.2000000000000002
4 12 3.2
4 13 1.2000000000000002
4 14 0.2
4 15 2.2
4 16 2.2
4 17 0.2
4 18 2.2
4 19 2.2
5 0 1.2000000000000002
5 1 1.2000000000000002
5 2 2.2
5 3 5.2
5 4 3.2
5 6 1.2000000000000002
5 7 1.2000000000000002
5 8 4.2
5 9 3.2
5 10 2.2
5 11 3.2
5 12 5.199999999999999
5 13 2.2
5 14 5.2
5 15 3.2
5 16 1.2000000000000002
5 17 5.2
5 18 0.2
5 19 6.199999999999999
6 0 2.2
6 1 4.2
6 2 1.2000000000000002
6 3 3.2
6 4 4.199999999999999
6 5 3.2
6 7 1.2000000000000002
6 8 3.2
6 9 1.2000000000000002
6 10 3.2
6 11 2.2
6 12 2.2
6 13 2.2
6 14 5.199999999999999
6 15 1.2000000000000002
6 16 3.2
6 17 2.2
6 18 2.2
6 19 1.2000000000000002
7 0 3.2
7 1 4.2
7 2 7.199999999999999
7 3 3.2
7 4 3.2
7 5 3.2
7 6 2.2
7 8 3.2
7 9 1.2000000000000002
7 10 2.2
7 11 6.199999999999999
7 12 4.2
7 13 6.199999999999999
7 14 4.2
7 15 1.2000000000000002
7 16 3.2
7 17 4.2
7 18 4.2
7 19 3.2
8 0 1.2000000000000002
8 1 2.2
8 2 2.2
8 3 3.2
8 4 6.2
8 5 4.2
8 6 2.2
8 7 0.2
8 9 3.2
8 10 1.2000000000000002
8 11 5.2
8 12 0.2
8 13 2.2
8 14 4.2
8 15 3.2
8 16 3.2
8 17 0.2
8 18 4.2
8 19 2.2
9 0 1.2000000000000002
9 1 3.2
9 2 4.2
9 3 3.2
9 4 4.2
9 5 2.2
9 6 4.2
9 7 3.2
9 8 4.2
9 10 2.2
9 11 6.2
9 12 1.2000000000000002
9 13 2.2
9 14 3.2
9 15 3.2
9 16 4.2
9 17 2.2
9 18 2.2
9 19 2.2
10 0 4.2
10 1 3.2
10 2 4.2
10 3 0.2
10 4 6.199999999999999
10 5 2.2
10 6 3.2
10 7 0.2
10 8 6.199999999999999
10 9 4.2
10 11 10.2
10 12 3.2
10 13 5.199999999999999
10 14 3.2
10 15 3.2
10 16 6.199999999999999
10 17 3.2
10 18 5.199999999999999
10 19 5.2
11 0 1.2000000000000002
11 1 1.2000000000000002
11 2 2.2
11 3 4.2
11 4 3.2
11 5 3.2
11 6 2.2
11 7 0.2
11 8 2.2
11 9 4.2
11 10 1.2000000000000002
11 12 2.2
11 13 3.2
11 14 1.2000000000000002
11 15 4.2
11 16 0.2
11 17 4.2
11 18 3.2
11 19 7.199999999999999
12 0 3.2
12 1 4.2
12 2 7.199999999999999
12 3 5.2
12 4 5.199999999999999
12 5 7.199999999999999
12 6 3.2
12 7 4.2
12 8 8.2
12 9 2.2
12 10 3.2
12 11 6.2
12 13 4.199999999999999
12 14 5.2
12 15 3.2
12 16 3.2
12 17 4.2
12 18 6.199999999999999
12 19 4.2
13 0 2.2
13 1 0.2
13 2 0.2
13 3 1.2000000000000002
13 4 2.2
13 5 5.199999999999999
13 6 1.2000000000000002
13 7 6.2
13 8 2.2
13 9 3.2
13 10 1.2000000000000002
13 11 2.2
13 12 1.2000000000000002
13 14 1.2000000000000002
13 15 6.199999999999999
13 16 2.2
13 17 2.2
13 18 1.2000000000000002
13 19 3.2
14 0 2.2
14 1 3.2
14 2 4.2
14 3 4.2
14 4 3.2
14 5 0.2
14 6 2.2
14 7 5.2
14 8 2.2
14 9 1.2000000000000002
14 10 4.2
14 11 5.199999999999999
14 12 3.2
14 13 1.2000000000000002
14 15 1.2000000000000002
14 16 1.2000000000000002
14 17 3.2
14 18 4.2
14 19 1.2000000000000002
15 0 2.2
15 1 2.2
15 2 3.2
15 3 9.2
15 4 2.2
15 5 4.2
15 6 3.2
15 7 0.2
15 8 5.2
15 9 0.2
15 10 1.2000000000000002
15 11 2.2
15 12 2.2
15 13 5.2
15 14 1.2000000000000002
15 16 1.2000000000000002
15 17 0.2
15 18 3.2
15 19 2.2
16 0 4.2
16 1 3.2
16 2 3.2
16 3 2.2
16 4 6.2
16 5 2.2
16 6 6.2
16 7 4.2
16 8 2.2
16 9 3.2
16 10 4.2
16 11 6.199999999999999
16 12 4.2
16 13 2.2
16 14 3.2
16 15 3.2
16 17 4.2
16 18 2.2
16 19 3.2
17 0 2.2
17 1 7.199999999999999
17 2 7.199999999999999
17 3 4.2
17 4 1.2000000000000002
17 5 0.2
17 6 3.2
17 7 4.2
17 8 7.199999999999999
17 9 2.2
17 10 3.2
17 11 3.2
17 12 2.2
17 13 10.2
17 14 2.2
17 15 5.199999999999999
17 16 4.2
17 18 1.2000000000000002
17 19 4.2
18 0 0.2
18 1 1.2000000000000002
18 2 3.2
18 3 3.2
18 4 3.2
18 5 1.2000000000000002
18 6 1.2000000000000002
18 7 1.2000000000000002
18 8 4.2
18 9 1.2000000000000002
18 10 0.2
18 11 1.2000000000000002
18 12 2.2
18 13 1.2000000000000002
18 14 4.2
18 15 3.2
18 16 1.2000000000000002
18 17 3.2
18 19 1.2000000000000002
19 0 0.2
19 1 5.2
19 2 4.2
19 3 1.2000000000000002
19 4 4.2
19 5 3.2
19 6 4.2
19 7 1.2000000000000002
19 8 4.2
19 9 2.2
19 10 2.2
19 11 1.2000000000000002
19 12 1.2000000000000002
19 13 2.2
19 14 2.2
19 15 2.2
19 16 1.2000000000000002
19 17 1.2000000000000002
19 18 1.2000000000000002
