0 1 3.2
0 2 6.199999999999999
0 3 7.199999999999999
0 4 4.2
0 5 2.2
0 6 6.2
0 7 0.2
0 8 4.2
0 9 4.2
0 10 3.2
0 11 1.2000000000000002
0 12 5.2
0 13 5.2
0 14 4.2
0 15 4.2
0 16 3.2
0 17 5.2
0 18 2.2
0 19 0.2
1 0 5.199999999999999
1 2 8.2
1 3 5.2
1 4 6.199999999999999
1 5 5.199999999999999
1 6 6.199999999999999
1 7 1.2000000000000002
1 8 6.2
1 9 4.2
1 10 3.2
1 11 7.199999999999999
1 12 7.199999999999999
1 13 3.2
1 14 4.2
1 15 3.2
1 16 6.199999999999999
1 17 9.2
1 18 9.2
1 19 4.2
2 0 1.2000000000000002
2 1 3.2
2 3 2.2
2 4 1.2000000000000002
2 5 2.2
2 6 3.2
2 7 1.2000000000000002
2 8 2.2
2 9 0.2
2 10 1.2000000000000002
2 11 2.2
2 12 1.2000000000000002
2 13 1.2000000000000002
2 14 1.2000000000000002
2 15 3.2
2 16 2.2
2 17 1.2000000000000002
2 18 1.2000000000000002
2 19 0.2
3 0 2.2
3 1 2.2
3 2 0.2
3 4 1.2000000000000002
3 5 2.2
3 6 1.2000000000000002
3 7 5.2
3 8 1.2000000000000002
3 9 3.2
3 10 0.2
3 11 1.2000000000000002
3 12 4.199999999999999
3 13 0.2
3 14 5.2
3 15 3.2
3 16 1.2000000000000002
3 17 6.199999999999999
3 18 2.2
3 19 2.2
4 0 3.2
4 1 5.2
4 2 4.2
4 3 7.199999999999999
4 5 3.2
4 6 0.2
4 7 0.2
4 8 3.2
4 9 2.2
4 10 5.199999999999999
4 11 3.2
4 12 4.2
4 13 1.2000000000000002
4 14 5.2
4 15 0.2
4 16 4.2
4 17 3.2
4 18 1.2000000000000002
4 19 1.2000000000000002
5 0 1.2000000000000002
5 1 2.2
5 2 1.2000000000000002
5 3 3.2
5 4 2.2
5 6 4.2
5 7 3.2
5 8 3.2
5 9 3.2
5 10 5.2
5 11 1.2000000000000002
5 12 2.2
5 13 1.2000000000000002
5 14 2.2
5 15 0.2
5 16 1.2000000000000002
5 17 3.2
5 18 4.2
5 19 2.2
6 0 2.2
6 1 2.2
6 2 3.2
6 3 2.2
6 4 2.2
6 5 3.2
6 7 0.2
6 8 0.2
6 9 1.2000000000000002
6 10 2.2
6 11 2.2
6 12 4.2
6 13 2.2
6 14 1.2000000000000002
6 15 3.2
6 16 1.2000000000000002
6 17 4.2
6 18 5.2
6 19 1.2000000000000002
7 0 6.199999999999999
7 1 4.2
7 2 3.2
7 3 5.199999999999999
7 4 2.2
7 5 3.2
7 6 3.2
7 8 2.2
7 9 3.2
7 10 2.2
7 11 1.2000000000000002
7 12 5.2
7 13 4.2
7 14 3.2
7 15 6.2
7 16 5.2
7 17 6.199999999999999
7 18 5.199999999999999
7 19 3.2
8 0 0.2
8 1 4.2
8 2 1.2000000000000002
8 3 3.2
8 4 1.2000000000000002
8 5 3.2
8 6 2.2
8 7 2.2
8 9 0.2
8 10 2.2
8 11 3.2
8 12 3.2
8 13 2.2
8 14 0.2
8 15 0.2
8 16 2.2
8 17 5.2
8 18 0.2
8 19 0.2
9 0 7.199999999999999
9 1 4.2
9 2 7.199999999999999
9 3 2.2
9 4 6.2
9 5 6.2
9 6 5.2
9 7 1.2000000000000002
9 8 3.2
9 10 6.199999999999999
9 11 6.2
9 12 9.2
9 13 4.2
9 14 6.199999999999999
9 15 5.199999999999999
9 16 1.2000000000000002
9 17 6.199999999999999
9 18 11.2
9 19 7.199999999999999
10 0 4.2
10 1 2.2
10 2 5.199999999999999
10 3 1.2000000000000002
10 4 2.2
10 5 6.199999999999999
10 6 0.2
10 7 2.2
10 8 0.2
10 9 3.2
10 11 1.2000000000000002
10 12 1.2000000000000002
10 13 3.2
10 14 1.2000000000000002
10 15 3.2
10 16 2.2
10 17 2.2
10 18 0.2
10 19 1.2000000000000002
11 0 4.2
11 1 3.2
11 2 4.2
11 3 1.2000000000000002
11 4 5.2
11 5 1.2000000000000002
11 6 4.2
11 7 1.2000000000000002
11 8 2.2
11 9 3.2
11 10 4.2
11 12 7.199999999999999
11 13 4.2
11 14 6.2
11 15 2.2
11 16 5.199999999999999
11 17 2.2
11 18 0.2
11 19 3.2
12 0 1.2000000000000002
12 1 2.2
12 2 3.2
12 3 2.2
12 4 1.2000000000000002
12 5 2.2
12 6 2.2
12 7 1.2000000000000002
12 8 6.199999999999999
12 9 2.2
12 10 4.2
12 11 2.2
12 13 2.2
12 14 1.2000000000000002
12 15 0.2
12 16 2.2
12 17 2.2
12 18 2.2
12 19 3.2
13 0 0.2
13 1 3.2
13 2 1.2000000000000002
13 3 3.2
13 4 2.2
13 5 3.2
13 6 2.2
13 7 0.2
13 8 0.2
13 9 0.2
13 10 1.2000000000000002
13 11 1.2000000000000002
13 12 8.2
13 14 4.2
13 15 1.2000000000000002
13 16 0.2
13 17 5.199999999999999
13 18 1.2000000000000002
13 19 3.2
14 0 0.2
14 1 3.2
14 2 2.2
14 3 1.2000000000000002
14 4 1.2000000000000002
14 5 2.2
14 6 3.2
14 7 2.2
14 8 4.2
14 9 0.2
14 10 3.2
14 11 2.2
14 12 1.2000000000000002
14 13 6.199999999999999
14 15 1.2000000000000002
14 16 5.199999999999999
14 17 5.2
14 18 1.2000000000000002
14 19 1.2000000000000002
15 0 2.2
15 1 1.2000000000000002
15 2 4.199999999999999
15 3 3.2
15 4 3.2
15 5 2.2
15 6 1.2000000000000002
15 7 1.2000000000000002
15 8 3.2
15 9 2.2
15 10 2.2
15 11 3.2
15 12 5.2
15 13 5.199999999999999
15 14 5.199999999999999
15 16 3.2
15 17 3.2
15 18 4.2
15 19 2.2
16 0 2.2
16 1 3.2
16 2 1.2000000000000002
16 3 2.2
16 4 4.2
16 5 2.2
16 6 4.2
16 7 3.2
16 8 2.2
16 9 0.2
16 10 6.199999999999999
16 11 1.2000000000000002
16 12 4.199999999999999
16 13 1.2000000000000002
16 14 2.2
16 15 3.2
16 17 1.2000000000000002
16 18 0.2
16 19 4.2
17 0 0.2
17 1 4.2
17 2 2.2
17 3 2.2
17 4 1.2000000000000002
17 5 4.2
17 6 0.2
17 7 2.2
17 8 0.2
17 9 5.2
17 10 0.2
17 11 1.2000000000000002
17 12 5.2
17 13 1.2000000000000002
17 14 1.2000000000000002
17 15 1.2000000000000002
17 16 1.2000000000000002
17 18 0.2
17 19 2.2
18 0 0.2
18 1 0.2
18 2 2.2
18 3 7.199999999999999
18 4 4.2
18 5 4.2
18 6 0.2
18 7 1.2000000000000002
18 8 3.2
18 9 1.2000000000000002
18 10 5.2
18 11 1.2000000000000002
18 12 5.2
18 13 2.2
18 14 4.199999999999999
18 15 6.2
18 16 4.2
18 17 2.2
18 19 4.2
19 0 1.2000000000000002
19 1 0.2
19 2 5.199999999999999
19 3 2.2
19 4 6.199999999999999
19 5 4.2
19 6 5.2
19 7 1.2000000000000002
19 8 4.2
19 9 1.2000000000000002
19 10 7.199999999999999
19 11 0.2
19 12 5.2
19 13 6.2
19 14 4.199999999999999
19 15 2.2
19 16 4.2
19 17 4.2
19 18 3.2
