0 1 78.1
0 2 109.1
0 6 83.1
0 18 63.1
0 24 164.2
0 25 84.1
0 29 86.1
0 34 179.2
0 46 192.2
0 51 153.2
0 62 89.1
0 64 94.1
0 79 175.2
0 81 185.2
0 87 266.29999999999995
0 94 142.2
0 136 86.1
0 148 67.1
0 186 95.1
0 192 91.1
0 202 109.1
0 205 92.1
1 0 81.1
1 3 78.1
1 5 102.1
1 8 176.2
1 12 176.2
1 19 79.1
1 20 85.1
1 39 148.2
1 41 69.1
1 47 169.2
1 48 99.1
1 54 172.2
1 67 105.1
1 89 78.1
1 118 75.1
1 152 191.2
1 155 193.2
1 173 87.1
1 218 97.1
1 220 107.1
1 228 147.2
1 254 103.1
1 264 90.1
2 0 86.1
2 20 161.2
2 37 84.1
2 39 51.1
2 41 146.2
2 42 145.2
2 47 72.1
2 65 91.1
2 96 74.1
2 97 227.29999999999998
2 106 115.1
2 117 183.2
2 140 119.1
2 150 177.29999999999998
2 164 111.1
2 201 158.2
2 228 99.1
2 242 87.1
2 259 69.1
2 273 106.1
3 1 74.1
3 4 72.1
3 6 73.1
3 21 75.1
3 38 75.1
3 40 87.1
3 51 66.1
3 57 250.29999999999998
3 67 187.2
3 68 88.1
3 69 250.29999999999998
3 90 164.2
3 131 141.2
3 136 154.2
3 137 75.1
3 168 131.2
3 190 87.1
3 199 211.29999999999998
3 275 150.2
3 284 81.1
4 3 64.1
4 9 147.2
4 13 81.1
4 18 80.1
4 19 58.1
4 29 138.2
4 44 74.1
4 49 92.1
4 69 81.1
4 85 101.1
4 89 188.29999999999998
4 94 72.1
4 158 87.1
4 162 96.1
4 179 105.1
4 193 97.1
4 200 75.1
4 212 143.2
4 214 70.1
4 222 77.1
4 233 192.2
4 248 153.2
4 286 90.1
5 1 92.1
5 11 69.1
5 18 139.2
5 63 103.1
5 64 162.2
5 72 70.1
5 76 149.2
5 145 129.2
5 169 211.29999999999998
5 170 70.1
5 189 64.1
5 192 57.1
5 214 86.1
5 226 84.1
5 237 86.1
5 242 70.1
5 245 149.2
5 256 91.1
5 258 63.1
5 262 96.1
5 297 107.1
6 0 86.1
6 3 64.1
6 7 73.1
6 17 167.2
6 24 67.1
6 55 149.2
6 59 90.1
6 60 69.1
6 90 79.1
6 107 90.1
6 118 68.1
6 127 160.2
6 142 87.1
6 181 152.2
6 184 160.2
6 185 166.2
6 197 80.1
6 212 68.1
6 232 196.2
6 234 68.1
6 236 156.2
6 239 127.19999999999999
7 6 72.1
7 10 133.2
7 12 61.1
7 16 136.2
7 31 130.2
7 33 90.1
7 72 73.1
7 95 180.29999999999998
7 100 223.29999999999998
7 127 73.1
7 141 137.2
7 175 210.29999999999998
7 182 151.2
7 220 77.1
7 251 150.2
7 291 89.1
7 296 153.2
8 1 151.2
8 9 93.1
8 10 94.1
8 12 78.1
8 39 131.2
8 47 165.2
8 48 135.2
8 54 171.2
8 56 58.1
8 90 79.1
8 112 58.1
8 125 72.1
8 143 70.1
8 150 65.1
8 152 163.2
8 155 156.2
8 173 146.2
8 222 86.1
8 226 85.1
8 228 65.1
8 242 77.1
8 271 88.1
9 4 172.2
9 8 77.1
9 11 81.1
9 13 152.2
9 29 143.2
9 44 149.2
9 49 80.1
9 63 95.1
9 85 102.1
9 89 168.2
9 116 81.1
9 145 90.1
9 151 87.1
9 152 86.1
9 200 89.1
9 212 165.2
9 214 78.1
9 220 116.1
9 222 84.1
9 232 83.1
9 233 153.2
9 248 73.1
9 251 95.1
9 266 96.1
10 7 138.2
10 8 95.1
10 95 128.2
10 99 147.2
10 107 156.2
10 111 210.29999999999998
10 122 228.29999999999998
10 154 121.19999999999999
10 167 171.2
10 230 183.2
10 232 86.1
10 237 235.29999999999998
10 263 158.2
10 269 75.1
10 291 104.1
11 5 75.1
11 9 63.1
11 19 105.19999999999999
11 22 174.29999999999998
11 36 83.1
11 49 73.1
11 64 59.1
11 112 110.19999999999999
11 115 103.1
11 122 57.1
11 192 68.1
11 197 75.1
11 214 103.2
11 217 87.1
11 222 80.1
11 228 59.1
11 233 68.1
11 234 161.2
11 248 74.1
11 252 100.1
11 262 97.1
11 269 67.1
11 279 100.1
11 297 111.1
12 1 157.2
12 7 63.1
12 8 70.1
12 29 67.1
12 37 92.1
12 39 69.1
12 43 84.1
12 47 146.2
12 48 125.19999999999999
12 50 48.1
12 54 124.2
12 108 88.1
12 136 73.1
12 152 142.2
12 155 118.2
12 171 85.1
12 173 166.2
12 228 135.2
12 264 80.1
13 4 85.1
13 9 132.2
13 29 59.1
13 44 145.2
13 49 145.2
13 58 79.1
13 60 65.1
13 71 95.1
13 79 83.1
13 85 159.2
13 89 59.1
13 153 91.1
13 172 93.1
13 200 162.2
13 209 64.1
13 212 70.1
13 223 59.1
13 233 183.2
13 239 70.1
13 245 86.1
13 248 151.2
14 21 134.2
14 23 178.3
14 24 62.1
14 35 125.19999999999999
14 52 139.2
14 57 61.1
14 78 182.2
14 88 80.1
14 144 77.1
14 146 155.2
14 148 42.1
14 174 76.1
14 187 64.1
14 189 71.1
14 203 78.1
14 225 59.1
14 237 79.1
14 243 66.1
14 290 152.2
15 21 83.1
15 33 73.1
15 36 271.29999999999995
15 114 60.1
15 135 232.29999999999998
15 137 65.1
15 190 78.1
15 204 146.2
15 227 191.2
15 255 57.1
15 257 165.2
15 258 68.1
15 267 171.2
15 270 97.1
15 272 161.2
15 276 88.1
15 288 250.29999999999998
16 7 163.2
16 24 66.1
16 31 162.2
16 55 79.1
16 65 108.1
16 95 205.29999999999998
16 97 76.1
16 100 136.2
16 141 231.29999999999998
16 171 77.1
16 175 151.2
16 182 152.2
16 185 108.1
16 212 74.1
16 214 73.1
16 232 70.1
16 251 199.2
16 263 182.2
16 283 128.1
16 296 156.2
17 6 175.2
17 40 75.1
17 55 141.2
17 60 80.1
17 81 81.1
17 121 89.1
17 127 155.2
17 137 54.1
17 164 84.1
17 181 151.2
17 184 155.2
17 185 174.2
17 197 92.1
17 201 80.1
17 232 161.2
17 236 169.2
17 239 151.2
17 283 89.1
18 0 59.1
18 4 70.1
18 5 138.2
18 29 69.1
18 32 63.1
18 64 152.2
18 76 145.2
18 105 93.1
18 129 88.1
18 134 81.1
18 145 180.29999999999998
18 151 85.1
18 169 154.2
18 216 56.1
18 223 62.1
18 245 216.29999999999998
18 264 70.1
18 281 175.2
18 286 81.1
19 1 64.1
19 4 79.1
19 11 100.2
19 22 228.29999999999998
19 61 83.1
19 64 72.1
19 112 121.19999999999999
19 148 64.1
19 160 87.1
19 164 87.1
19 177 74.1
19 183 78.1
19 184 60.1
19 188 91.1
19 192 68.1
19 196 72.1
19 214 221.29999999999998
19 220 98.1
19 222 65.1
19 234 144.2
19 271 103.1
20 1 65.1
20 2 140.2
20 41 184.29999999999998
20 42 166.2
20 97 154.2
20 116 97.1
20 117 134.2
20 134 117.1
20 150 140.2
20 161 79.1
20 170 74.1
20 175 72.1
20 182 72.1
20 201 120.2
20 210 86.1
20 212 63.1
20 215 147.2
20 273 93.1
21 3 54.1
21 14 153.2
21 15 71.1
21 23 222.29999999999998
21 35 140.2
21 52 225.29999999999998
21 73 76.1
21 78 161.2
21 120 71.1
21 138 81.1
21 146 171.2
21 158 77.1
21 183 66.1
21 202 106.1
21 250 67.1
21 270 73.1
21 272 79.1
21 290 197.29999999999998
22 11 194.29999999999998
22 19 187.29999999999998
22 24 73.1
22 43 88.1
22 70 79.1
22 97 94.1
22 105 72.1
22 112 151.2
22 118 70.1
22 121 91.1
22 139 90.1
22 142 65.1
22 145 88.1
22 148 69.1
22 176 67.1
22 195 53.1
22 199 45.1
22 205 80.1
22 213 71.1
22 214 150.2
22 234 141.2
22 236 76.1
22 271 103.1
22 282 90.1
23 14 221.29999999999998
23 21 216.29999999999998
23 35 247.29999999999998
23 52 158.2
23 78 170.2
23 102 75.1
23 124 47.1
23 128 83.1
23 146 126.19999999999999
23 155 64.1
23 180 77.1
23 204 70.1
23 216 56.1
23 224 78.1
23 257 64.1
23 267 72.1
23 272 73.1
23 288 86.1
23 290 138.2
24 0 186.2
24 6 78.1
24 14 106.1
24 16 89.1
24 22 89.1
24 34 218.29999999999998
24 39 65.1
24 44 96.1
24 46 173.2
24 47 79.1
24 51 150.2
24 52 103.1
24 79 124.19999999999999
24 81 172.2
24 87 203.2
24 94 183.2
24 97 88.1
24 118 67.1
24 121 117.1
24 158 88.1
24 258 110.1
25 0 91.1
25 43 144.2
25 66 73.1
25 82 67.1
25 90 91.1
25 110 71.1
25 118 80.1
25 139 204.29999999999998
25 155 76.1
25 156 70.1
25 157 97.1
25 180 82.1
25 183 208.29999999999998
25 185 81.1
25 198 135.2
25 206 143.2
25 222 144.2
25 264 158.2
25 273 81.1
26 37 54.1
26 77 153.2
26 80 143.2
26 102 158.2
26 107 60.1
26 108 49.1
26 117 54.1
26 143 148.2
26 146 71.1
26 171 51.1
26 194 225.29999999999998
26 196 141.2
26 208 72.1
26 210 107.2
26 259 49.1
26 265 121.19999999999999
26 282 67.1
27 53 121.19999999999999
27 65 135.2
27 109 143.2
27 111 59.1
27 114 140.2
27 123 60.1
27 130 147.2
27 166 58.1
27 171 130.2
27 178 89.1
27 197 61.1
27 224 118.19999999999999
27 229 122.19999999999999
27 239 66.1
27 261 141.2
27 272 56.1
28 38 136.2
28 45 142.2
28 62 184.29999999999998
28 68 115.2
28 75 89.1
28 83 59.1
28 101 57.1
28 120 72.1
28 136 66.1
28 146 58.1
28 147 61.1
28 173 55.1
28 187 68.1
28 213 82.1
28 225 84.1
28 227 121.2
28 231 132.2
28 258 132.2
28 284 77.1
29 0 89.1
29 4 164.2
29 9 126.19999999999999
29 12 63.1
29 13 69.1
29 18 70.1
29 44 81.1
29 49 71.1
29 64 80.1
29 85 66.1
29 89 125.19999999999999
29 172 83.1
29 192 62.1
29 200 156.2
29 205 82.1
29 209 54.1
29 212 163.2
29 220 86.1
29 233 156.2
29 248 77.1
29 280 70.1
30 49 51.1
30 64 66.1
30 75 60.1
30 134 143.2
30 143 85.1
30 159 140.2
30 165 137.2
30 169 57.1
30 179 69.1
30 187 67.1
30 191 125.19999999999999
30 196 74.1
30 241 129.2
30 242 128.2
30 246 66.1
30 254 64.1
30 275 72.1
30 280 148.2
30 284 138.2
31 7 127.19999999999999
31 16 131.2
31 95 183.29999999999998
31 99 62.1
31 100 148.2
31 111 61.1
31 121 73.1
31 127 77.1
31 141 143.2
31 154 49.1
31 175 145.2
31 182 123.19999999999999
31 197 77.1
31 230 64.1
31 232 80.1
31 251 109.2
31 272 66.1
31 296 150.2
32 18 90.1
32 35 75.1
32 40 71.1
32 58 235.29999999999998
32 59 74.1
32 66 153.2
32 71 83.1
32 82 127.19999999999999
32 88 80.1
32 92 82.1
32 106 65.1
32 113 76.1
32 124 151.2
32 132 87.1
32 148 133.2
32 156 79.1
32 158 179.2
32 192 137.2
32 216 79.1
33 7 71.1
33 15 60.1
33 40 158.3
33 52 71.1
33 68 70.1
33 73 71.1
33 75 150.2
33 76 75.1
33 84 167.2
33 92 140.2
33 113 38.1
33 130 76.1
33 153 136.2
33 156 120.2
33 179 95.1
33 223 115.19999999999999
33 227 63.1
33 258 67.1
33 293 76.1
34 0 159.2
34 24 212.29999999999998
34 46 178.2
34 51 210.29999999999998
34 79 148.2
34 81 127.19999999999999
34 87 215.29999999999998
34 89 87.1
34 94 148.2
34 102 105.1
34 145 87.1
34 156 65.1
34 212 75.1
34 238 78.1
34 241 102.1
34 269 81.1
34 274 67.1
34 285 112.1
35 14 142.2
35 21 132.2
35 23 219.29999999999998
35 32 55.1
35 52 120.2
35 58 67.1
35 62 70.1
35 78 169.2
35 124 69.1
35 136 66.1
35 138 81.1
35 146 222.29999999999998
35 174 83.1
35 178 97.1
35 225 97.1
35 232 69.1
35 243 64.1
35 290 134.2
36 11 90.1
36 15 285.29999999999995
36 45 70.1
36 62 96.1
36 84 83.1
36 119 76.1
36 131 63.1
36 135 175.2
36 148 66.1
36 152 83.1
36 158 99.1
36 204 230.29999999999998
36 225 92.1
36 243 83.1
36 257 259.29999999999995
36 267 190.2
36 272 185.2
36 288 198.2
36 290 76.1
37 2 69.1
37 12 63.1
37 26 74.1
37 50 130.2
37 74 170.2
37 96 121.19999999999999
37 104 64.1
37 140 170.2
37 172 137.2
37 176 179.29999999999998
37 195 110.19999999999999
37 198 104.2
37 208 126.19999999999999
37 259 151.2
37 264 70.1
37 282 73.1
38 3 61.1
38 28 143.2
38 45 150.2
38 52 82.1
38 58 80.1
38 62 184.2
38 67 74.1
38 68 157.2
38 88 80.1
38 94 66.1
38 153 65.1
38 170 172.2
38 189 67.1
38 204 77.1
38 227 142.2
38 231 170.2
38 258 188.29999999999998
39 1 133.2
39 2 78.1
39 8 140.2
39 12 58.1
39 24 56.1
39 47 161.2
39 48 162.2
39 49 69.1
39 54 149.2
39 93 103.1
39 96 64.1
39 115 100.1
39 140 80.1
39 152 131.2
39 155 132.2
39 164 91.1
39 173 91.1
39 174 104.1
39 208 90.1
39 228 169.2
39 277 85.1
40 3 66.1
40 17 90.1
40 32 56.1
40 33 191.29999999999998
40 55 70.1
40 75 184.2
40 84 189.2
40 92 243.29999999999998
40 149 89.1
40 153 190.2
40 155 74.1
40 156 168.2
40 158 73.1
40 206 70.1
40 221 95.1
40 223 204.29999999999998
40 248 89.1
40 286 101.1
40 293 110.1
41 1 74.1
41 2 149.2
41 20 236.29999999999998
41 42 215.29999999999998
41 47 74.1
41 94 84.1
41 97 173.2
41 108 86.1
41 111 49.1
41 115 94.1
41 117 158.2
41 141 94.1
41 145 98.1
41 150 153.2
41 172 103.1
41 201 158.2
41 212 76.1
41 215 108.1
41 226 93.1
42 2 129.2
42 20 160.2
42 41 203.29999999999998
42 97 129.2
42 117 172.29999999999998
42 122 60.1
42 150 185.3
42 172 61.1
42 174 81.1
42 192 86.1
42 201 136.2
42 206 79.1
42 215 66.1
42 221 85.1
42 230 82.1
42 267 86.1
42 268 73.1
42 282 97.1
42 291 86.1
43 12 70.1
43 22 73.1
43 25 138.2
43 118 50.1
43 139 131.2
43 152 73.1
43 173 68.1
43 176 64.1
43 183 179.29999999999998
43 195 64.1
43 198 114.19999999999999
43 206 146.2
43 221 80.1
43 222 128.2
43 258 66.1
43 264 117.19999999999999
43 265 79.1
44 4 81.1
44 9 138.2
44 13 143.2
44 24 67.1
44 29 85.1
44 49 176.2
44 71 90.1
44 85 154.2
44 89 132.2
44 125 84.1
44 133 93.1
44 140 94.1
44 159 92.1
44 174 86.1
44 200 222.29999999999998
44 212 78.1
44 214 66.1
44 233 85.1
44 236 72.1
44 242 82.1
44 248 162.2
44 253 83.1
44 256 93.1
44 262 75.1
45 28 164.2
45 36 74.1
45 38 172.2
45 62 211.29999999999998
45 67 59.1
45 68 146.2
45 70 67.1
45 88 80.1
45 112 62.1
45 135 85.1
45 147 62.1
45 158 76.1
45 189 80.1
45 195 61.1
45 204 92.1
45 227 213.29999999999998
45 231 202.29999999999998
45 257 83.1
45 258 139.2
46 0 169.2
46 24 141.2
46 34 154.2
46 51 202.29999999999998
46 73 78.1
46 79 142.2
46 81 137.2
46 82 72.1
46 87 145.2
46 92 98.1
46 94 234.29999999999998
46 97 89.1
46 145 72.1
46 149 94.1
46 202 103.1
46 206 93.1
46 287 109.1
46 293 103.1
47 1 167.2
47 2 94.1
47 8 174.2
47 12 164.2
47 24 68.1
47 39 162.2
47 41 86.1
47 48 160.2
47 51 79.1
47 54 138.2
47 93 88.1
47 117 88.1
47 118 70.1
47 120 75.1
47 132 94.1
47 139 92.1
47 152 86.1
47 155 80.1
47 173 183.2
47 196 88.1
47 228 164.2
47 266 79.1
48 1 68.1
48 8 119.19999999999999
48 12 130.2
48 39 154.2
48 47 150.2
48 54 158.2
48 108 80.1
48 143 79.1
48 145 69.1
48 152 161.2
48 155 70.1
48 173 128.2
48 213 73.1
48 222 65.1
48 228 132.2
48 239 77.1
48 280 78.1
48 290 81.1
48 294 121.1
49 4 75.1
49 9 39.1
49 11 68.1
49 13 146.2
49 29 78.1
49 30 58.1
49 39 54.1
49 44 142.2
49 85 138.2
49 89 63.1
49 93 74.1
49 144 61.1
49 162 110.1
49 166 75.1
49 200 106.2
49 208 64.1
49 212 129.2
49 215 87.1
49 220 80.1
49 233 83.1
49 248 154.2
50 12 45.1
50 37 148.2
50 55 63.1
50 71 79.1
50 73 71.1
50 74 136.2
50 96 125.19999999999999
50 109 57.1
50 140 153.2
50 172 175.29999999999998
50 176 130.2
50 195 109.2
50 201 59.1
50 208 196.29999999999998
50 215 47.1
50 234 63.1
50 259 123.19999999999999
51 0 168.2
51 3 70.1
51 24 150.2
51 34 232.29999999999998
51 46 280.29999999999995
51 47 78.1
51 54 84.1
51 79 232.29999999999998
51 81 145.2
51 87 162.2
51 94 204.2
51 118 85.1
51 125 104.1
51 137 98.1
51 141 101.1
51 142 84.1
51 153 119.1
51 169 78.1
51 233 108.1
51 247 80.1
51 264 103.1
52 14 184.2
52 21 219.29999999999998
52 23 141.2
52 24 72.1
52 33 82.1
52 35 132.2
52 38 78.1
52 58 72.1
52 62 69.1
52 78 260.29999999999995
52 113 47.1
52 146 149.2
52 231 71.1
52 253 78.1
52 257 90.1
52 258 76.1
52 260 83.1
52 287 73.1
52 290 148.2
53 27 153.2
53 65 158.2
53 109 104.2
53 114 101.2
53 130 123.19999999999999
53 146 56.1
53 171 149.2
53 185 67.1
53 197 153.2
53 229 124.19999999999999
53 235 89.1
53 261 145.2
53 283 146.2
54 1 150.2
54 8 149.2
54 12 129.2
54 39 146.2
54 47 126.19999999999999
54 48 126.19999999999999
54 51 64.1
54 55 85.1
54 82 69.1
54 143 79.1
54 152 81.1
54 155 133.2
54 173 147.2
54 181 73.1
54 194 76.1
54 228 69.1
54 232 79.1
54 266 80.1
54 268 77.1
55 6 154.2
55 16 93.1
55 17 136.2
55 40 56.1
55 50 48.1
55 54 77.1
55 94 68.1
55 97 75.1
55 127 124.19999999999999
55 154 79.1
55 181 128.2
55 184 124.19999999999999
55 185 134.2
55 232 137.2
55 236 159.2
55 239 110.2
56 8 50.1
56 88 126.19999999999999
56 94 50.1
56 101 99.2
56 119 97.2
56 125 53.1
56 137 111.2
56 158 47.1
56 187 101.2
56 206 65.1
56 225 126.2
56 227 61.1
56 233 51.1
56 239 49.1
56 243 139.2
56 267 65.1
56 285 51.1
56 290 75.1
57 3 210.29999999999998
57 14 92.1
57 58 79.1
57 67 140.2
57 69 124.19999999999999
57 90 138.2
57 118 71.1
57 131 131.2
57 136 208.29999999999998
57 157 78.1
57 168 151.2
57 184 81.1
57 187 87.1
57 199 134.2
57 243 78.1
57 275 141.2
57 290 56.1
58 13 78.1
58 32 236.29999999999998
58 35 98.1
58 38 87.1
58 52 80.1
58 57 81.1
58 66 179.2
58 81 65.1
58 82 155.2
58 93 68.1
58 124 145.2
58 148 193.29999999999998
58 158 163.2
58 184 79.1
58 187 90.1
58 189 80.1
58 192 134.2
58 204 85.1
58 225 80.1
59 6 63.1
59 32 60.1
59 60 122.2
59 63 71.1
59 68 67.1
59 111 74.1
59 121 234.29999999999998
59 141 65.1
59 171 73.1
59 178 145.2
59 197 82.1
59 213 146.2
59 216 121.19999999999999
59 224 130.2
59 235 142.2
59 296 85.1
60 6 60.1
60 13 58.1
60 17 73.1
60 59 119.2
60 65 85.1
60 99 71.1
60 121 168.2
60 178 143.2
60 212 68.1
60 213 151.2
60 216 207.29999999999998
60 224 172.3
60 225 80.1
60 228 63.1
60 230 81.1
60 235 218.29999999999998
60 236 35.1
61 19 58.1
61 65 91.1
61 71 164.2
61 85 72.1
61 103 71.1
61 116 147.2
61 132 74.1
61 162 178.2
61 163 158.2
61 198 68.1
61 210 67.1
61 211 144.2
61 220 167.2
61 229 72.1
61 252 86.1
61 254 191.2
61 271 71.1
61 294 192.2
62 0 80.1
62 28 185.3
62 35 74.1
62 36 95.1
62 38 173.2
62 45 216.29999999999998
62 52 60.1
62 68 121.19999999999999
62 76 42.1
62 110 72.1
62 147 62.1
62 148 58.1
62 156 67.1
62 204 70.1
62 227 145.2
62 231 160.2
62 250 102.1
62 258 144.2
62 259 69.1
63 5 92.1
63 9 86.1
63 59 106.1
63 70 210.29999999999998
63 72 139.2
63 85 53.1
63 105 186.2
63 120 145.2
63 125 198.2
63 126 90.1
63 142 145.2
63 201 59.1
63 209 152.2
63 234 129.2
63 276 110.1
63 280 87.1
64 0 73.1
64 5 128.2
64 11 61.1
64 18 154.2
64 19 50.1
64 29 78.1
64 30 72.1
64 76 222.29999999999998
64 106 82.1
64 112 54.1
64 115 81.1
64 145 136.2
64 153 76.1
64 165 169.2
64 169 139.2
64 183 53.1
64 245 141.2
64 262 84.1
64 280 89.1
65 2 63.1
65 16 62.1
65 27 157.2
65 53 175.2
65 60 76.1
65 61 74.1
65 83 137.2
65 91 73.1
65 114 60.1
65 117 85.1
65 130 69.1
65 171 62.1
65 197 153.2
65 227 81.1
65 229 79.1
65 261 79.1
65 282 146.2
65 283 87.1
66 25 78.1
66 32 131.2
66 58 163.2
66 82 123.19999999999999
66 96 74.1
66 118 64.1
66 124 129.2
66 146 73.1
66 148 202.3
66 158 148.2
66 189 66.1
66 192 107.2
66 231 165.2
66 258 152.2
66 272 83.1
66 297 92.1
67 1 80.1
67 3 158.2
67 38 90.1
67 45 74.1
67 57 159.2
67 69 240.29999999999998
67 89 77.1
67 90 154.2
67 131 202.29999999999998
67 136 144.2
67 161 101.1
67 168 141.2
67 189 58.1
67 199 140.2
67 204 55.1
67 231 75.1
67 275 155.2
68 3 54.1
68 28 120.2
68 33 61.1
68 38 149.2
68 45 125.19999999999999
68 59 57.1
68 62 103.2
68 102 160.2
68 104 50.1
68 124 63.1
68 144 71.1
68 149 73.1
68 227 137.2
68 231 204.3
68 258 121.19999999999999
68 284 67.1
68 287 62.1
68 294 81.1
69 3 219.29999999999998
69 4 87.1
69 57 137.2
69 67 225.29999999999998
69 76 94.1
69 90 228.29999999999998
69 131 160.2
69 136 136.2
69 137 97.1
69 168 134.2
69 170 85.1
69 199 136.2
69 202 93.1
69 245 103.1
69 275 163.2
69 278 104.1
70 22 68.1
70 45 42.1
70 63 190.29999999999998
70 72 219.29999999999998
70 74 66.1
70 103 55.1
70 105 112.2
70 120 115.19999999999999
70 121 62.1
70 125 167.2
70 134 85.1
70 142 134.2
70 151 85.1
70 163 75.1
70 189 66.1
70 201 47.1
70 207 113.19999999999999
70 209 114.2
71 13 80.1
71 32 63.1
71 44 68.1
71 50 66.1
71 61 172.2
71 116 162.2
71 161 79.1
71 162 261.29999999999995
71 163 164.2
71 186 62.1
71 211 166.2
71 215 84.1
71 220 170.2
71 226 70.1
71 234 61.1
71 254 244.29999999999998
71 294 182.2
72 5 54.1
72 7 65.1
72 63 134.2
72 70 252.29999999999998
72 95 75.1
72 105 275.29999999999995
72 114 86.1
72 120 138.2
72 125 179.2
72 142 242.29999999999998
72 175 72.1
72 209 141.2
72 216 72.1
72 217 98.1
72 229 79.1
72 276 166.2
73 21 69.1
73 33 78.1
73 46 68.1
73 50 56.1
73 97 73.1
73 133 122.2
73 136 66.1
73 179 179.2
73 202 179.2
73 203 151.2
73 221 74.1
73 227 71.1
73 240 250.29999999999998
73 288 79.1
73 289 161.2
73 292 162.2
73 295 160.2
74 37 163.2
74 50 131.2
74 70 88.1
74 76 66.1
74 85 87.1
74 96 132.2
74 105 85.1
74 111 69.1
74 140 183.2
74 141 137.2
74 172 156.2
74 176 137.2
74 195 123.19999999999999
74 201 67.1
74 208 157.2
74 259 139.2
74 276 101.1
75 28 76.1
75 30 61.1
75 33 167.2
75 40 172.2
75 84 148.2
75 92 192.2
75 94 96.1
75 128 102.1
75 129 72.1
75 133 87.1
75 153 171.2
75 156 223.29999999999998
75 223 206.29999999999998
75 248 91.1
75 274 79.1
75 275 88.1
75 283 73.1
76 5 153.2
76 18 133.2
76 33 103.1
76 62 57.1
76 64 253.29999999999998
76 69 81.1
76 74 67.1
76 91 78.1
76 111 95.1
76 125 66.1
76 145 234.29999999999998
76 147 86.1
76 153 65.1
76 156 82.1
76 169 244.29999999999998
76 245 150.2
76 254 83.1
76 273 90.1
76 289 88.1
76 290 103.1
77 26 170.2
77 80 186.2
77 102 178.2
77 104 78.1
77 105 87.1
77 118 80.1
77 134 89.1
77 143 187.2
77 187 79.1
77 194 217.29999999999998
77 196 154.2
77 198 77.1
77 210 136.2
77 231 68.1
77 251 66.1
77 264 62.1
77 265 220.29999999999998
78 14 195.2
78 21 142.2
78 23 153.2
78 35 126.19999999999999
78 52 209.29999999999998
78 81 76.1
78 101 82.1
78 135 80.1
78 146 145.2
78 168 44.1
78 174 189.2
78 225 73.1
78 243 133.2
78 250 86.1
78 267 79.1
78 290 141.2
79 0 164.2
79 13 86.1
79 24 135.2
79 34 132.2
79 46 158.2
79 51 172.3
79 81 190.29999999999998
79 84 93.1
79 87 183.2
79 94 148.2
79 119 74.1
79 153 90.1
79 169 53.1
79 179 82.1
79 236 72.1
79 240 92.1
79 274 72.1
79 287 100.1
80 26 151.2
80 77 165.2
80 83 138.2
80 102 155.2
80 112 59.1
80 113 60.1
80 139 76.1
80 143 150.2
80 189 64.1
80 194 153.2
80 196 210.29999999999998
80 210 109.19999999999999
80 265 150.2
80 271 180.2
80 282 73.1
81 0 166.2
81 17 65.1
81 24 157.2
81 34 139.2
81 46 174.2
81 51 153.2
81 58 69.1
81 78 95.1
81 79 190.3
81 87 148.2
81 94 145.2
81 156 88.1
81 179 81.1
81 192 106.1
81 240 99.1
81 267 74.1
81 270 76.1
81 281 71.1
82 25 84.1
82 32 140.2
82 46 86.1
82 54 78.1
82 58 141.2
82 66 174.2
82 90 78.1
82 115 88.1
82 124 149.2
82 148 138.2
82 157 76.1
82 158 144.2
82 160 100.1
82 169 74.1
82 184 74.1
82 192 201.29999999999998
82 206 80.1
82 244 72.1
82 250 77.1
83 28 75.1
83 65 146.2
83 80 168.2
83 100 62.1
83 173 77.1
83 197 153.2
83 210 136.2
83 215 150.2
83 218 158.2
83 252 185.2
83 265 161.2
83 271 143.2
83 282 180.2
83 283 174.2
83 290 86.1
84 33 174.2
84 36 78.1
84 40 138.2
84 75 170.2
84 79 84.1
84 86 72.1
84 92 220.29999999999998
84 95 59.1
84 133 75.1
84 152 77.1
84 153 160.2
84 156 119.19999999999999
84 169 66.1
84 223 134.2
84 238 77.1
84 250 81.1
84 272 58.1
85 4 91.1
85 9 89.1
85 13 156.2
85 29 74.1
85 44 179.2
85 49 191.2
85 61 96.1
85 63 72.1
85 74 101.1
85 89 182.2
85 150 73.1
85 163 90.1
85 166 78.1
85 184 86.1
85 200 175.2
85 203 93.1
85 212 162.2
85 214 81.1
85 226 123.1
85 233 86.1
85 248 169.2
86 84 68.1
86 87 54.1
86 108 123.19999999999999
86 117 46.1
86 129 128.2
86 188 172.29999999999998
86 191 67.1
86 193 162.2
86 238 143.2
86 240 70.1
86 244 118.19999999999999
86 250 53.1
86 269 134.2
86 274 53.1
86 281 138.2
86 286 149.2
86 292 59.1
87 0 250.29999999999998
87 24 151.2
87 34 203.3
87 46 163.2
87 51 139.2
87 79 160.2
87 81 132.2
87 86 76.1
87 94 162.2
87 129 91.1
87 233 89.1
87 242 87.1
87 250 88.1
87 281 93.1
87 286 162.2
87 287 89.1
87 289 93.1
88 14 83.1
88 32 70.1
88 38 68.1
88 45 84.1
88 56 136.2
88 101 105.2
88 119 130.2
88 137 149.2
88 161 162.2
88 168 63.1
88 187 158.2
88 189 60.1
88 204 65.1
88 225 176.2
88 243 131.2
88 267 72.1
88 288 79.1
89 1 81.1
89 4 262.29999999999995
89 9 168.2
89 13 73.1
89 29 156.2
89 34 96.1
89 44 187.2
89 49 87.1
89 67 86.1
89 85 186.2
89 118 81.1
89 145 88.1
89 158 89.1
89 177 65.1
89 194 81.1
89 200 98.1
89 211 82.1
89 212 160.2
89 233 195.2
89 248 80.1
89 294 108.1
90 3 149.2
90 6 91.1
90 8 95.1
90 25 102.1
90 57 139.2
90 67 148.2
90 69 203.29999999999998
90 82 82.1
90 131 137.2
90 136 160.2
90 137 80.1
90 157 87.1
90 168 153.2
90 180 89.1
90 199 117.19999999999999
90 244 95.1
90 275 171.2
91 65 96.1
91 76 84.1
91 103 153.2
91 143 82.1
91 145 78.1
91 160 269.29999999999995
91 162 92.1
91 179 88.1
91 186 170.2
91 205 167.2
91 207 162.2
91 211 77.1
91 226 87.1
91 246 287.29999999999995
91 247 204.2
91 255 219.29999999999998
91 277 203.2
92 32 71.1
92 33 147.2
92 40 207.29999999999998
92 46 67.1
92 75 181.2
92 84 236.29999999999998
92 112 74.1
92 119 84.1
92 124 100.1
92 153 173.2
92 156 136.2
92 168 74.1
92 221 71.1
92 223 156.2
92 235 52.1
92 236 56.1
92 270 169.2
92 274 77.1
93 39 66.1
93 47 58.1
93 49 58.1
93 58 60.1
93 104 119.2
93 110 130.2
93 132 156.2
93 143 89.1
93 177 121.2
93 196 61.1
93 211 61.1
93 218 220.29999999999998
93 219 136.2
93 249 130.2
93 266 138.2
93 268 136.2
93 271 86.1
93 297 87.1
94 0 125.19999999999999
94 4 74.1
94 24 138.2
94 34 142.2
94 38 88.1
94 41 64.1
94 46 191.29999999999998
94 51 125.19999999999999
94 55 69.1
94 56 41.1
94 75 84.1
94 79 122.19999999999999
94 81 122.19999999999999
94 87 154.2
94 136 74.1
94 250 87.1
94 281 63.1
94 295 72.1
95 7 201.29999999999998
95 10 140.2
95 16 204.29999999999998
95 31 214.29999999999998
95 72 96.1
95 84 64.1
95 100 114.19999999999999
95 119 54.1
95 141 143.2
95 164 78.1
95 175 115.19999999999999
95 182 153.2
95 184 70.1
95 209 71.1
95 251 143.2
95 296 148.2
96 2 67.1
96 37 118.2
96 39 44.1
96 50 103.2
96 66 63.1
96 74 136.2
96 107 55.1
96 140 182.3
96 172 121.19999999999999
96 176 108.2
96 195 127.19999999999999
96 208 123.19999999999999
96 211 137.2
96 259 114.2
96 273 96.1
97 2 210.29999999999998
97 16 75.1
97 20 174.2
97 22 108.1
97 24 84.1
97 41 165.2
97 42 124.2
97 46 78.1
97 55 78.1
97 73 115.1
97 117 185.2
97 125 85.1
97 148 93.1
97 150 164.2
97 201 165.2
97 233 92.1
97 246 109.1
97 261 112.1
97 285 146.1
98 106 149.2
98 138 222.29999999999998
98 141 64.1
98 149 195.29999999999998
98 151 142.2
98 166 68.1
98 181 58.1
98 203 75.1
98 221 127.19999999999999
98 240 85.1
98 274 139.2
98 285 170.2
98 286 85.1
98 287 123.2
98 292 80.1
98 293 173.2
99 10 127.19999999999999
99 31 74.1
99 60 56.1
99 100 47.1
99 107 121.2
99 111 160.2
99 114 51.1
99 122 121.2
99 140 43.1
99 154 115.2
99 167 151.2
99 224 76.1
99 229 57.1
99 230 137.2
99 236 56.1
99 237 126.19999999999999
99 263 159.2
100 7 230.29999999999998
100 16 143.2
100 31 178.2
100 83 96.1
100 95 137.2
100 99 60.1
100 125 87.1
100 141 144.2
100 175 153.2
100 182 152.2
100 184 64.1
100 195 83.1
100 251 148.2
100 263 161.2
100 283 74.1
100 296 251.29999999999998
101 28 48.1
101 56 102.2
101 78 70.1
101 88 91.2
101 110 59.1
101 119 99.2
101 135 61.1
101 136 38.1
101 137 109.19999999999999
101 161 61.1
101 187 118.2
101 189 46.1
101 225 119.19999999999999
101 243 112.2
101 249 54.1
101 267 53.1
101 288 53.1
101 290 63.1
102 23 62.1
102 26 151.2
102 34 85.1
102 68 135.2
102 77 148.2
102 80 157.2
102 143 145.2
102 152 57.1
102 194 152.2
102 196 126.19999999999999
102 210 109.2
102 219 125.19999999999999
102 251 82.1
102 265 162.2
102 273 168.2
103 61 69.1
103 70 76.1
103 91 136.2
103 142 82.1
103 151 100.1
103 160 135.2
103 166 79.1
103 186 220.29999999999998
103 205 146.2
103 207 157.2
103 220 58.1
103 234 58.1
103 246 136.2
103 247 129.2
103 255 168.3
103 277 140.2
104 37 66.1
104 68 63.1
104 77 75.1
104 93 143.2
104 110 213.29999999999998
104 121 81.1
104 132 157.2
104 147 78.1
104 149 67.1
104 177 122.19999999999999
104 183 78.1
104 218 204.29999999999998
104 219 130.2
104 249 228.29999999999998
104 264 49.1
104 266 127.19999999999999
104 268 145.2
104 271 75.1
104 289 90.1
105 18 94.1
105 22 70.1
105 63 166.2
105 70 146.2
105 72 270.29999999999995
105 74 94.1
105 77 104.1
105 120 173.2
105 125 160.2
105 126 89.1
105 142 152.2
105 160 100.1
105 201 75.1
105 209 161.2
105 215 98.1
105 276 88.1
105 278 89.1
106 2 57.1
106 32 45.1
106 64 55.1
106 98 132.2
106 138 152.2
106 149 126.19999999999999
106 151 108.2
106 173 50.1
106 205 67.1
106 210 55.1
106 221 126.19999999999999
106 228 50.1
106 275 54.1
106 280 160.2
106 285 126.19999999999999
106 287 196.29999999999998
106 293 173.2
107 6 82.1
107 10 137.2
107 26 86.1
107 96 66.1
107 99 124.19999999999999
107 111 194.29999999999998
107 122 138.2
107 140 73.1
107 142 63.1
107 154 124.19999999999999
107 167 149.2
107 197 75.1
107 230 153.2
107 235 82.1
107 237 147.2
107 263 152.2
108 12 74.1
108 26 72.1
108 41 83.1
108 48 69.1
108 86 161.2
108 129 276.29999999999995
108 188 252.29999999999998
108 193 156.2
108 211 71.1
108 238 167.2
108 244 156.2
108 269 241.29999999999998
108 281 150.2
108 286 169.2
109 27 169.2
109 50 52.1
109 53 137.2
109 114 125.19999999999999
109 121 85.1
109 130 242.29999999999998
109 171 129.2
109 186 64.1
109 224 82.1
109 229 128.2
109 232 61.1
109 239 65.1
109 241 70.1
109 261 240.29999999999998
109 283 157.2
109 289 76.1
110 25 73.1
110 62 68.1
110 93 132.2
110 101 67.1
110 104 171.3
110 117 61.1
110 132 180.2
110 177 93.2
110 183 56.1
110 196 64.1
110 218 131.2
110 219 137.2
110 231 70.1
110 249 123.19999999999999
110 261 83.1
110 266 116.19999999999999
110 268 117.19999999999999
111 10 232.29999999999998
111 27 76.1
111 31 82.1
111 41 64.1
111 59 80.1
111 74 72.1
111 76 61.1
111 99 191.2
111 107 213.29999999999998
111 122 119.2
111 154 122.19999999999999
111 167 263.29999999999995
111 197 78.1
111 230 185.2
111 237 172.2
111 263 151.2
111 287 95.1
112 8 61.1
112 11 118.19999999999999
112 19 110.2
112 22 173.2
112 45 85.1
112 64 69.1
112 80 83.1
112 92 90.1
112 118 69.1
112 138 105.1
112 151 84.1
112 167 88.1
112 173 67.1
112 204 66.1
112 210 63.1
112 214 141.2
112 222 82.1
112 234 187.29999999999998
112 271 96.1
112 282 95.1
112 292 73.1
113 32 54.1
113 33 65.1
113 52 46.1
113 80 73.1
113 120 57.1
113 121 66.1
113 144 123.2
113 147 151.2
113 157 112.2
113 161 152.2
113 170 186.29999999999998
113 180 202.29999999999998
113 190 137.2
113 255 47.1
113 257 60.1
113 270 137.2
113 284 137.2
114 15 63.1
114 27 153.2
114 53 128.2
114 65 55.1
114 72 82.1
114 99 55.1
114 109 118.19999999999999
114 130 122.19999999999999
114 171 134.2
114 178 74.1
114 197 63.1
114 216 58.1
114 229 118.2
114 259 78.1
114 261 172.29999999999998
114 282 65.1
114 283 53.1
115 11 81.1
115 39 69.1
115 41 46.1
115 64 85.1
115 82 71.1
115 128 195.2
115 164 226.29999999999998
115 215 85.1
115 219 93.1
115 226 256.29999999999995
115 237 83.1
115 252 143.2
115 260 166.2
115 279 166.2
115 297 207.2
116 9 51.1
116 20 57.1
116 61 132.2
116 71 137.2
116 162 149.2
116 163 137.2
116 196 77.1
116 211 111.19999999999999
116 215 65.1
116 220 124.19999999999999
116 228 65.1
116 254 152.2
116 279 70.1
116 288 89.1
116 294 135.2
117 2 160.2
117 20 158.2
117 26 70.1
117 41 151.2
117 42 189.29999999999998
117 47 73.1
117 65 100.1
117 86 86.1
117 97 183.2
117 110 85.1
117 129 93.1
117 135 108.1
117 150 164.2
117 172 71.1
117 181 64.1
117 201 136.2
117 204 79.1
117 215 66.1
117 217 116.1
117 247 80.1
117 259 100.1
117 283 86.1
118 1 70.1
118 6 65.1
118 22 62.1
118 24 50.1
118 25 76.1
118 43 52.1
118 47 55.1
118 51 56.1
118 57 52.1
118 66 61.1
118 77 66.1
118 89 62.1
118 112 61.1
118 124 68.1
118 131 73.1
118 139 59.1
118 145 68.1
118 150 57.1
118 181 74.1
118 183 60.1
118 198 76.1
118 206 72.1
118 222 150.2
118 236 67.1
118 255 45.1
118 264 56.1
119 36 78.1
119 56 116.19999999999999
119 79 68.1
119 88 158.2
119 92 89.1
119 95 51.1
119 101 122.19999999999999
119 124 72.1
119 137 141.2
119 152 64.1
119 168 71.1
119 187 159.2
119 192 58.1
119 206 71.1
119 225 167.2
119 243 170.2
119 267 89.1
119 272 78.1
119 288 78.1
120 21 65.1
120 28 83.1
120 47 71.1
120 63 167.2
120 70 152.2
120 72 153.2
120 105 171.2
120 113 78.1
120 125 269.29999999999995
120 127 68.1
120 142 154.2
120 175 75.1
120 183 60.1
120 200 161.2
120 204 67.1
120 209 142.2
120 254 89.1
121 17 79.1
121 22 61.1
121 24 73.1
121 31 67.1
121 59 249.29999999999998
121 60 156.2
121 70 70.1
121 104 72.1
121 109 86.1
121 113 98.1
121 146 70.1
121 150 78.1
121 154 66.1
121 178 188.2
121 189 92.1
121 213 158.2
121 216 208.29999999999998
121 224 141.2
121 230 78.1
121 235 152.2
122 10 210.29999999999998
122 11 77.1
122 42 59.1
122 99 139.2
122 107 132.2
122 111 129.2
122 123 70.1
122 154 197.29999999999998
122 167 155.2
122 197 67.1
122 216 60.1
122 221 65.1
122 230 151.2
122 235 79.1
122 237 152.2
122 263 140.2
122 283 64.1
123 27 72.1
123 122 39.1
123 125 70.1
123 126 126.2
123 142 75.1
123 164 132.2
123 166 136.2
123 217 163.2
123 253 132.2
123 256 138.2
123 262 149.2
123 276 181.2
123 278 144.2
123 291 166.2
124 23 52.1
124 32 133.2
124 35 93.1
124 58 158.2
124 66 143.2
124 68 80.1
124 82 151.2
124 92 81.1
124 118 65.1
124 119 94.1
124 148 112.19999999999999
124 158 245.29999999999998
124 168 77.1
124 189 76.1
124 192 196.29999999999998
124 206 53.1
124 209 64.1
124 227 73.1
124 293 103.1
125 8 89.1
125 44 81.1
125 51 68.1
125 56 63.1
125 63 172.2
125 70 179.2
125 72 195.2
125 76 60.1
125 97 76.1
125 100 76.1
125 105 174.2
125 120 251.29999999999998
125 123 83.1
125 142 196.29999999999998
125 171 104.1
125 209 139.2
125 212 70.1
125 254 79.1
126 63 69.1
126 105 81.1
126 123 134.2
126 166 129.2
126 191 75.1
126 217 223.29999999999998
126 241 73.1
126 253 135.2
126 255 67.1
126 256 166.2
126 262 138.2
126 275 60.1
126 276 157.2
126 278 139.2
126 291 166.2
127 6 145.2
127 7 68.1
127 17 140.2
127 31 75.1
127 55 131.2
127 120 60.1
127 130 73.1
127 181 101.2
127 184 148.2
127 185 159.2
127 205 78.1
127 232 140.2
127 236 124.19999999999999
127 239 118.2
127 243 72.1
127 261 81.1
128 23 75.1
128 75 93.1
128 115 177.2
128 164 172.2
128 191 76.1
128 207 83.1
128 226 160.2
128 241 74.1
128 252 262.29999999999995
128 260 175.2
128 279 178.2
128 285 153.2
128 291 82.1
128 297 191.2
129 18 80.1
129 75 80.1
129 86 140.2
129 87 73.1
129 108 241.29999999999998
129 117 83.1
129 162 88.1
129 188 160.2
129 193 257.29999999999995
129 223 76.1
129 229 90.1
129 238 150.2
129 244 190.2
129 269 154.2
129 281 157.2
129 286 162.2
130 27 161.2
130 33 83.1
130 53 130.2
130 65 75.1
130 109 231.29999999999998
130 114 134.2
130 127 63.1
130 171 229.29999999999998
130 182 70.1
130 197 79.1
130 216 88.1
130 229 140.2
130 235 61.1
130 241 75.1
130 254 94.1
130 261 144.2
130 283 83.1
131 3 124.2
131 36 84.1
131 57 122.19999999999999
131 67 188.3
131 69 158.2
131 90 149.2
131 118 70.1
131 136 128.2
131 144 97.1
131 168 206.29999999999998
131 192 72.1
131 199 128.2
131 203 69.1
131 221 65.1
131 225 96.1
131 275 141.2
131 284 72.1
132 32 66.1
132 47 69.1
132 61 61.1
132 93 151.2
132 104 129.2
132 110 145.2
132 177 111.19999999999999
132 188 74.1
132 218 132.2
132 219 139.2
132 249 176.2
132 266 163.2
132 268 142.2
132 280 84.1
132 282 99.1
133 44 71.1
133 73 119.2
133 75 70.1
133 84 59.1
133 179 176.2
133 202 212.29999999999998
133 203 116.19999999999999
133 240 188.2
133 247 59.1
133 250 147.2
133 252 61.1
133 289 113.2
133 292 161.2
133 295 165.2
134 18 62.1
134 20 96.1
134 30 143.2
134 70 100.1
134 77 92.1
134 159 158.2
134 165 158.2
134 191 141.2
134 207 69.1
134 241 191.2
134 242 171.2
134 248 61.1
134 256 102.1
134 260 171.2
134 280 159.2
135 15 219.29999999999998
135 36 163.2
135 45 78.1
135 78 94.1
135 101 65.1
135 117 76.1
135 137 73.1
135 174 103.1
135 187 75.1
135 204 127.19999999999999
135 225 85.1
135 257 152.2
135 258 89.1
135 261 76.1
135 267 144.2
135 272 225.29999999999998
135 273 132.2
135 288 174.2
136 0 74.1
136 3 143.2
136 12 69.1
136 28 90.1
136 35 91.1
136 57 194.29999999999998
136 67 133.2
136 69 137.2
136 73 99.1
136 90 159.2
136 94 81.1
136 101 65.1
136 131 135.2
136 146 108.1
136 168 169.2
136 199 125.19999999999999
136 275 153.2
137 3 59.1
137 15 73.1
137 17 74.1
137 51 60.1
137 56 104.2
137 69 65.1
137 88 125.19999999999999
137 90 72.1
137 101 128.2
137 119 131.2
137 135 79.1
137 180 70.1
137 187 153.2
137 189 70.1
137 225 179.2
137 231 66.1
137 243 170.2
137 258 63.1
138 21 64.1
138 35 80.1
138 98 207.29999999999998
138 106 160.2
138 112 65.1
138 149 120.19999999999999
138 151 233.29999999999998
138 161 80.1
138 174 172.2
138 184 52.1
138 206 74.1
138 221 174.29999999999998
138 285 162.2
138 287 142.2
138 293 257.29999999999995
139 22 79.1
139 25 203.29999999999998
139 43 161.2
139 47 77.1
139 80 79.1
139 118 83.1
139 156 82.1
139 173 86.1
139 183 171.2
139 185 84.1
139 198 123.19999999999999
139 206 145.2
139 222 158.2
139 249 73.1
139 264 156.2
139 266 88.1
139 271 96.1
140 2 81.1
140 37 149.2
140 39 65.1
140 44 86.1
140 50 134.2
140 74 178.2
140 96 194.29999999999998
140 99 66.1
140 107 86.1
140 172 131.2
140 175 86.1
140 176 170.3
140 195 129.2
140 208 161.2
140 259 168.2
140 283 86.1
141 7 135.2
141 16 207.29999999999998
141 31 142.2
141 41 66.1
141 51 84.1
141 59 64.1
141 74 150.2
141 95 116.2
141 98 79.1
141 100 127.19999999999999
141 175 152.2
141 182 123.2
141 203 66.1
141 204 83.1
141 251 214.29999999999998
141 296 153.2
142 6 78.1
142 22 82.1
142 51 76.1
142 63 145.2
142 70 152.2
142 72 243.29999999999998
142 103 84.1
142 105 159.2
142 107 77.1
142 120 139.2
142 123 76.1
142 125 225.29999999999998
142 143 92.1
142 145 89.1
142 182 83.1
142 209 243.29999999999998
142 230 92.1
142 237 86.1
142 278 94.1
143 8 68.1
143 26 144.2
143 30 87.1
143 48 75.1
143 54 55.1
143 77 182.2
143 80 178.2
143 91 71.1
143 93 81.1
143 102 177.2
143 142 66.1
143 194 261.29999999999995
143 196 233.29999999999998
143 210 193.29999999999998
143 218 90.1
143 265 125.19999999999999
143 271 92.1
143 282 171.2
144 14 80.1
144 49 52.1
144 68 69.1
144 113 141.2
144 131 62.1
144 147 169.2
144 149 74.1
144 157 222.29999999999998
144 158 87.1
144 161 194.2
144 170 137.2
144 180 160.2
144 190 220.29999999999998
144 270 164.2
144 277 60.1
144 284 150.2
145 5 154.2
145 9 88.1
145 18 209.29999999999998
145 22 93.1
145 34 85.1
145 41 77.1
145 46 67.1
145 48 73.1
145 64 176.2
145 76 257.29999999999995
145 89 68.1
145 91 77.1
145 118 83.1
145 142 81.1
145 167 90.1
145 169 158.2
145 183 76.1
145 185 85.1
145 245 171.2
146 14 151.2
146 21 143.2
146 23 121.19999999999999
146 26 63.1
146 28 63.1
146 35 191.29999999999998
146 52 130.2
146 53 59.1
146 66 72.1
146 78 141.2
146 121 68.1
146 136 72.1
146 165 67.1
146 174 83.1
146 189 77.1
146 195 56.1
146 273 164.2
146 290 120.19999999999999
147 28 56.1
147 45 59.1
147 62 60.1
147 76 61.1
147 104 64.1
147 113 130.2
147 144 176.2
147 150 56.1
147 157 154.2
147 161 166.2
147 170 121.19999999999999
147 174 101.1
147 180 136.2
147 190 142.2
147 245 78.1
147 257 67.1
147 267 62.1
147 270 141.2
147 284 214.29999999999998
148 0 64.1
148 14 90.1
148 19 53.1
148 22 79.1
148 32 144.2
148 36 81.1
148 58 228.29999999999998
148 62 70.1
148 66 254.29999999999998
148 82 118.19999999999999
148 97 83.1
148 124 142.2
148 158 164.2
148 174 78.1
148 192 165.29999999999998
148 233 84.1
148 247 84.1
148 273 96.1
148 290 75.1
149 40 62.1
149 46 63.1
149 68 61.1
149 98 198.29999999999998
149 104 47.1
149 106 145.2
149 138 136.2
149 144 79.1
149 151 109.19999999999999
149 174 68.1
149 199 54.1
149 221 120.19999999999999
149 285 113.2
149 287 146.2
149 293 133.2
149 294 75.1
150 2 181.29999999999998
150 8 66.1
150 20 161.2
150 41 132.2
150 42 202.29999999999998
150 85 68.1
150 97 152.2
150 117 162.2
150 118 73.1
150 121 71.1
150 147 69.1
150 167 84.1
150 197 65.1
150 201 233.29999999999998
150 203 94.1
150 208 82.1
150 209 81.1
150 214 56.1
150 295 99.1
151 9 51.1
151 18 73.1
151 70 87.1
151 98 144.2
151 103 102.1
151 106 134.2
151 112 43.1
151 138 225.29999999999998
151 149 140.2
151 221 122.19999999999999
151 250 88.1
151 274 54.1
151 285 157.2
151 287 167.2
151 293 71.1
152 1 140.2
152 8 138.2
152 9 66.1
152 12 135.2
152 36 73.1
152 39 113.2
152 43 79.1
152 47 60.1
152 48 130.2
152 54 70.1
152 84 69.1
152 102 87.1
152 119 61.1
152 155 135.2
152 173 187.2
152 209 71.1
152 228 115.2
152 288 81.1
153 13 93.1
153 33 167.2
153 38 78.1
153 40 181.2
153 51 82.1
153 64 78.1
153 75 184.2
153 76 81.1
153 79 68.1
153 84 171.2
153 92 181.2
153 156 139.2
153 169 71.1
153 223 220.29999999999998
153 245 212.2
153 248 85.1
153 285 104.1
154 10 119.19999999999999
154 31 70.1
154 55 62.1
154 99 124.19999999999999
154 107 114.2
154 111 137.2
154 121 65.1
154 122 185.29999999999998
154 167 133.2
154 218 56.1
154 220 69.1
154 230 152.2
154 232 80.1
154 235 77.1
154 237 133.2
154 263 158.2
155 1 141.2
155 8 132.2
155 12 103.2
155 23 73.1
155 25 65.1
155 39 96.2
155 40 75.1
155 47 70.1
155 48 63.1
155 54 127.19999999999999
155 152 128.2
155 173 130.2
155 177 68.1
155 192 61.1
155 219 56.1
155 228 108.19999999999999
155 249 69.1
155 266 65.1
155 270 60.1
156 25 65.1
156 32 77.1
156 33 142.2
156 34 60.1
156 40 143.2
156 62 69.1
156 75 229.29999999999998
156 76 63.1
156 81 74.1
156 84 117.2
156 92 143.2
156 139 70.1
156 153 159.2
156 189 79.1
156 206 61.1
156 223 146.2
156 238 77.1
156 257 89.1
156 272 73.1
157 25 79.1
157 57 49.1
157 82 56.1
157 90 63.1
157 113 112.19999999999999
157 144 238.29999999999998
157 147 144.2
157 161 158.2
157 170 107.2
157 180 124.19999999999999
157 190 124.19999999999999
157 214 63.1
157 244 65.1
157 258 63.1
157 268 72.1
157 270 165.2
157 284 118.19999999999999
158 4 79.1
158 21 69.1
158 24 79.1
158 32 172.2
158 36 89.1
158 40 61.1
158 45 80.1
158 56 64.1
158 58 148.2
158 66 172.2
158 82 137.2
158 89 67.1
158 124 246.29999999999998
158 144 99.1
158 148 145.2
158 189 91.1
158 192 155.2
158 227 82.1
158 263 113.1
159 30 128.2
159 44 65.1
159 134 160.2
159 191 122.19999999999999
159 200 61.1
159 214 58.1
159 223 65.1
159 241 172.2
159 242 135.2
159 256 71.1
159 260 144.2
159 262 76.1
159 277 87.1
159 279 173.2
159 280 151.2
160 19 49.1
160 82 107.1
160 91 257.29999999999995
160 103 139.2
160 105 105.1
160 186 165.2
160 189 83.1
160 205 182.2
160 207 149.2
160 209 77.1
160 234 68.1
160 245 67.1
160 246 178.2
160 247 244.29999999999998
160 255 132.2
160 276 84.1
160 277 195.2
161 20 61.1
161 67 68.1
161 71 73.1
161 88 117.19999999999999
161 101 62.1
161 113 131.2
161 138 71.1
161 144 206.2
161 147 149.2
161 157 151.2
161 170 151.2
161 180 152.2
161 190 163.2
161 264 60.1
161 270 225.29999999999998
161 284 146.2
162 4 78.1
162 49 65.1
162 61 187.2
162 71 228.29999999999998
162 91 99.1
162 116 138.2
162 129 96.1
162 163 168.2
162 211 161.2
162 214 71.1
162 220 182.2
162 223 189.2
162 245 102.1
162 254 193.2
162 261 77.1
162 294 295.29999999999995
163 61 158.2
163 70 67.1
163 71 137.2
163 85 69.1
163 116 131.2
163 162 146.2
163 186 125.19999999999999
163 191 138.2
163 211 114.2
163 220 133.2
163 228 63.1
163 241 54.1
163 254 140.2
163 294 163.2
164 2 74.1
164 17 69.1
164 19 44.1
164 39 70.1
164 95 61.1
164 115 215.29999999999998
164 123 126.19999999999999
164 128 160.2
164 209 63.1
164 226 154.2
164 252 163.2
164 260 169.2
164 278 104.1
164 279 175.2
164 297 183.2
165 30 146.2
165 64 153.2
165 134 180.2
165 146 78.1
165 191 115.2
165 240 99.1
165 242 162.2
165 250 138.2
165 253 73.1
165 260 81.1
165 273 68.1
165 274 124.19999999999999
165 279 191.2
165 280 163.2
165 285 130.2
166 27 84.1
166 49 67.1
166 85 87.1
166 98 97.1
166 103 72.1
166 123 174.2
166 126 141.2
166 203 68.1
166 217 279.29999999999995
166 245 192.2
166 252 105.1
166 253 166.2
166 256 183.2
166 262 191.2
166 276 176.2
166 278 251.29999999999998
166 291 187.2
167 10 185.2
167 99 164.2
167 107 161.2
167 111 266.29999999999995
167 112 94.1
167 122 165.2
167 145 86.1
167 150 101.1
167 154 144.2
167 189 79.1
167 199 96.1
167 209 98.1
167 213 84.1
167 230 210.2
167 237 211.2
167 263 285.29999999999995
167 296 89.1
168 3 120.2
168 57 125.19999999999999
168 67 132.2
168 69 151.2
168 78 89.1
168 88 75.1
168 90 158.2
168 92 86.1
168 119 59.1
168 124 66.1
168 131 192.29999999999998
168 136 142.2
168 189 92.1
168 199 108.2
168 235 64.1
168 275 158.2
168 288 90.1
169 5 195.29999999999998
169 18 136.2
169 30 44.1
169 51 62.1
169 64 124.19999999999999
169 76 194.29999999999998
169 79 59.1
169 82 70.1
169 84 70.1
169 145 126.19999999999999
169 153 61.1
169 193 55.1
169 223 125.19999999999999
169 238 75.1
169 245 161.2
169 289 65.1
169 293 87.1
169 295 91.1
170 5 54.1
170 20 66.1
170 38 149.2
170 69 52.1
170 113 201.29999999999998
170 144 155.2
170 147 133.2
170 157 119.19999999999999
170 161 159.2
170 180 145.2
170 190 185.29999999999998
170 219 76.1
170 270 206.29999999999998
170 273 159.2
170 284 151.2
170 288 87.1
171 12 64.1
171 16 83.1
171 26 61.1
171 27 147.2
171 53 174.2
171 59 87.1
171 65 73.1
171 109 142.2
171 114 135.2
171 125 96.1
171 130 205.29999999999998
171 178 86.1
171 229 246.29999999999998
171 261 180.2
171 263 85.1
172 13 71.1
172 29 58.1
172 37 157.2
172 41 54.1
172 42 74.1
172 50 148.3
172 74 140.2
172 96 135.2
172 117 64.1
172 140 135.2
172 176 128.2
172 183 54.1
172 195 122.19999999999999
172 208 143.2
172 215 63.1
172 259 122.19999999999999
173 1 80.1
173 8 146.2
173 12 147.2
173 28 76.1
173 39 65.1
173 43 66.1
173 47 139.2
173 48 132.2
173 54 146.2
173 83 72.1
173 106 75.1
173 112 77.1
173 139 108.1
173 152 190.2
173 155 133.2
173 210 70.1
173 228 150.2
173 252 110.1
173 292 101.1
174 14 72.1
174 35 53.1
174 39 58.1
174 42 56.1
174 44 53.1
174 78 168.2
174 135 88.1
174 138 167.2
174 146 62.1
174 147 81.1
174 148 52.1
174 149 67.1
174 189 133.2
174 238 84.1
174 240 183.2
174 273 140.2
174 289 93.1
174 290 87.1
175 7 208.29999999999998
175 16 120.2
175 20 63.1
175 31 133.2
175 72 62.1
175 95 134.2
175 100 149.2
175 120 79.1
175 140 96.1
175 141 154.2
175 182 158.2
175 223 78.1
175 251 130.2
175 259 77.1
175 261 68.1
175 296 161.2
176 22 66.1
176 37 197.29999999999998
176 43 88.1
176 50 147.2
176 74 133.2
176 96 140.2
176 140 175.3
176 172 143.2
176 177 55.1
176 195 111.19999999999999
176 198 67.1
176 208 215.29999999999998
176 235 64.1
176 259 122.2
176 261 56.1
176 264 69.1
177 19 68.1
177 89 49.1
177 93 124.19999999999999
177 104 128.2
177 110 140.2
177 132 146.2
177 155 81.1
177 176 65.1
177 183 67.1
177 194 75.1
177 218 165.29999999999998
177 219 109.2
177 222 57.1
177 249 127.19999999999999
177 266 195.3
177 268 118.2
178 27 80.1
178 35 84.1
178 59 135.2
178 60 134.2
178 114 66.1
178 121 157.2
178 171 69.1
178 213 134.2
178 216 118.19999999999999
178 224 175.3
178 229 78.1
178 235 117.19999999999999
178 243 61.1
178 251 65.1
178 261 64.1
178 283 146.2
179 4 63.1
179 30 65.1
179 33 75.1
179 73 160.2
179 79 63.1
179 81 62.1
179 91 58.1
179 133 168.2
179 202 186.2
179 203 178.2
179 208 82.1
179 238 91.1
179 240 274.29999999999995
179 289 226.29999999999998
179 292 166.2
179 293 104.1
179 295 150.2
180 23 66.1
180 25 72.1
180 90 75.1
180 113 191.29999999999998
180 137 61.1
180 144 147.2
180 147 130.2
180 157 129.2
180 161 143.2
180 170 128.2
180 190 131.2
180 196 62.1
180 202 67.1
180 258 52.1
180 270 159.2
180 273 56.1
180 284 138.2
181 6 152.2
181 17 150.2
181 54 56.1
181 55 126.19999999999999
181 98 98.1
181 117 74.1
181 118 77.1
181 127 97.2
181 184 149.2
181 185 154.2
181 224 77.1
181 232 142.2
181 234 79.1
181 236 125.2
181 239 132.2
181 275 86.1
182 7 153.2
182 16 126.19999999999999
182 20 79.1
182 31 143.2
182 95 127.19999999999999
182 100 109.19999999999999
182 130 50.1
182 141 129.2
182 142 56.1
182 175 154.2
182 207 75.1
182 217 70.1
182 229 74.1
182 244 101.1
182 251 123.19999999999999
182 296 196.29999999999998
183 19 67.1
183 21 74.1
183 25 224.29999999999998
183 43 209.29999999999998
183 64 56.1
183 104 81.1
183 110 72.1
183 118 75.1
183 120 75.1
183 139 183.2
183 145 73.1
183 172 88.1
183 177 70.1
183 198 217.29999999999998
183 206 129.2
183 222 138.2
183 264 143.2
184 6 181.2
184 17 164.2
184 19 70.1
184 55 138.2
184 57 66.1
184 58 87.1
184 82 75.1
184 85 80.1
184 95 89.1
184 100 78.1
184 127 174.2
184 138 92.1
184 181 168.2
184 185 207.2
184 232 191.2
184 236 190.2
184 239 157.2
184 255 72.1
185 6 159.2
185 16 98.1
185 17 157.2
185 25 103.1
185 53 81.1
185 55 158.2
185 127 173.2
185 139 100.1
185 145 59.1
185 181 180.2
185 184 167.2
185 214 89.1
185 232 202.2
185 236 184.2
185 239 148.2
185 282 93.1
185 296 67.1
186 0 64.1
186 71 60.1
186 91 127.19999999999999
186 103 189.29999999999998
186 109 54.1
186 160 147.2
186 163 169.2
186 205 143.2
186 207 130.2
186 246 144.2
186 247 147.2
186 255 122.2
186 260 145.2
186 277 155.2
187 14 74.1
187 28 58.1
187 30 59.1
187 56 104.2
187 57 57.1
187 58 50.1
187 77 80.1
187 88 122.19999999999999
187 101 95.2
187 119 114.2
187 135 78.1
187 137 135.2
187 190 70.1
187 209 52.1
187 225 146.2
187 243 124.19999999999999
187 257 70.1
187 290 53.1
187 297 73.1
188 19 57.1
188 86 219.29999999999998
188 108 260.29999999999995
188 129 195.2
188 132 89.1
188 193 170.2
188 233 82.1
188 238 142.2
188 244 149.2
188 247 82.1
188 252 69.1
188 269 160.2
188 281 164.2
188 286 147.2
189 5 55.1
189 14 69.1
189 38 54.1
189 45 58.1
189 58 68.1
189 66 50.1
189 67 56.1
189 70 63.1
189 80 63.1
189 88 68.1
189 101 48.1
189 121 61.1
189 124 55.1
189 137 56.1
189 146 83.1
189 156 48.1
189 158 64.1
189 160 69.1
189 167 41.1
189 168 54.1
189 174 166.2
189 204 56.1
189 237 77.1
189 257 64.1
189 288 78.1
190 3 74.1
190 15 76.1
190 113 164.2
190 144 238.29999999999998
190 147 148.2
190 157 144.2
190 161 177.2
190 170 194.29999999999998
190 180 140.2
190 187 82.1
190 231 82.1
190 251 66.1
190 257 64.1
190 266 62.1
190 267 72.1
190 270 143.2
190 284 224.29999999999998
191 30 112.19999999999999
191 86 73.1
191 126 71.1
191 128 86.1
191 134 156.2
191 159 122.19999999999999
191 163 144.2
191 165 134.2
191 241 163.2
191 242 157.2
191 243 58.1
191 247 62.1
191 250 81.1
191 280 145.2
191 282 152.2
191 286 55.1
192 0 80.1
192 5 79.1
192 11 55.1
192 19 45.1
192 29 67.1
192 32 136.2
192 42 63.1
192 58 134.2
192 66 142.2
192 81 69.1
192 82 233.29999999999998
192 119 72.1
192 124 203.29999999999998
192 131 79.1
192 148 163.3
192 155 70.1
192 158 161.2
192 206 87.1
192 214 65.1
193 4 55.1
193 86 143.2
193 108 161.2
193 129 224.29999999999998
193 169 47.1
193 188 133.2
193 238 140.2
193 244 146.2
193 269 132.2
193 274 49.1
193 281 132.2
193 286 131.2
193 295 155.2
194 26 278.29999999999995
194 54 55.1
194 77 253.29999999999998
194 80 168.2
194 89 65.1
194 102 195.2
194 143 272.29999999999995
194 177 68.1
194 196 176.2
194 210 156.2
194 211 88.1
194 265 175.2
194 268 80.1
194 271 136.1
194 294 231.2
194 297 112.1
195 22 59.1
195 37 123.19999999999999
195 43 69.1
195 45 54.1
195 50 100.2
195 74 115.19999999999999
195 96 148.2
195 100 49.1
195 140 112.19999999999999
195 146 54.1
195 172 123.19999999999999
195 176 123.19999999999999
195 208 167.29999999999998
195 259 113.19999999999999
195 269 55.1
195 271 85.1
196 19 63.1
196 26 150.2
196 30 73.1
196 47 56.1
196 77 160.2
196 80 254.29999999999998
196 93 75.1
196 102 184.2
196 110 81.1
196 116 69.1
196 143 221.29999999999998
196 180 77.1
196 194 190.2
196 210 144.2
196 259 69.1
196 265 135.2
196 266 61.1
196 273 76.1
197 6 73.1
197 11 63.1
197 17 68.1
197 27 60.1
197 31 67.1
197 53 163.2
197 59 51.1
197 65 130.2
197 83 139.2
197 107 68.1
197 111 81.1
197 114 55.1
197 122 60.1
197 130 64.1
197 150 54.1
197 213 128.2
197 229 65.1
197 235 61.1
197 280 65.1
197 283 140.2
198 25 143.2
198 37 119.19999999999999
198 43 170.2
198 61 92.1
198 77 84.1
198 118 70.1
198 139 148.2
198 176 86.1
198 183 211.29999999999998
198 206 145.2
198 208 42.1
198 220 75.1
198 222 213.29999999999998
198 254 78.1
198 264 235.29999999999998
198 271 116.1
198 282 72.1
199 3 198.29999999999998
199 22 74.1
199 57 108.2
199 67 117.2
199 69 125.19999999999999
199 90 128.2
199 131 117.2
199 136 156.2
199 149 87.1
199 167 80.1
199 168 127.19999999999999
199 237 64.1
199 275 217.29999999999998
199 293 103.1
200 4 62.1
200 9 59.1
200 13 150.2
200 29 114.19999999999999
200 44 197.29999999999998
200 49 125.19999999999999
200 85 141.2
200 89 66.1
200 120 146.2
200 159 71.1
200 208 78.1
200 212 61.1
200 233 73.1
200 247 87.1
200 248 147.2
200 253 80.1
200 254 65.1
201 2 166.2
201 17 65.1
201 20 162.2
201 41 145.2
201 42 140.2
201 50 74.1
201 63 75.1
201 70 65.1
201 74 85.1
201 97 163.2
201 105 93.1
201 117 151.2
201 150 202.29999999999998
201 205 60.1
201 207 80.1
202 0 80.1
202 21 98.1
202 46 80.1
202 69 86.1
202 73 168.2
202 133 220.29999999999998
202 179 188.2
202 180 59.1
202 203 230.29999999999998
202 221 76.1
202 227 77.1
202 240 184.2
202 274 61.1
202 289 171.2
202 292 146.2
202 295 182.2
203 14 85.1
203 73 143.2
203 85 74.1
203 98 90.1
203 131 65.1
203 133 151.2
203 141 62.1
203 150 69.1
203 166 77.1
203 179 179.2
203 202 272.29999999999995
203 240 231.29999999999998
203 274 118.2
203 289 140.2
203 292 208.29999999999998
203 295 165.2
204 15 128.2
204 23 65.1
204 36 220.29999999999998
204 38 58.1
204 45 67.1
204 58 59.1
204 62 68.1
204 67 60.1
204 88 51.1
204 112 40.1
204 117 55.1
204 120 69.1
204 135 109.2
204 141 64.1
204 189 60.1
204 226 43.1
204 227 73.1
204 257 117.19999999999999
204 267 241.29999999999998
204 272 116.2
204 288 180.2
205 0 77.1
205 22 71.1
205 29 75.1
205 91 124.19999999999999
205 103 128.2
205 106 84.1
205 127 65.1
205 160 144.2
205 186 120.2
205 201 59.1
205 207 221.29999999999998
205 246 174.2
205 247 147.2
205 255 119.19999999999999
205 273 138.2
205 277 169.2
206 25 149.2
206 40 83.1
206 42 59.1
206 43 166.2
206 46 76.1
206 56 60.1
206 82 67.1
206 118 63.1
206 119 44.1
206 124 66.1
206 138 83.1
206 139 153.2
206 156 71.1
206 183 107.2
206 192 60.1
206 198 111.19999999999999
206 222 139.2
206 264 217.29999999999998
207 70 116.19999999999999
207 91 94.2
207 103 116.19999999999999
207 128 88.1
207 134 82.1
207 160 135.2
207 182 57.1
207 186 118.2
207 201 53.1
207 205 212.29999999999998
207 222 60.1
207 246 142.2
207 247 118.2
207 248 45.1
207 255 141.3
207 277 133.2
208 26 85.1
208 37 153.2
208 39 70.1
208 49 76.1
208 50 199.29999999999998
208 74 176.2
208 96 139.2
208 140 171.2
208 150 76.1
208 172 170.2
208 176 227.29999999999998
208 179 108.1
208 195 217.29999999999998
208 198 65.1
208 200 85.1
208 234 135.2
208 259 156.2
208 265 91.1
209 13 58.1
209 29 57.1
209 63 138.2
209 70 129.2
209 72 107.2
209 95 69.1
209 105 162.2
209 120 147.2
209 124 50.1
209 125 155.2
209 142 188.29999999999998
209 150 55.1
209 152 60.1
209 160 85.1
209 164 68.1
209 167 96.1
209 187 92.1
209 255 55.1
209 265 85.1
210 20 61.1
210 26 120.19999999999999
210 61 65.1
210 77 154.2
210 80 125.19999999999999
210 83 116.19999999999999
210 102 148.2
210 106 89.1
210 112 46.1
210 143 179.29999999999998
210 173 65.1
210 194 164.2
210 196 127.19999999999999
210 249 62.1
210 264 76.1
210 265 107.2
210 271 81.1
211 61 149.2
211 71 159.2
211 89 73.1
211 91 68.1
211 93 75.1
211 96 132.2
211 108 66.1
211 116 146.2
211 162 167.2
211 163 130.2
211 194 78.1
211 220 143.2
211 254 263.29999999999995
211 287 90.1
211 294 155.2
212 4 173.2
212 6 63.1
212 9 149.2
212 13 73.1
212 16 64.1
212 20 75.1
212 29 156.2
212 34 67.1
212 41 65.1
212 44 81.1
212 49 173.2
212 60 80.1
212 85 139.2
212 89 129.2
212 125 78.1
212 200 75.1
212 233 173.2
212 242 88.1
212 248 96.1
212 275 69.1
213 22 70.1
213 28 75.1
213 48 70.1
213 59 135.2
213 60 119.2
213 121 132.2
213 167 80.1
213 178 146.2
213 197 124.19999999999999
213 216 186.29999999999998
213 224 137.2
213 230 65.1
213 235 133.2
213 247 73.1
213 273 76.1
213 283 66.1
214 4 59.1
214 5 85.1
214 9 84.1
214 11 116.19999999999999
214 16 67.1
214 19 195.29999999999998
214 22 174.2
214 44 70.1
214 85 76.1
214 112 134.2
214 150 64.1
214 157 78.1
214 159 109.1
214 162 101.1
214 185 76.1
214 192 58.1
214 226 81.1
214 228 55.1
214 234 225.29999999999998
214 241 97.1
214 245 95.1
214 247 91.1
215 20 129.2
215 41 62.1
215 42 64.1
215 49 89.1
215 50 44.1
215 71 71.1
215 83 156.2
215 105 87.1
215 115 69.1
215 116 73.1
215 117 65.1
215 172 56.1
215 234 70.1
215 237 86.1
215 259 79.1
215 271 189.2
215 282 190.2
215 294 198.2
216 18 65.1
216 23 69.1
216 32 81.1
216 59 137.2
216 60 194.3
216 72 69.1
216 114 68.1
216 121 231.29999999999998
216 122 55.1
216 130 92.1
216 178 147.2
216 213 238.29999999999998
216 224 119.19999999999999
216 235 119.19999999999999
216 241 79.1
216 269 67.1
217 11 68.1
217 72 86.1
217 117 95.1
217 123 161.2
217 126 220.29999999999998
217 166 219.29999999999998
217 182 79.1
217 224 95.1
217 253 149.2
217 256 182.2
217 262 173.2
217 276 155.2
217 278 162.2
217 291 176.2
218 1 58.1
218 83 138.2
218 93 211.29999999999998
218 104 195.29999999999998
218 110 124.19999999999999
218 132 168.2
218 143 89.1
218 154 63.1
218 177 169.3
218 219 127.19999999999999
218 231 68.1
218 249 137.2
218 266 114.19999999999999
218 268 152.2
218 294 77.1
219 93 131.2
219 102 147.2
219 104 133.2
219 110 120.19999999999999
219 115 81.1
219 132 121.2
219 155 50.1
219 170 60.1
219 177 92.2
219 218 108.19999999999999
219 249 138.2
219 265 62.1
219 266 111.2
219 268 125.19999999999999
220 1 61.1
220 7 56.1
220 9 71.1
220 19 61.1
220 29 62.1
220 49 73.1
220 61 132.2
220 71 148.2
220 103 64.1
220 116 112.2
220 154 72.1
220 162 155.2
220 163 132.2
220 198 73.1
220 211 137.2
220 254 211.29999999999998
220 294 148.2
221 40 76.1
221 42 61.1
221 43 70.1
221 73 79.1
221 92 56.1
221 98 161.2
221 106 162.2
221 122 55.1
221 131 51.1
221 138 228.29999999999998
221 149 154.2
221 151 168.2
221 202 68.1
221 273 69.1
221 274 60.1
221 285 243.29999999999998
221 287 212.29999999999998
221 293 175.2
222 4 61.1
222 8 78.1
222 9 53.1
222 11 67.1
222 19 55.1
222 25 129.2
222 43 126.19999999999999
222 48 60.1
222 112 44.1
222 118 135.2
222 139 151.2
222 177 50.1
222 183 104.2
222 198 167.29999999999998
222 206 121.19999999999999
222 207 70.1
222 231 63.1
222 234 52.1
222 264 125.19999999999999
223 13 54.1
223 18 59.1
223 33 149.2
223 40 194.29999999999998
223 75 193.29999999999998
223 84 139.2
223 92 121.19999999999999
223 129 74.1
223 153 193.29999999999998
223 156 128.2
223 159 72.1
223 162 186.2
223 169 133.2
223 175 66.1
223 249 72.1
224 23 91.1
224 27 144.2
224 59 148.2
224 60 171.29999999999998
224 99 73.1
224 109 64.1
224 121 159.2
224 178 211.29999999999998
224 181 59.1
224 213 152.2
224 216 129.2
224 217 87.1
224 235 161.2
224 252 77.1
224 261 83.1
224 291 84.1
225 14 79.1
225 28 77.1
225 35 72.1
225 36 72.1
225 56 96.2
225 58 67.1
225 60 69.1
225 78 65.1
225 88 152.2
225 101 112.2
225 119 136.2
225 131 57.1
225 135 75.1
225 137 145.2
225 187 148.2
225 243 134.2
225 288 94.1
225 290 76.1
226 5 92.1
226 8 81.1
226 41 85.1
226 71 63.1
226 85 76.1
226 91 68.1
226 115 270.29999999999995
226 128 177.2
226 164 158.2
226 204 67.1
226 214 78.1
226 247 87.1
226 252 186.2
226 260 180.2
226 279 245.29999999999998
226 282 88.1
226 285 107.1
226 297 293.29999999999995
227 15 144.2
227 28 105.2
227 33 55.1
227 38 108.2
227 45 161.3
227 56 37.1
227 62 114.2
227 65 71.1
227 68 140.2
227 73 61.1
227 124 61.1
227 158 50.1
227 202 62.1
227 204 70.1
227 231 113.19999999999999
227 258 101.2
227 270 56.1
227 272 62.1
228 1 132.2
228 2 65.1
228 8 67.1
228 11 74.1
228 12 150.2
228 39 168.2
228 47 142.2
228 48 127.19999999999999
228 54 58.1
228 60 87.1
228 106 92.1
228 116 88.1
228 152 149.2
228 155 162.2
228 163 92.1
228 173 155.2
228 214 70.1
228 278 93.1
229 27 127.19999999999999
229 53 139.2
229 61 56.1
229 65 70.1
229 72 70.1
229 99 60.1
229 109 110.2
229 114 119.19999999999999
229 129 75.1
229 130 112.2
229 171 216.29999999999998
229 178 67.1
229 182 64.1
229 197 64.1
229 244 77.1
229 261 130.2
229 283 72.1
230 10 155.2
230 31 74.1
230 42 83.1
230 60 68.1
230 99 138.2
230 107 122.2
230 111 157.2
230 121 76.1
230 122 124.19999999999999
230 142 80.1
230 154 118.19999999999999
230 167 188.2
230 213 70.1
230 237 150.2
230 263 158.2
230 276 102.1
231 28 157.2
231 38 174.2
231 45 219.29999999999998
231 52 83.1
231 62 163.2
231 66 160.2
231 67 71.1
231 68 254.29999999999998
231 77 102.1
231 110 71.1
231 137 80.1
231 190 94.1
231 218 86.1
231 222 66.1
231 227 137.2
231 258 206.29999999999998
231 273 181.2
232 6 177.2
232 9 81.1
232 10 75.1
232 16 76.1
232 17 141.2
232 31 78.1
232 35 71.1
232 54 75.1
232 55 123.19999999999999
232 109 80.1
232 127 138.2
232 154 68.1
232 181 125.19999999999999
232 184 128.2
232 185 172.2
232 236 150.2
232 239 141.2
233 4 206.2
233 9 145.2
233 11 75.1
233 13 159.2
233 29 154.2
233 44 62.1
233 49 63.1
233 51 67.1
233 56 40.1
233 85 76.1
233 87 84.1
233 89 148.2
233 97 76.1
233 148 66.1
233 188 69.1
233 200 88.1
233 212 173.2
233 242 68.1
233 248 81.1
233 295 89.1
234 6 54.1
234 11 102.2
234 19 104.19999999999999
234 22 155.2
234 50 52.1
234 63 115.2
234 71 83.1
234 103 45.1
234 112 178.3
234 160 66.1
234 181 94.1
234 208 131.2
234 214 206.29999999999998
234 215 78.1
234 222 73.1
234 254 94.1
234 271 116.1
234 293 101.1
235 53 79.1
235 59 116.19999999999999
235 60 198.29999999999998
235 92 61.1
235 107 62.1
235 121 158.2
235 122 37.1
235 130 68.1
235 154 57.1
235 168 65.1
235 176 44.1
235 178 134.2
235 197 69.1
235 213 148.2
235 216 99.2
235 224 119.19999999999999
235 268 61.1
235 283 62.1
236 6 140.2
236 17 127.19999999999999
236 22 67.1
236 44 63.1
236 55 131.2
236 60 66.1
236 79 48.1
236 92 57.1
236 99 52.1
236 118 61.1
236 127 118.19999999999999
236 181 133.2
236 184 141.2
236 185 158.2
236 232 144.2
236 239 113.2
236 268 76.1
236 283 68.1
236 287 71.1
237 5 65.1
237 10 217.29999999999998
237 14 76.1
237 99 140.2
237 107 147.2
237 111 141.2
237 115 90.1
237 122 125.19999999999999
237 142 78.1
237 154 118.2
237 167 171.2
237 189 67.1
237 199 60.1
237 215 85.1
237 230 149.2
237 263 135.2
238 34 52.1
238 84 67.1
238 86 129.2
238 108 124.19999999999999
238 129 148.2
238 156 65.1
238 169 44.1
238 174 77.1
238 179 88.1
238 188 133.2
238 193 118.19999999999999
238 244 135.2
238 267 62.1
238 269 132.2
238 281 134.2
238 286 181.29999999999998
239 6 137.2
239 13 68.1
239 17 150.2
239 27 83.1
239 48 61.1
239 55 114.2
239 56 72.1
239 109 63.1
239 127 128.2
239 181 138.2
239 184 127.19999999999999
239 185 174.2
239 232 155.2
239 236 151.2
239 283 87.1
239 296 73.1
240 73 258.29999999999995
240 79 68.1
240 81 65.1
240 86 91.1
240 98 83.1
240 133 179.2
240 165 91.1
240 174 207.2
240 179 262.29999999999995
240 202 172.2
240 203 199.29999999999998
240 250 84.1
240 289 154.2
240 292 152.2
240 295 259.29999999999995
241 30 129.2
241 34 79.1
241 109 64.1
241 126 62.1
241 128 91.1
241 130 64.1
241 134 204.2
241 159 157.2
241 163 58.1
241 191 139.2
241 214 76.1
241 216 60.1
241 242 127.19999999999999
241 274 123.2
241 279 83.1
241 280 154.2
242 2 46.1
242 5 52.1
242 8 58.1
242 30 129.2
242 44 48.1
242 87 69.1
242 134 175.2
242 159 171.2
242 165 174.2
242 191 152.2
242 212 79.1
242 233 66.1
242 241 134.2
242 274 116.2
242 280 162.2
242 295 74.1
243 14 85.1
243 35 61.1
243 36 62.1
243 56 117.2
243 57 58.1
243 78 171.2
243 88 138.2
243 101 98.2
243 119 126.2
243 127 64.1
243 137 144.2
243 178 57.1
243 187 135.2
243 191 60.1
243 225 176.2
243 255 49.1
243 290 77.1
244 82 65.1
244 86 114.2
244 90 81.1
244 108 149.2
244 129 174.2
244 157 91.1
244 182 89.1
244 188 147.2
244 193 171.2
244 229 85.1
244 238 158.2
244 268 89.1
244 269 147.2
244 281 191.29999999999998
244 286 180.2
245 5 123.19999999999999
245 13 76.1
245 18 213.29999999999998
245 64 185.2
245 69 75.1
245 76 145.2
245 145 152.2
245 147 69.1
245 153 189.2
245 160 68.1
245 162 98.1
245 166 173.2
245 169 167.2
245 214 82.1
245 247 78.1
245 248 75.1
245 252 86.1
245 269 86.1
246 30 64.1
246 91 245.29999999999998
246 97 92.1
246 103 129.2
246 160 166.2
246 186 156.2
246 205 177.2
246 207 195.2
246 247 165.2
246 253 189.2
246 255 150.2
246 277 191.2
246 296 90.1
246 297 281.2
247 51 59.1
247 91 176.2
247 103 130.2
247 117 109.1
247 133 74.1
247 148 74.1
247 160 249.29999999999998
247 186 159.2
247 188 107.1
247 191 71.1
247 200 103.1
247 205 177.2
247 207 146.2
247 213 87.1
247 214 85.1
247 226 85.1
247 245 69.1
247 246 151.2
247 255 133.2
247 277 147.2
248 4 164.2
248 9 70.1
248 11 86.1
248 13 156.2
248 29 73.1
248 40 80.1
248 44 154.2
248 49 154.2
248 75 80.1
248 85 181.2
248 89 78.1
248 134 86.1
248 153 96.1
248 200 168.2
248 207 65.1
248 212 69.1
248 233 83.1
248 245 81.1
249 93 112.2
249 101 50.1
249 104 209.29999999999998
249 110 123.19999999999999
249 132 196.2
249 139 52.1
249 155 60.1
249 177 119.2
249 210 50.1
249 218 121.19999999999999
249 219 162.2
249 223 61.1
249 266 111.2
249 268 231.29999999999998
249 271 82.1
249 277 77.1
250 21 60.1
250 62 70.1
250 78 71.1
250 82 56.1
250 84 76.1
250 86 47.1
250 87 62.1
250 94 65.1
250 133 131.2
250 151 72.1
250 165 144.2
250 191 66.1
250 240 70.1
250 257 67.1
250 271 183.2
250 272 72.1
250 273 62.1
250 274 113.19999999999999
250 283 62.1
250 284 94.1
250 289 120.2
250 295 96.1
251 7 115.19999999999999
251 9 50.1
251 16 148.2
251 31 132.2
251 77 58.1
251 95 103.2
251 100 108.2
251 102 78.1
251 141 182.29999999999998
251 175 124.19999999999999
251 178 96.1
251 182 111.2
251 190 75.1
251 296 113.2
252 11 70.1
252 61 81.1
252 83 156.2
252 115 134.2
252 128 251.29999999999998
252 133 85.1
252 164 178.2
252 166 90.1
252 173 81.1
252 188 59.1
252 224 67.1
252 226 155.2
252 245 59.1
252 260 160.2
252 279 236.29999999999998
252 297 207.2
253 44 72.1
253 52 72.1
253 123 142.2
253 126 129.2
253 165 77.1
253 166 132.2
253 200 76.1
253 217 145.2
253 246 159.2
253 256 196.2
253 262 139.2
253 276 147.2
253 278 217.29999999999998
253 280 80.1
253 291 148.2
254 1 80.1
254 30 68.1
254 61 211.2
254 71 219.29999999999998
254 76 77.1
254 116 150.2
254 120 78.1
254 125 74.1
254 130 82.1
254 162 200.2
254 163 192.2
254 198 87.1
254 200 75.1
254 211 249.29999999999998
254 220 252.29999999999998
254 234 58.1
254 294 167.2
255 15 90.1
255 91 223.29999999999998
255 103 185.29999999999998
255 113 60.1
255 118 43.1
255 126 76.1
255 160 150.2
255 184 69.1
255 186 164.2
255 205 145.2
255 207 203.29999999999998
255 209 72.1
255 243 72.1
255 246 180.2
255 247 155.2
255 277 164.2
256 5 81.1
256 44 79.1
256 123 147.2
256 126 152.2
256 134 113.1
256 159 94.1
256 166 152.2
256 217 165.2
256 253 175.2
256 262 158.2
256 276 199.2
256 278 216.2
256 291 176.2
257 15 120.2
257 23 50.1
257 36 204.29999999999998
257 45 51.1
257 52 57.1
257 113 48.1
257 135 126.19999999999999
257 147 73.1
257 156 71.1
257 187 58.1
257 189 52.1
257 190 69.1
257 204 96.2
257 250 47.1
257 267 127.19999999999999
257 270 66.1
257 272 105.19999999999999
257 288 135.2
258 5 41.1
258 15 69.1
258 24 62.1
258 28 116.19999999999999
258 33 85.1
258 38 196.29999999999998
258 43 84.1
258 45 115.2
258 52 66.1
258 62 109.19999999999999
258 66 129.2
258 68 139.2
258 135 77.1
258 137 56.1
258 157 61.1
258 180 74.1
258 227 117.19999999999999
258 231 180.3
259 2 58.1
259 26 45.1
259 37 124.19999999999999
259 50 134.2
259 62 56.1
259 74 129.2
259 96 117.2
259 114 84.1
259 117 83.1
259 140 158.2
259 172 105.2
259 175 59.1
259 176 123.19999999999999
259 195 101.2
259 196 60.1
259 208 143.2
259 215 88.1
260 52 94.1
260 115 168.2
260 128 165.2
260 134 195.2
260 159 135.2
260 164 151.2
260 165 85.1
260 186 122.2
260 226 151.2
260 252 170.2
260 279 248.29999999999998
260 297 192.2
261 27 148.2
261 53 156.2
261 65 63.1
261 97 59.1
261 109 206.29999999999998
261 110 71.1
261 114 176.3
261 127 69.1
261 130 137.2
261 135 68.1
261 162 97.1
261 171 174.2
261 175 62.1
261 176 66.1
261 178 88.1
261 224 71.1
261 229 130.2
261 265 64.1
262 5 54.1
262 11 67.1
262 44 64.1
262 64 94.1
262 123 155.2
262 126 143.2
262 159 75.1
262 166 141.2
262 217 179.2
262 253 146.2
262 256 146.2
262 276 158.2
262 278 240.29999999999998
262 291 171.2
263 10 124.19999999999999
263 16 148.2
263 99 171.2
263 100 164.2
263 107 157.2
263 111 133.2
263 122 152.2
263 154 141.2
263 158 93.1
263 167 250.29999999999998
263 171 80.1
263 230 171.2
263 237 151.2
264 1 48.1
264 12 54.1
264 18 62.1
264 25 150.2
264 37 56.1
264 43 133.2
264 51 56.1
264 77 81.1
264 104 63.1
264 118 70.1
264 139 147.2
264 161 91.1
264 176 53.1
264 183 125.19999999999999
264 198 205.29999999999998
264 206 207.29999999999998
264 210 64.1
264 222 144.2
265 26 128.2
265 43 89.1
265 77 209.29999999999998
265 80 149.2
265 83 128.2
265 102 172.2
265 143 129.2
265 194 138.2
265 196 133.2
265 208 62.1
265 209 73.1
265 210 95.2
265 219 57.1
265 261 73.1
265 271 76.1
266 9 69.1
266 47 68.1
266 54 54.1
266 93 128.2
266 104 109.2
266 110 123.19999999999999
266 132 178.2
266 139 79.1
266 155 73.1
266 177 151.3
266 190 68.1
266 196 59.1
266 218 133.2
266 219 127.19999999999999
266 249 118.19999999999999
266 268 131.2
267 15 139.2
267 23 58.1
267 36 147.2
267 42 73.1
267 56 48.1
267 78 89.1
267 81 47.1
267 88 77.1
267 101 42.1
267 119 65.1
267 135 128.2
267 147 60.1
267 190 56.1
267 204 222.29999999999998
267 238 56.1
267 257 134.2
267 272 115.19999999999999
267 288 169.2
268 42 72.1
268 54 61.1
268 93 152.2
268 104 116.19999999999999
268 110 123.19999999999999
268 132 147.2
268 157 70.1
268 177 126.19999999999999
268 194 77.1
268 218 122.19999999999999
268 219 140.2
268 235 73.1
268 236 81.1
268 244 79.1
268 249 224.29999999999998
268 266 144.2
269 10 65.1
269 11 52.1
269 34 74.1
269 86 190.2
269 108 260.29999999999995
269 129 176.2
269 188 194.2
269 193 178.2
269 195 75.1
269 216 80.1
269 238 164.2
269 244 160.2
269 245 83.1
269 279 114.1
269 281 247.29999999999998
269 286 238.29999999999998
270 15 73.1
270 21 55.1
270 81 65.1
270 92 160.2
270 113 160.2
270 144 171.2
270 147 162.2
270 155 55.1
270 157 172.2
270 161 236.29999999999998
270 170 187.29999999999998
270 180 143.2
270 190 133.2
270 227 52.1
270 257 70.1
270 284 118.2
271 8 61.1
271 19 43.1
271 22 68.1
271 61 91.1
271 80 167.2
271 83 124.19999999999999
271 93 61.1
271 104 69.1
271 112 47.1
271 139 78.1
271 143 67.1
271 194 91.1
271 195 61.1
271 198 54.1
271 210 59.1
271 215 145.2
271 234 66.1
271 249 75.1
271 250 180.2
271 265 70.1
271 282 147.2
272 15 125.19999999999999
272 21 58.1
272 23 57.1
272 27 57.1
272 31 53.1
272 36 141.2
272 66 74.1
272 84 53.1
272 119 58.1
272 135 202.29999999999998
272 156 54.1
272 204 100.2
272 227 65.1
272 250 60.1
272 257 129.2
272 267 113.2
272 288 164.2
273 2 36.1
273 20 50.1
273 25 68.1
273 76 61.1
273 96 66.1
273 102 165.2
273 135 124.19999999999999
273 146 122.19999999999999
273 148 67.1
273 165 72.1
273 170 128.2
273 174 152.2
273 180 51.1
273 196 69.1
273 205 130.2
273 213 72.1
273 221 52.1
273 231 150.2
273 250 64.1
273 280 82.1
274 34 84.1
274 75 63.1
274 79 58.1
274 86 55.1
274 92 68.1
274 98 123.19999999999999
274 151 68.1
274 165 136.2
274 193 70.1
274 202 97.1
274 203 122.19999999999999
274 221 58.1
274 241 138.2
274 242 118.2
274 250 117.2
274 292 162.2
275 3 129.2
275 30 64.1
275 57 135.2
275 67 156.2
275 69 162.2
275 75 73.1
275 90 162.2
275 106 78.1
275 126 57.1
275 131 133.2
275 136 152.2
275 168 146.2
275 181 66.1
275 199 197.29999999999998
275 212 67.1
276 15 64.1
276 63 94.1
276 72 138.2
276 74 70.1
276 105 86.1
276 123 165.2
276 126 133.2
276 160 79.1
276 166 156.2
276 217 163.2
276 230 94.1
276 253 135.2
276 256 186.2
276 262 153.2
276 278 168.2
276 291 165.2
277 39 29.1
277 91 117.19999999999999
277 103 118.2
277 144 54.1
277 159 69.1
277 160 150.2
277 186 136.2
277 205 165.2
277 207 121.2
277 246 116.19999999999999
277 247 132.2
277 249 61.1
277 255 125.2
278 69 78.1
278 105 72.1
278 123 148.2
278 126 150.2
278 142 67.1
278 164 85.1
278 166 212.29999999999998
278 217 182.2
278 228 75.1
278 253 216.29999999999998
278 256 213.2
278 262 227.29999999999998
278 276 189.2
278 291 151.2
279 11 88.1
279 115 171.2
279 116 69.1
279 128 162.2
279 159 188.2
279 164 176.2
279 165 254.2
279 226 274.29999999999995
279 241 79.1
279 252 276.29999999999995
279 260 303.29999999999995
279 269 102.1
279 297 254.2
280 29 52.1
280 30 138.2
280 48 59.1
280 63 77.1
280 64 73.1
280 106 156.2
280 132 83.1
280 134 176.2
280 159 162.2
280 165 193.2
280 191 147.2
280 197 61.1
280 241 141.2
280 242 164.2
280 253 74.1
280 273 89.1
281 18 126.19999999999999
281 81 52.1
281 86 138.2
281 87 77.1
281 94 58.1
281 108 157.2
281 129 145.2
281 188 159.2
281 193 163.2
281 238 159.2
281 244 212.29999999999998
281 269 221.29999999999998
281 286 149.2
282 22 83.1
282 26 70.1
282 37 76.1
282 42 68.1
282 65 129.2
282 80 71.1
282 83 169.2
282 112 65.1
282 114 59.1
282 132 92.1
282 143 167.2
282 185 84.1
282 191 147.2
282 198 62.1
282 215 144.2
282 226 80.1
282 271 167.2
283 16 98.1
283 17 65.1
283 53 135.2
283 65 68.1
283 75 60.1
283 83 120.19999999999999
283 100 45.1
283 109 132.2
283 114 38.1
283 117 70.1
283 122 57.1
283 130 69.1
283 140 65.1
283 178 114.2
283 197 136.2
283 213 61.1
283 229 53.1
283 235 63.1
283 236 33.1
283 239 56.1
283 250 61.1
284 3 61.1
284 28 60.1
284 30 136.2
284 68 61.1
284 113 121.19999999999999
284 131 54.1
284 144 147.2
284 147 224.29999999999998
284 157 109.2
284 161 148.2
284 170 147.2
284 180 143.2
284 190 194.3
284 250 80.1
284 270 133.2
285 34 83.1
285 56 43.1
285 97 65.1
285 98 148.2
285 106 135.2
285 128 122.19999999999999
285 138 162.2
285 149 152.2
285 151 144.2
285 153 83.1
285 165 118.19999999999999
285 221 202.29999999999998
285 226 70.1
285 287 179.2
285 293 245.29999999999998
286 4 77.1
286 18 58.1
286 40 75.1
286 86 140.2
286 87 131.2
286 98 81.1
286 108 177.2
286 129 175.2
286 188 152.2
286 191 65.1
286 193 141.2
286 238 234.29999999999998
286 244 167.2
286 269 192.3
286 281 144.2
287 46 69.1
287 52 51.1
287 68 67.1
287 79 64.1
287 87 70.1
287 98 121.19999999999999
287 106 227.29999999999998
287 111 62.1
287 138 125.19999999999999
287 149 159.2
287 151 164.2
287 211 87.1
287 221 174.3
287 236 46.1
287 285 173.2
287 293 127.19999999999999
288 15 220.29999999999998
288 23 77.1
288 36 162.2
288 73 70.1
288 88 80.1
288 101 54.1
288 116 73.1
288 119 68.1
288 135 153.2
288 152 66.1
288 168 66.1
288 170 82.1
288 189 71.1
288 204 139.2
288 225 90.1
288 257 144.2
288 267 165.2
288 272 131.2
289 73 150.2
289 76 75.1
289 87 68.1
289 104 80.1
289 109 74.1
289 133 144.2
289 169 71.1
289 174 79.1
289 179 237.29999999999998
289 202 168.2
289 203 146.2
289 240 148.2
289 250 127.19999999999999
289 292 132.2
289 295 153.2
290 14 135.2
290 21 183.29999999999998
290 23 115.2
290 35 133.2
290 36 63.1
290 48 51.1
290 52 107.2
290 56 60.1
290 57 27.1
290 76 68.1
290 78 135.2
290 83 70.1
290 101 49.1
290 146 120.19999999999999
290 148 61.1
290 174 77.1
290 187 71.1
290 225 87.1
290 243 67.1
291 7 77.1
291 10 76.1
291 42 53.1
291 123 152.2
291 126 165.2
291 128 75.1
291 166 150.2
291 217 145.2
291 224 66.1
291 253 127.19999999999999
291 256 174.2
291 262 146.2
291 276 160.2
291 278 143.2
292 73 134.2
292 86 54.1
292 98 74.1
292 112 35.1
292 133 147.2
292 173 72.1
292 179 130.2
292 202 142.2
292 203 171.29999999999998
292 240 170.2
292 274 135.2
292 289 107.2
292 295 183.2
293 33 73.1
293 40 73.1
293 46 63.1
293 98 132.2
293 106 173.2
293 124 80.1
293 138 260.29999999999995
293 149 157.2
293 151 70.1
293 169 76.1
293 179 97.1
293 199 85.1
293 221 135.2
293 234 76.1
293 285 255.29999999999998
293 287 144.2
294 48 53.1
294 61 188.2
294 68 60.1
294 71 147.2
294 89 65.1
294 116 146.2
294 149 72.1
294 162 264.29999999999995
294 163 163.2
294 194 137.2
294 211 153.2
294 215 153.2
294 218 47.1
294 220 154.2
294 254 156.2
295 73 124.19999999999999
295 94 69.1
295 133 127.19999999999999
295 150 56.1
295 169 71.1
295 179 134.2
295 193 115.19999999999999
295 202 157.2
295 203 127.19999999999999
295 233 52.1
295 240 228.29999999999998
295 242 69.1
295 250 81.1
295 289 123.19999999999999
295 292 171.2
296 7 114.2
296 16 137.2
296 31 137.2
296 59 60.1
296 95 107.2
296 100 194.29999999999998
296 141 125.19999999999999
296 167 77.1
296 175 145.2
296 182 177.3
296 185 64.1
296 239 51.1
296 246 65.1
296 251 131.2
297 5 74.1
297 11 61.1
297 66 48.1
297 93 62.1
297 115 172.2
297 128 166.2
297 164 149.2
297 187 70.1
297 194 87.1
297 226 203.29999999999998
297 246 165.2
297 252 158.2
297 260 170.2
297 279 166.2
