0 1 89.1
0 3 56.1
0 31 159.2
0 35 73.1
0 36 152.2
0 38 155.2
0 78 83.1
0 80 177.2
0 95 175.2
0 109 85.1
0 122 94.1
0 123 155.2
0 141 148.2
0 174 93.1
0 249 141.2
0 265 141.2
0 266 163.2
0 286 82.1
0 292 80.1
1 0 80.1
1 4 76.1
1 6 63.1
1 22 192.29999999999998
1 42 90.1
1 46 242.29999999999998
1 60 221.29999999999998
1 76 145.2
1 79 132.2
1 91 75.1
1 142 72.1
1 157 78.1
1 195 84.1
1 202 73.1
1 214 76.1
1 231 172.2
1 240 79.1
1 258 103.1
1 260 92.1
1 265 88.1
1 271 95.1
1 278 85.1
2 3 79.1
2 5 71.1
2 17 157.2
2 20 183.2
2 32 141.2
2 33 124.19999999999999
2 55 153.2
2 69 79.1
2 86 83.1
2 88 85.1
2 89 68.1
2 93 96.1
2 96 148.2
2 114 69.1
2 118 60.1
2 169 89.1
2 187 69.1
2 221 168.2
2 227 77.1
2 247 79.1
2 251 100.1
2 282 115.1
2 289 103.1
3 0 73.1
3 2 89.1
3 4 86.1
3 5 75.1
3 9 189.29999999999998
3 46 79.1
3 64 74.1
3 65 181.2
3 101 193.2
3 133 175.2
3 134 202.29999999999998
3 138 178.2
3 142 59.1
3 167 69.1
3 182 86.1
3 188 141.2
3 197 175.2
3 211 73.1
3 224 98.1
3 225 101.1
3 299 90.1
4 1 74.1
4 3 75.1
4 6 91.1
4 7 82.1
4 8 97.1
4 21 94.1
4 30 253.29999999999998
4 46 76.1
4 48 231.29999999999998
4 55 64.1
4 91 147.2
4 102 122.19999999999999
4 111 173.2
4 131 62.1
4 138 84.1
4 142 177.3
4 148 144.2
4 186 68.1
4 211 146.2
4 260 68.1
4 262 91.1
4 300 90.1
5 2 91.1
5 3 71.1
5 6 76.1
5 10 142.2
5 24 135.2
5 25 136.2
5 29 66.1
5 85 199.2
5 90 70.1
5 99 73.1
5 106 152.2
5 107 79.1
5 108 161.2
5 115 195.2
5 116 73.1
5 121 92.1
5 132 75.1
5 137 90.1
5 147 57.1
5 182 172.2
5 190 89.1
5 208 107.1
5 251 79.1
6 1 90.1
6 4 86.1
6 5 90.1
6 20 88.1
6 21 170.2
6 35 232.29999999999998
6 42 104.1
6 47 176.2
6 64 165.2
6 70 106.1
6 88 80.1
6 99 175.2
6 102 87.1
6 107 81.1
6 114 158.2
6 131 251.29999999999998
6 147 219.29999999999998
6 150 97.1
6 153 89.1
6 228 92.1
6 244 101.1
6 272 116.1
7 4 55.1
7 21 71.1
7 44 67.1
7 45 63.1
7 57 77.1
7 81 137.2
7 104 84.1
7 121 66.1
7 171 142.2
7 177 71.1
7 207 201.29999999999998
7 210 131.2
7 223 76.1
7 230 169.2
7 231 72.1
7 274 168.2
7 289 186.2
7 292 175.2
7 299 192.29999999999998
8 4 80.1
8 40 72.1
8 42 78.1
8 43 184.2
8 57 192.2
8 63 263.29999999999995
8 66 84.1
8 73 73.1
8 91 65.1
8 106 64.1
8 125 79.1
8 141 74.1
8 180 80.1
8 219 194.2
8 232 157.2
8 257 280.29999999999995
8 268 80.1
8 287 186.2
8 294 58.1
9 3 193.29999999999998
9 17 69.1
9 20 68.1
9 27 94.1
9 38 87.1
9 61 68.1
9 65 247.29999999999998
9 71 113.1
9 95 84.1
9 99 65.1
9 101 156.2
9 133 239.29999999999998
9 134 151.2
9 138 191.2
9 143 73.1
9 162 79.1
9 188 138.2
9 197 88.1
9 222 89.1
9 291 113.1
10 5 161.2
10 11 205.2
10 12 88.1
10 24 157.2
10 25 163.2
10 37 74.1
10 52 114.1
10 72 95.1
10 85 136.2
10 106 166.2
10 107 196.2
10 108 139.2
10 110 69.1
10 115 87.1
10 116 98.1
10 126 74.1
10 132 87.1
10 167 94.1
10 182 163.2
10 209 84.1
10 280 97.1
11 10 151.2
11 12 97.1
11 14 218.29999999999998
11 26 181.2
11 39 64.1
11 51 74.1
11 64 94.1
11 67 155.2
11 87 165.2
11 124 98.1
11 139 66.1
11 149 89.1
11 150 79.1
11 181 171.2
11 267 87.1
11 275 175.2
11 288 187.2
12 10 73.1
12 11 81.1
12 26 69.1
12 51 134.2
12 63 94.1
12 65 85.1
12 72 179.2
12 87 75.1
12 122 166.2
12 139 138.2
12 141 137.2
12 149 229.29999999999998
12 165 73.1
12 228 100.1
12 249 78.1
12 265 70.1
12 266 72.1
12 275 89.1
12 281 158.2
13 16 182.2
13 35 78.1
13 65 91.1
13 98 58.1
13 99 56.1
13 126 159.2
13 154 58.1
13 165 72.1
13 172 146.2
13 176 177.2
13 225 164.2
13 241 85.1
13 251 140.2
13 272 188.2
13 280 197.29999999999998
13 296 148.2
14 11 225.29999999999998
14 19 94.1
14 26 134.2
14 67 138.2
14 73 82.1
14 87 241.29999999999998
14 90 56.1
14 91 50.1
14 122 69.1
14 175 83.1
14 181 120.19999999999999
14 201 137.2
14 260 53.1
14 275 239.29999999999998
14 288 150.2
15 24 84.1
15 66 139.2
15 83 155.2
15 92 70.1
15 125 60.1
15 127 136.2
15 140 44.1
15 177 140.2
15 180 76.1
15 185 152.2
15 191 70.1
15 193 144.2
15 232 60.1
15 233 84.1
15 262 237.29999999999998
15 279 89.1
15 287 93.1
15 294 70.1
15 300 110.1
16 13 188.2
16 25 150.2
16 60 72.1
16 84 61.1
16 126 177.2
16 160 52.1
16 172 152.2
16 176 144.2
16 197 84.1
16 211 73.1
16 214 65.1
16 225 188.2
16 251 247.29999999999998
16 252 92.1
16 272 193.2
16 280 167.2
16 296 190.2
17 2 191.2
17 9 74.1
17 20 74.1
17 32 168.2
17 33 153.2
17 49 66.1
17 54 68.1
17 55 196.29999999999998
17 86 68.1
17 93 76.1
17 96 87.1
17 118 84.1
17 120 135.2
17 131 131.2
17 146 85.1
17 156 86.1
17 184 68.1
17 187 74.1
17 200 83.1
17 221 249.29999999999998
17 227 129.2
17 247 90.1
18 23 47.1
18 45 104.2
18 54 59.1
18 65 61.1
18 68 51.1
18 161 107.2
18 179 53.1
18 189 140.2
18 209 55.1
18 215 144.2
18 227 58.1
18 234 153.2
18 235 106.2
18 253 221.29999999999998
18 261 70.1
18 282 209.29999999999998
19 14 84.1
19 25 77.1
19 37 182.29999999999998
19 58 104.1
19 128 169.2
19 132 80.1
19 145 248.29999999999998
19 167 71.1
19 190 96.1
19 220 77.1
19 226 170.2
19 252 195.2
19 256 178.2
19 260 168.2
19 271 179.2
19 273 272.29999999999995
20 2 154.2
20 6 65.1
20 9 71.1
20 17 73.1
20 32 84.1
20 33 83.1
20 55 95.1
20 80 80.1
20 86 166.2
20 93 86.1
20 96 188.2
20 118 118.19999999999999
20 119 95.1
20 184 64.1
20 187 168.2
20 210 72.1
20 221 77.1
20 227 133.2
20 283 93.1
20 289 100.1
20 290 96.1
21 4 80.1
21 6 159.2
21 7 109.1
21 28 93.1
21 35 142.2
21 47 131.2
21 64 173.2
21 99 140.2
21 104 94.1
21 114 162.2
21 131 149.2
21 138 85.1
21 147 199.29999999999998
21 217 84.1
21 233 93.1
21 253 85.1
21 269 92.1
21 292 89.1
22 1 173.29999999999998
22 32 83.1
22 46 114.2
22 60 113.19999999999999
22 75 67.1
22 76 197.29999999999998
22 79 206.3
22 96 78.1
22 103 74.1
22 117 58.1
22 144 78.1
22 156 86.1
22 163 109.1
22 201 78.1
22 217 78.1
22 224 85.1
22 231 178.2
22 236 77.1
22 246 66.1
22 295 92.1
23 18 91.1
23 34 55.1
23 40 112.2
23 44 106.2
23 70 126.19999999999999
23 71 119.2
23 92 121.19999999999999
23 110 162.3
23 113 63.1
23 121 126.2
23 146 121.2
23 217 87.2
23 282 82.1
23 285 73.1
23 298 164.2
23 299 82.1
24 5 130.2
24 10 157.2
24 15 111.1
24 25 134.2
24 47 63.1
24 78 84.1
24 85 137.2
24 86 102.1
24 95 95.1
24 106 93.1
24 107 158.2
24 108 81.1
24 114 80.1
24 115 160.2
24 126 97.1
24 132 153.2
24 178 78.1
24 182 163.2
24 229 86.1
24 260 84.1
25 5 151.2
25 10 147.2
25 16 199.2
25 19 90.1
25 24 115.19999999999999
25 32 69.1
25 36 71.1
25 65 81.1
25 85 132.2
25 89 83.1
25 106 127.19999999999999
25 107 152.2
25 108 70.1
25 115 167.2
25 132 143.2
25 170 62.1
25 178 74.1
25 182 94.1
25 184 68.1
25 260 90.1
25 269 83.1
26 11 166.2
26 12 91.1
26 14 132.2
26 67 172.2
26 87 149.2
26 90 79.1
26 105 153.2
26 175 76.1
26 181 188.29999999999998
26 190 88.1
26 198 79.1
26 261 67.1
26 265 80.1
26 275 159.2
26 288 147.2
27 9 52.1
27 36 59.1
27 39 65.1
27 90 68.1
27 93 69.1
27 94 66.1
27 105 69.1
27 137 77.1
27 139 73.1
27 143 74.1
27 164 72.1
27 187 68.1
27 196 76.1
27 197 63.1
27 208 170.2
27 212 73.1
27 220 66.1
27 222 160.2
27 241 73.1
27 244 55.1
27 261 68.1
27 263 83.1
27 272 85.1
27 281 83.1
27 285 78.1
28 21 79.1
28 34 259.29999999999995
28 59 128.2
28 62 237.29999999999998
28 106 68.1
28 127 57.1
28 130 155.2
28 158 144.2
28 183 191.2
28 186 55.1
28 195 130.2
28 219 87.1
28 239 219.29999999999998
28 247 69.1
28 257 99.1
28 279 161.2
28 287 96.1
29 5 53.1
29 31 58.1
29 51 98.1
29 87 74.1
29 89 129.2
29 117 137.2
29 122 66.1
29 141 61.1
29 160 130.2
29 162 134.2
29 216 69.1
29 243 161.2
29 255 241.29999999999998
29 259 178.2
29 267 112.19999999999999
29 281 95.1
29 293 153.2
30 4 212.29999999999998
30 34 87.1
30 48 147.2
30 56 73.1
30 69 77.1
30 91 144.2
30 95 73.1
30 102 128.2
30 104 90.1
30 111 231.29999999999998
30 127 65.1
30 142 100.2
30 148 174.2
30 162 70.1
30 199 65.1
30 211 132.2
30 215 90.1
30 233 79.1
31 0 150.2
31 29 69.1
31 36 146.2
31 38 136.2
31 80 153.2
31 85 73.1
31 95 132.2
31 110 69.1
31 123 142.2
31 141 82.1
31 147 84.1
31 174 89.1
31 186 73.1
31 249 161.2
31 265 143.2
31 266 153.2
31 283 91.1
32 2 124.2
32 17 142.2
32 20 83.1
32 22 64.1
32 25 60.1
32 33 140.2
32 55 147.2
32 64 70.1
32 84 63.1
32 86 92.1
32 92 65.1
32 96 64.1
32 118 135.2
32 187 72.1
32 221 126.19999999999999
32 224 59.1
32 227 70.1
32 241 97.1
32 251 71.1
32 276 97.1
32 284 67.1
33 2 138.2
33 17 148.2
33 20 81.1
33 32 169.2
33 35 91.1
33 55 151.2
33 86 140.2
33 92 62.1
33 96 76.1
33 108 83.1
33 114 77.1
33 118 84.1
33 140 61.1
33 180 74.1
33 184 62.1
33 187 72.1
33 206 92.1
33 221 193.2
33 227 67.1
33 276 102.1
33 278 99.1
34 23 57.1
34 28 239.29999999999998
34 30 56.1
34 53 97.1
34 59 140.2
34 62 137.2
34 72 83.1
34 73 79.1
34 91 65.1
34 110 62.1
34 130 248.29999999999998
34 158 155.2
34 183 183.2
34 186 73.1
34 195 126.19999999999999
34 239 149.2
34 279 163.2
35 0 72.1
35 6 213.29999999999998
35 13 83.1
35 21 116.2
35 33 83.1
35 37 61.1
35 47 147.2
35 64 135.2
35 99 148.2
35 109 71.1
35 114 210.29999999999998
35 131 167.2
35 147 122.2
35 151 75.1
35 176 77.1
35 211 72.1
35 228 78.1
35 272 82.1
35 289 75.1
35 296 72.1
36 0 148.2
36 25 76.1
36 27 98.1
36 31 141.2
36 38 153.2
36 45 57.1
36 60 56.1
36 80 145.2
36 95 137.2
36 123 153.2
36 174 93.1
36 181 70.1
36 182 64.1
36 205 79.1
36 216 79.1
36 227 76.1
36 249 182.2
36 265 142.2
36 266 182.2
37 10 69.1
37 19 212.29999999999998
37 35 58.1
37 60 46.1
37 64 76.1
37 85 50.1
37 128 122.19999999999999
37 145 119.2
37 154 60.1
37 170 52.1
37 178 74.1
37 226 119.19999999999999
37 252 131.2
37 256 205.29999999999998
37 258 97.1
37 260 254.29999999999998
37 266 66.1
37 271 138.2
37 273 132.2
37 288 58.1
38 0 141.2
38 9 69.1
38 31 149.2
38 36 141.2
38 40 74.1
38 67 87.1
38 76 75.1
38 80 151.2
38 95 175.2
38 123 143.2
38 146 73.1
38 150 106.1
38 174 100.1
38 190 75.1
38 197 68.1
38 249 168.2
38 265 132.2
38 266 164.2
39 11 66.1
39 27 77.1
39 52 167.2
39 90 261.29999999999995
39 93 176.2
39 94 169.2
39 95 79.1
39 105 71.1
39 138 91.1
39 164 167.2
39 192 84.1
39 197 161.2
39 201 87.1
39 208 105.1
39 220 85.1
39 222 162.2
39 259 97.1
39 286 87.1
39 291 116.1
40 8 107.1
40 23 148.2
40 38 78.1
40 44 162.2
40 45 90.1
40 70 155.2
40 71 127.19999999999999
40 88 87.1
40 92 164.2
40 95 65.1
40 107 67.1
40 110 123.19999999999999
40 113 64.1
40 121 180.2
40 146 182.2
40 183 85.1
40 217 197.29999999999998
40 262 90.1
40 294 94.1
41 46 64.1
41 58 78.1
41 61 115.19999999999999
41 143 147.2
41 179 164.2
41 185 71.1
41 187 70.1
41 196 193.29999999999998
41 206 138.2
41 245 140.2
41 249 42.1
41 258 76.1
41 261 149.2
41 263 151.2
41 270 183.29999999999998
41 298 71.1
42 1 72.1
42 6 64.1
42 8 67.1
42 49 236.29999999999998
42 54 89.1
42 56 169.2
42 58 222.29999999999998
42 88 67.1
42 98 61.1
42 112 84.1
42 145 73.1
42 175 60.1
42 178 144.2
42 182 75.1
42 198 150.2
42 206 80.1
42 214 153.2
42 263 73.1
42 282 73.1
42 284 81.1
43 8 192.2
43 57 250.29999999999998
43 63 210.29999999999998
43 72 70.1
43 83 98.1
43 92 74.1
43 121 79.1
43 125 85.1
43 151 68.1
43 180 75.1
43 181 74.1
43 203 157.2
43 219 236.29999999999998
43 232 155.2
43 257 187.2
43 269 92.1
43 287 186.2
43 300 72.1
44 7 107.1
44 23 147.2
44 40 171.2
44 70 166.2
44 71 227.29999999999998
44 92 170.2
44 93 96.1
44 110 162.2
44 121 277.29999999999995
44 146 154.2
44 147 77.1
44 155 75.1
44 166 112.1
44 194 76.1
44 203 81.1
44 217 143.2
44 241 130.1
44 262 88.1
44 289 113.1
44 300 117.1
45 7 76.1
45 18 166.2
45 36 55.1
45 40 64.1
45 58 94.1
45 70 70.1
45 89 86.1
45 134 54.1
45 138 64.1
45 147 61.1
45 161 165.2
45 188 63.1
45 189 142.2
45 215 163.2
45 234 151.2
45 235 155.2
45 253 223.29999999999998
45 270 65.1
45 282 181.2
46 1 194.29999999999998
46 3 74.1
46 4 78.1
46 22 134.2
46 41 81.1
46 52 89.1
46 54 90.1
46 58 93.1
46 60 114.2
46 76 152.2
46 79 132.2
46 88 73.1
46 178 80.1
46 185 105.1
46 190 82.1
46 206 74.1
46 217 78.1
46 222 93.1
46 231 198.2
46 258 110.1
47 6 155.2
47 21 148.2
47 24 73.1
47 35 137.2
47 64 177.2
47 88 74.1
47 99 226.29999999999998
47 114 154.2
47 115 79.1
47 125 89.1
47 131 190.2
47 142 59.1
47 147 211.29999999999998
47 161 97.1
47 172 78.1
47 193 86.1
47 214 82.1
47 251 87.1
48 4 183.29999999999998
48 30 141.2
48 70 66.1
48 88 75.1
48 91 158.2
48 98 58.1
48 102 143.2
48 108 64.1
48 109 67.1
48 111 175.2
48 113 73.1
48 142 110.2
48 148 205.29999999999998
48 194 79.1
48 195 91.1
48 211 157.2
48 239 91.1
48 298 82.1
49 17 63.1
49 42 238.29999999999998
49 56 155.2
49 58 141.2
49 82 88.1
49 99 81.1
49 135 86.1
49 145 77.1
49 163 76.1
49 167 63.1
49 178 224.29999999999998
49 196 69.1
49 206 67.1
49 214 157.2
49 228 62.1
49 230 89.1
49 258 96.1
49 263 146.2
49 276 162.2
49 278 65.1
50 68 163.2
50 82 88.1
50 109 158.2
50 116 175.2
50 151 85.1
50 154 147.2
50 165 243.29999999999998
50 184 87.1
50 191 96.1
50 193 87.1
50 199 81.1
50 210 81.1
50 219 99.1
50 223 213.2
50 242 129.1
50 253 82.1
50 257 101.1
50 268 168.2
50 279 102.1
51 11 79.1
51 12 166.2
51 29 87.1
51 66 84.1
51 72 196.2
51 122 160.2
51 139 136.2
51 141 152.2
51 149 228.29999999999998
51 151 66.1
51 174 90.1
51 181 76.1
51 191 61.1
51 237 72.1
51 275 76.1
51 281 292.29999999999995
51 288 99.1
52 10 90.1
52 39 168.2
52 46 69.1
52 57 96.1
52 61 65.1
52 80 72.1
52 90 147.2
52 93 148.2
52 94 147.2
52 117 67.1
52 144 83.1
52 164 230.29999999999998
52 168 69.1
52 179 76.1
52 197 153.2
52 202 66.1
52 220 71.1
52 222 162.2
52 248 95.1
53 34 81.1
53 73 157.2
53 104 148.2
53 110 56.1
53 151 162.2
53 155 170.2
53 168 66.1
53 186 231.29999999999998
53 191 148.2
53 193 73.1
53 199 140.2
53 211 73.1
53 219 80.1
53 229 59.1
53 232 55.1
53 233 80.1
53 257 73.1
53 262 72.1
53 279 101.1
54 17 67.1
54 18 80.1
54 42 73.1
54 46 83.1
54 74 137.2
54 97 214.29999999999998
54 113 79.1
54 201 148.2
54 209 110.2
54 224 178.2
54 244 221.29999999999998
54 247 95.1
54 248 167.2
54 277 170.2
54 282 93.1
54 297 154.2
54 298 105.1
55 2 170.2
55 4 67.1
55 17 210.29999999999998
55 20 99.1
55 32 170.2
55 33 184.2
55 72 110.1
55 86 91.1
55 88 84.1
55 92 82.1
55 93 86.1
55 95 93.1
55 96 172.2
55 107 100.1
55 118 181.2
55 129 107.1
55 136 97.1
55 182 84.1
55 184 78.1
55 187 98.1
55 195 92.1
55 221 152.2
55 227 82.1
55 241 115.1
56 30 71.1
56 42 137.2
56 49 146.2
56 58 153.2
56 69 62.1
56 88 84.1
56 101 65.1
56 109 71.1
56 116 89.1
56 132 73.1
56 134 63.1
56 140 49.1
56 142 55.1
56 146 54.1
56 178 215.29999999999998
56 194 80.1
56 203 78.1
56 214 143.2
56 241 109.1
56 261 66.1
57 7 69.1
57 8 191.2
57 43 243.29999999999998
57 52 74.1
57 63 153.2
57 69 62.1
57 78 59.1
57 115 77.1
57 127 57.1
57 173 78.1
57 180 70.1
57 203 76.1
57 219 166.2
57 232 136.2
57 233 84.1
57 257 157.2
57 269 73.1
57 287 192.2
58 19 90.1
58 41 55.1
58 42 186.29999999999998
58 45 71.1
58 46 76.1
58 49 120.2
58 56 134.2
58 88 134.2
58 106 52.1
58 136 159.2
58 157 47.1
58 170 60.1
58 178 138.2
58 214 131.2
58 253 152.2
58 273 76.1
58 282 82.1
59 28 139.2
59 34 149.2
59 62 152.2
59 73 126.19999999999999
59 83 88.1
59 113 169.2
59 127 65.1
59 130 141.2
59 155 67.1
59 158 177.2
59 183 223.2
59 195 169.3
59 239 155.2
59 279 191.2
59 287 101.1
60 1 206.3
60 16 87.1
60 22 130.2
60 36 46.1
60 37 45.1
60 46 141.2
60 72 86.1
60 76 128.2
60 79 118.2
60 84 55.1
60 85 52.1
60 88 58.1
60 95 80.1
60 107 86.1
60 120 78.1
60 132 74.1
60 148 75.1
60 226 73.1
60 231 147.2
60 273 73.1
60 286 85.1
60 297 84.1
61 9 63.1
61 41 132.2
61 52 71.1
61 76 48.1
61 105 75.1
61 143 122.19999999999999
61 164 57.1
61 174 59.1
61 179 125.2
61 196 172.3
61 206 117.2
61 232 65.1
61 240 61.1
61 245 134.2
61 261 137.2
61 263 131.2
61 270 121.2
62 28 201.29999999999998
62 34 131.2
62 59 161.2
62 97 49.1
62 127 72.1
62 130 161.2
62 158 236.29999999999998
62 162 61.1
62 177 91.1
62 183 219.2
62 186 63.1
62 195 242.29999999999998
62 233 59.1
62 239 149.2
62 270 59.1
62 279 159.2
62 287 93.1
63 8 275.29999999999995
63 12 93.1
63 43 200.29999999999998
63 57 155.2
63 104 68.1
63 111 73.1
63 125 61.1
63 156 65.1
63 194 50.1
63 204 140.2
63 219 139.2
63 232 145.2
63 235 71.1
63 257 169.2
63 268 68.1
63 287 266.29999999999995
63 298 85.1
64 3 57.1
64 6 122.19999999999999
64 11 80.1
64 21 149.2
64 32 72.1
64 35 131.2
64 37 45.1
64 47 123.19999999999999
64 80 75.1
64 81 75.1
64 99 199.29999999999998
64 114 153.2
64 131 148.2
64 147 125.19999999999999
64 171 69.1
64 176 63.1
64 189 85.1
64 228 83.1
64 249 66.1
64 298 71.1
64 299 70.1
65 3 183.2
65 9 246.29999999999998
65 12 111.1
65 13 82.1
65 18 86.1
65 25 85.1
65 93 75.1
65 101 187.2
65 105 92.1
65 133 180.2
65 134 162.2
65 138 292.29999999999995
65 144 96.1
65 188 249.29999999999998
65 194 94.1
65 198 89.1
65 245 70.1
65 261 67.1
65 270 94.1
66 8 96.1
66 15 136.2
66 51 74.1
66 71 60.1
66 83 166.2
66 125 79.1
66 127 194.29999999999998
66 177 224.29999999999998
66 180 77.1
66 185 135.2
66 193 138.2
66 203 70.1
66 214 65.1
66 226 70.1
66 233 68.1
66 262 135.2
66 268 75.1
66 294 79.1
66 300 97.1
67 11 149.2
67 14 158.2
67 26 145.2
67 38 71.1
67 87 161.2
67 118 64.1
67 155 74.1
67 175 159.2
67 181 155.2
67 198 169.2
67 212 96.1
67 275 173.2
67 288 157.2
68 18 89.1
68 50 220.2
68 82 79.1
68 86 87.1
68 98 76.1
68 109 228.29999999999998
68 116 261.29999999999995
68 120 73.1
68 147 76.1
68 154 154.2
68 162 92.1
68 165 177.2
68 221 84.1
68 223 156.2
68 233 92.1
68 234 74.1
68 267 74.1
68 268 282.29999999999995
68 275 70.1
69 2 81.1
69 30 79.1
69 56 66.1
69 57 87.1
69 107 80.1
69 113 77.1
69 123 77.1
69 125 149.2
69 130 62.1
69 140 119.19999999999999
69 142 65.1
69 173 156.2
69 180 158.2
69 203 163.2
69 219 88.1
69 265 71.1
69 269 151.2
69 294 148.2
70 6 93.1
70 23 163.2
70 40 154.2
70 44 133.2
70 45 76.1
70 48 77.1
70 71 159.2
70 92 152.2
70 110 121.19999999999999
70 113 97.1
70 121 209.29999999999998
70 146 169.2
70 148 91.1
70 195 80.1
70 217 133.2
70 239 88.1
70 271 112.1
71 9 102.1
71 23 169.2
71 40 131.2
71 44 220.29999999999998
71 66 92.1
71 70 160.2
71 88 82.1
71 92 170.2
71 110 148.2
71 121 144.2
71 125 98.1
71 140 74.1
71 146 220.29999999999998
71 211 86.1
71 217 217.29999999999998
71 221 88.1
71 279 108.1
72 10 81.1
72 12 185.2
72 34 82.1
72 43 101.1
72 51 187.2
72 55 83.1
72 60 65.1
72 122 174.2
72 139 223.29999999999998
72 141 224.29999999999998
72 149 175.2
72 157 100.1
72 175 197.2
72 215 123.1
72 281 209.2
72 283 98.1
73 8 91.1
73 14 80.1
73 34 81.1
73 53 194.2
73 59 141.2
73 82 70.1
73 94 73.1
73 104 165.2
73 109 88.1
73 135 78.1
73 151 181.2
73 155 242.29999999999998
73 186 205.29999999999998
73 191 166.2
73 193 86.1
73 199 150.2
73 220 78.1
73 262 83.1
74 54 136.2
74 75 83.1
74 79 64.1
74 94 61.1
74 97 133.2
74 126 69.1
74 148 55.1
74 201 136.2
74 209 200.3
74 223 94.1
74 224 144.2
74 242 109.1
74 244 158.2
74 248 156.2
74 277 152.2
74 291 84.1
74 297 156.2
75 22 76.1
75 74 82.1
75 78 240.29999999999998
75 82 145.2
75 84 142.2
75 86 73.1
75 98 204.29999999999998
75 118 58.1
75 120 141.2
75 126 95.1
75 134 152.2
75 184 205.29999999999998
75 187 74.1
75 201 90.1
75 208 97.1
75 227 79.1
75 250 158.2
75 295 110.1
76 1 143.2
76 22 219.29999999999998
76 38 77.1
76 46 171.2
76 60 128.2
76 61 81.1
76 79 143.2
76 105 83.1
76 133 90.1
76 178 91.1
76 196 100.1
76 197 90.1
76 231 251.29999999999998
76 236 92.1
76 237 70.1
76 258 97.1
76 261 78.1
76 269 84.1
76 284 86.1
77 112 213.29999999999998
77 135 117.19999999999999
77 153 58.1
77 155 85.1
77 157 151.2
77 167 151.2
77 168 139.2
77 170 135.2
77 175 87.1
77 177 69.1
77 179 87.1
77 194 157.2
77 205 151.2
77 229 139.2
77 236 94.1
77 295 79.1
78 0 70.1
78 24 69.1
78 57 111.1
78 75 227.29999999999998
78 79 66.1
78 82 168.2
78 84 127.19999999999999
78 98 167.2
78 118 78.1
78 120 136.2
78 140 56.1
78 151 78.1
78 152 94.1
78 175 97.1
78 184 149.2
78 240 70.1
78 284 85.1
78 290 104.1
78 291 102.1
78 298 80.1
79 1 150.2
79 22 224.29999999999998
79 46 140.2
79 60 112.2
79 74 80.1
79 76 157.2
79 78 60.1
79 86 69.1
79 118 66.1
79 120 78.1
79 142 52.1
79 166 68.1
79 169 87.1
79 174 80.1
79 175 88.1
79 208 76.1
79 211 71.1
79 228 79.1
79 231 144.2
79 240 70.1
79 244 62.1
79 264 83.1
80 0 158.2
80 20 100.1
80 31 172.2
80 36 157.2
80 38 174.2
80 52 93.1
80 64 81.1
80 88 63.1
80 95 148.2
80 117 93.1
80 123 180.2
80 184 75.1
80 240 80.1
80 249 182.2
80 255 108.1
80 265 161.2
80 266 168.2
80 281 115.1
81 7 130.2
81 64 65.1
81 84 59.1
81 131 76.1
81 137 70.1
81 171 129.2
81 172 46.1
81 189 80.1
81 207 127.19999999999999
81 210 150.2
81 230 167.2
81 268 93.1
81 274 163.2
81 278 159.2
81 289 169.2
81 292 149.2
81 299 151.2
82 49 73.1
82 50 109.1
82 68 74.1
82 73 93.1
82 75 143.2
82 78 139.2
82 84 204.29999999999998
82 98 130.2
82 109 61.1
82 113 86.1
82 116 88.1
82 120 163.2
82 133 91.1
82 138 98.1
82 143 84.1
82 184 167.2
82 207 93.1
82 210 70.1
82 213 58.1
82 214 79.1
83 15 169.2
83 43 99.1
83 59 91.1
83 66 146.2
83 108 72.1
83 127 141.2
83 177 118.19999999999999
83 180 64.1
83 185 256.29999999999995
83 193 173.2
83 203 74.1
83 219 79.1
83 223 105.1
83 255 56.1
83 262 146.2
83 294 175.2
84 16 80.1
84 32 86.1
84 60 48.1
84 75 129.2
84 78 129.2
84 81 86.1
84 82 215.29999999999998
84 98 124.2
84 120 132.2
84 147 61.1
84 148 63.1
84 156 87.1
84 184 206.29999999999998
84 207 81.1
84 214 52.1
84 222 69.1
84 230 88.1
84 268 95.1
84 296 82.1
84 298 115.1
85 5 131.2
85 10 139.2
85 24 146.2
85 25 147.2
85 31 80.1
85 37 64.1
85 60 71.1
85 106 125.19999999999999
85 107 126.19999999999999
85 108 148.2
85 115 95.1
85 132 131.2
85 164 91.1
85 182 65.1
85 205 94.1
85 208 115.1
85 218 103.1
85 226 106.1
85 281 95.1
86 2 80.1
86 17 67.1
86 20 183.2
86 24 81.1
86 32 85.1
86 33 141.2
86 55 74.1
86 68 101.1
86 75 89.1
86 79 65.1
86 96 186.2
86 112 92.1
86 118 162.2
86 119 76.1
86 165 94.1
86 187 147.2
86 221 88.1
86 227 192.29999999999998
86 232 81.1
86 242 113.1
86 298 91.1
87 11 160.2
87 12 104.1
87 14 200.29999999999998
87 26 135.2
87 29 69.1
87 67 164.2
87 94 95.1
87 174 94.1
87 175 85.1
87 181 154.2
87 198 84.1
87 202 62.1
87 216 71.1
87 272 89.1
87 275 151.2
87 288 164.2
88 2 88.1
88 6 71.1
88 40 79.1
88 42 57.1
88 46 63.1
88 47 72.1
88 48 63.1
88 55 59.1
88 56 81.1
88 58 124.19999999999999
88 60 68.1
88 71 75.1
88 80 79.1
88 93 72.1
88 95 79.1
88 111 57.1
88 123 64.1
88 145 95.1
88 149 63.1
88 174 76.1
88 182 82.1
88 184 82.1
88 186 50.1
88 188 77.1
88 231 72.1
88 232 60.1
88 233 76.1
89 2 63.1
89 25 64.1
89 29 147.2
89 45 77.1
89 117 254.29999999999998
89 149 66.1
89 160 167.2
89 162 152.2
89 175 91.1
89 216 81.1
89 243 239.29999999999998
89 252 99.1
89 255 183.2
89 259 164.2
89 265 45.1
89 266 75.1
89 267 144.2
89 293 173.2
90 5 61.1
90 14 79.1
90 26 70.1
90 27 85.1
90 39 274.29999999999995
90 52 143.2
90 93 229.29999999999998
90 94 125.19999999999999
90 111 71.1
90 147 51.1
90 152 74.1
90 153 64.1
90 159 75.1
90 164 134.2
90 197 136.2
90 222 186.2
90 231 76.1
90 259 74.1
90 264 84.1
90 285 83.1
91 1 61.1
91 4 113.2
91 8 89.1
91 14 71.1
91 30 157.2
91 34 75.1
91 48 142.2
91 102 129.2
91 111 167.2
91 116 76.1
91 127 64.1
91 130 53.1
91 140 54.1
91 142 145.3
91 148 170.2
91 177 62.1
91 186 70.1
91 211 133.2
92 15 89.1
92 23 152.2
92 32 98.1
92 33 78.1
92 40 141.2
92 43 85.1
92 44 175.2
92 55 93.1
92 70 159.2
92 71 161.2
92 110 249.29999999999998
92 121 174.2
92 146 175.2
92 217 137.2
92 219 104.1
92 235 108.1
92 269 95.1
93 2 107.1
93 17 68.1
93 20 66.1
93 27 106.1
93 39 223.2
93 44 86.1
93 52 198.2
93 55 61.1
93 65 78.1
93 88 89.1
93 90 264.29999999999995
93 94 256.29999999999995
93 124 93.1
93 132 78.1
93 138 87.1
93 144 91.1
93 164 233.2
93 197 185.2
93 220 78.1
93 222 302.29999999999995
93 241 97.1
93 248 105.1
94 27 79.1
94 39 182.2
94 52 160.2
94 73 62.1
94 74 76.1
94 87 102.1
94 90 142.2
94 93 235.29999999999998
94 106 48.1
94 110 55.1
94 134 54.1
94 164 258.29999999999995
94 197 211.29999999999998
94 222 166.2
94 255 68.1
94 257 73.1
94 273 66.1
94 281 81.1
94 286 90.1
95 0 189.2
95 9 97.1
95 24 119.1
95 30 93.1
95 31 166.2
95 36 165.2
95 38 185.2
95 39 106.1
95 40 70.1
95 55 92.1
95 60 94.1
95 80 164.2
95 88 98.1
95 123 177.2
95 124 88.1
95 141 89.1
95 209 80.1
95 232 111.1
95 249 196.2
95 265 164.2
95 266 173.2
96 2 169.2
96 17 99.1
96 20 192.2
96 22 96.1
96 32 65.1
96 33 89.1
96 55 168.2
96 86 208.2
96 103 96.1
96 118 151.2
96 143 93.1
96 187 177.2
96 188 120.1
96 197 96.1
96 215 123.1
96 221 79.1
96 227 166.2
96 236 93.1
96 254 111.1
96 286 129.1
97 54 213.29999999999998
97 62 63.1
97 74 132.2
97 103 60.1
97 116 67.1
97 164 79.1
97 188 58.1
97 201 142.2
97 209 112.19999999999999
97 224 130.2
97 237 64.1
97 244 106.2
97 248 119.19999999999999
97 277 147.2
97 278 97.1
97 291 86.1
97 297 164.2
98 13 67.1
98 42 81.1
98 48 81.1
98 68 78.1
98 75 206.29999999999998
98 78 153.2
98 82 143.2
98 84 112.2
98 99 63.1
98 100 64.1
98 102 48.1
98 116 95.1
98 120 221.29999999999998
98 139 61.1
98 141 60.1
98 154 85.1
98 176 126.19999999999999
98 184 119.19999999999999
98 189 86.1
99 5 54.1
99 6 139.2
99 9 68.1
99 13 66.1
99 21 126.19999999999999
99 35 144.2
99 47 203.29999999999998
99 49 80.1
99 64 253.29999999999998
99 98 67.1
99 114 167.2
99 131 128.2
99 147 101.2
99 166 86.1
99 172 76.1
99 176 79.1
99 221 88.1
99 225 85.1
99 274 120.1
99 284 88.1
99 287 73.1
100 98 71.1
100 108 71.1
100 152 185.2
100 156 140.2
100 161 70.1
100 165 79.1
100 172 51.1
100 200 167.2
100 221 53.1
100 227 82.1
100 237 136.2
100 246 161.2
100 247 123.19999999999999
100 274 195.2
100 284 146.2
100 290 165.2
101 3 115.2
101 9 124.19999999999999
101 56 84.1
101 65 153.2
101 105 84.1
101 133 147.2
101 134 132.2
101 138 169.2
101 153 85.1
101 174 100.1
101 175 80.1
101 188 204.29999999999998
101 192 76.1
101 202 79.1
101 206 63.1
101 235 75.1
101 259 68.1
101 285 75.1
101 293 79.1
102 4 132.2
102 6 62.1
102 30 134.2
102 48 143.2
102 91 153.2
102 98 51.1
102 103 94.1
102 111 150.2
102 139 66.1
102 142 152.29999999999998
102 148 146.2
102 183 76.1
102 209 60.1
102 211 203.29999999999998
102 214 93.1
102 221 77.1
102 223 85.1
102 230 87.1
103 22 79.1
103 96 80.1
103 97 64.1
103 102 74.1
103 132 63.1
103 169 250.29999999999998
103 188 76.1
103 190 76.1
103 208 174.2
103 218 162.2
103 234 75.1
103 240 72.1
103 264 186.2
103 270 75.1
103 286 198.29999999999998
103 291 165.2
103 295 288.29999999999995
103 297 66.1
104 7 90.1
104 21 71.1
104 30 70.1
104 53 177.2
104 63 78.1
104 73 150.2
104 151 236.29999999999998
104 155 148.2
104 158 85.1
104 177 65.1
104 185 83.1
104 186 231.29999999999998
104 191 146.2
104 199 244.29999999999998
104 223 96.1
104 232 75.1
104 268 191.2
104 292 69.1
105 26 126.19999999999999
105 27 73.1
105 39 74.1
105 61 62.1
105 65 71.1
105 76 71.1
105 101 76.1
105 118 61.1
105 123 66.1
105 134 124.19999999999999
105 137 67.1
105 164 147.2
105 190 176.2
105 198 156.2
105 212 112.2
105 228 54.1
105 240 55.1
105 250 94.1
105 258 179.2
105 261 82.1
105 270 68.1
106 5 130.2
106 8 92.1
106 10 148.2
106 24 97.1
106 25 101.2
106 28 74.1
106 58 76.1
106 85 141.2
106 94 67.1
106 107 73.1
106 108 146.2
106 115 156.2
106 132 132.2
106 182 150.2
106 193 92.1
106 206 86.1
106 256 87.1
106 271 86.1
107 5 73.1
107 6 68.1
107 10 148.2
107 24 152.2
107 25 131.2
107 40 69.1
107 55 88.1
107 60 66.1
107 69 83.1
107 85 128.2
107 106 76.1
107 108 139.2
107 115 146.2
107 132 143.2
107 148 82.1
107 162 79.1
107 182 165.2
107 189 93.1
107 241 98.1
107 299 93.1
108 5 144.2
108 10 137.2
108 24 72.1
108 25 71.1
108 33 60.1
108 48 78.1
108 83 80.1
108 85 120.19999999999999
108 100 65.1
108 106 153.2
108 107 114.2
108 115 159.2
108 132 124.19999999999999
108 168 71.1
108 173 76.1
108 182 138.2
108 215 64.1
108 235 81.1
108 282 88.1
109 0 78.1
109 35 65.1
109 48 60.1
109 50 184.2
109 56 92.1
109 68 226.29999999999998
109 73 57.1
109 82 76.1
109 116 163.2
109 146 80.1
109 149 64.1
109 154 215.29999999999998
109 165 140.2
109 177 51.1
109 210 89.1
109 223 141.2
109 268 190.2
109 287 82.1
109 296 74.1
110 10 67.1
110 23 231.29999999999998
110 31 75.1
110 34 74.1
110 40 119.2
110 44 134.2
110 53 81.1
110 70 156.2
110 71 125.19999999999999
110 92 224.29999999999998
110 94 62.1
110 111 76.1
110 121 131.2
110 146 130.2
110 149 67.1
110 199 59.1
110 217 175.3
111 4 126.19999999999999
111 30 219.29999999999998
111 48 153.2
111 63 70.1
111 88 68.1
111 90 58.1
111 91 153.2
111 102 144.2
111 110 62.1
111 137 83.1
111 142 108.2
111 148 133.2
111 151 147.2
111 191 159.2
111 211 141.2
111 245 74.1
112 42 93.1
112 77 211.29999999999998
112 86 87.1
112 135 145.2
112 157 123.19999999999999
112 161 64.1
112 167 151.2
112 168 135.2
112 170 160.2
112 194 212.29999999999998
112 205 147.2
112 229 153.2
112 244 72.1
112 256 85.1
112 263 81.1
113 23 57.1
113 40 51.1
113 48 50.1
113 54 77.1
113 59 151.2
113 69 52.1
113 70 59.1
113 82 58.1
113 151 58.1
113 174 72.1
113 178 72.1
113 190 154.2
113 191 145.2
113 199 68.1
113 233 71.1
113 242 72.1
113 258 88.1
113 260 55.1
113 271 142.2
113 281 77.1
113 300 273.29999999999995
114 2 72.1
114 6 185.2
114 21 171.2
114 24 70.1
114 33 86.1
114 35 183.3
114 47 134.2
114 64 159.2
114 99 159.2
114 121 71.1
114 131 141.2
114 142 57.1
114 147 146.2
114 158 79.1
114 184 68.1
114 189 93.1
114 246 95.1
114 251 77.1
114 284 86.1
115 5 188.2
115 10 78.1
115 24 146.2
115 25 156.2
115 47 76.1
115 57 104.1
115 85 71.1
115 106 160.2
115 107 151.2
115 108 161.2
115 117 101.1
115 128 91.1
115 132 173.2
115 133 79.1
115 179 90.1
115 182 166.2
115 243 78.1
115 245 81.1
115 294 104.1
116 5 68.1
116 10 74.1
116 50 205.2
116 56 85.1
116 68 254.29999999999998
116 82 73.1
116 91 87.1
116 97 83.1
116 98 80.1
116 109 161.2
116 154 149.2
116 165 259.29999999999995
116 207 78.1
116 223 263.29999999999995
116 225 85.1
116 234 94.1
116 253 80.1
116 263 80.1
116 268 178.2
117 22 80.1
117 29 153.2
117 52 77.1
117 80 51.1
117 89 230.29999999999998
117 115 79.1
117 130 108.1
117 160 160.2
117 162 132.2
117 174 87.1
117 243 202.2
117 255 131.2
117 259 148.2
117 267 165.2
117 293 185.2
118 2 67.1
118 17 75.1
118 20 152.2
118 32 153.2
118 33 67.1
118 55 146.2
118 67 85.1
118 75 62.1
118 78 82.1
118 79 63.1
118 86 156.2
118 96 134.2
118 105 83.1
118 146 82.1
118 187 153.2
118 221 73.1
118 227 118.19999999999999
118 242 118.1
118 250 73.1
118 290 81.1
119 20 90.1
119 86 79.1
119 144 263.29999999999995
119 150 96.1
119 166 195.2
119 192 156.2
119 212 190.29999999999998
119 220 181.2
119 249 93.1
119 250 199.2
119 254 192.2
119 283 188.2
119 285 153.2
119 290 86.1
119 297 91.1
120 17 119.19999999999999
120 60 54.1
120 68 75.1
120 75 135.2
120 78 131.2
120 79 41.1
120 82 148.2
120 84 95.2
120 98 190.29999999999998
120 123 64.1
120 131 65.1
120 165 62.1
120 184 106.2
120 200 85.1
120 246 79.1
120 247 144.2
120 285 70.1
120 298 89.1
121 5 64.1
121 7 65.1
121 23 153.2
121 40 144.2
121 43 92.1
121 44 238.29999999999998
121 70 216.29999999999998
121 71 140.2
121 92 163.2
121 110 129.2
121 114 69.1
121 130 83.1
121 146 124.19999999999999
121 173 79.1
121 191 89.1
121 217 110.2
121 232 98.1
121 233 70.1
122 0 77.1
122 12 151.2
122 14 68.1
122 29 75.1
122 51 147.2
122 72 167.2
122 139 188.29999999999998
122 141 147.2
122 146 78.1
122 149 150.2
122 162 71.1
122 174 93.1
122 175 87.1
122 243 104.1
122 266 70.1
122 281 167.2
122 293 78.1
123 0 154.2
123 31 122.19999999999999
123 36 129.2
123 38 130.2
123 69 62.1
123 80 157.2
123 88 75.1
123 95 135.2
123 105 67.1
123 120 61.1
123 175 84.1
123 234 107.1
123 238 75.1
123 249 151.2
123 265 102.2
123 266 161.2
123 276 78.1
123 281 105.1
124 11 85.1
124 93 91.1
124 95 81.1
124 150 197.29999999999998
124 153 139.2
124 159 140.2
124 202 121.19999999999999
124 204 155.2
124 213 142.2
124 216 162.2
124 228 137.2
124 238 150.2
124 243 92.1
124 258 84.1
124 267 61.1
124 293 76.1
125 8 78.1
125 15 63.1
125 43 65.1
125 47 71.1
125 63 72.1
125 66 71.1
125 69 102.2
125 71 57.1
125 140 122.19999999999999
125 145 76.1
125 173 107.2
125 180 126.19999999999999
125 203 129.2
125 211 82.1
125 214 64.1
125 219 88.1
125 269 118.2
125 287 76.1
125 294 117.2
126 10 66.1
126 13 160.2
126 16 171.2
126 24 86.1
126 74 85.1
126 75 98.1
126 169 104.1
126 172 162.2
126 176 216.29999999999998
126 225 245.29999999999998
126 227 67.1
126 251 140.2
126 272 173.2
126 280 253.29999999999998
126 296 174.2
127 15 161.2
127 28 88.1
127 30 64.1
127 57 73.1
127 59 75.1
127 62 90.1
127 66 236.29999999999998
127 83 163.2
127 91 76.1
127 155 73.1
127 177 142.2
127 185 231.29999999999998
127 193 241.29999999999998
127 199 80.1
127 222 84.1
127 262 141.2
127 287 67.1
127 292 81.1
128 19 169.2
128 37 102.2
128 115 52.1
128 145 187.29999999999998
128 167 74.1
128 185 82.1
128 190 74.1
128 226 111.2
128 252 131.2
128 256 155.2
128 260 131.2
128 263 81.1
128 271 126.19999999999999
128 273 139.2
128 278 161.2
129 55 78.1
129 136 255.29999999999998
129 137 163.2
129 138 54.1
129 163 170.2
129 164 83.1
129 182 80.1
129 184 66.1
129 236 154.2
129 240 154.2
129 241 170.2
129 252 75.1
129 255 62.1
129 258 101.1
129 276 167.2
129 278 170.2
130 28 135.2
130 34 209.29999999999998
130 59 151.2
130 62 166.2
130 69 47.1
130 91 56.1
130 117 107.1
130 121 59.1
130 142 51.1
130 158 145.2
130 183 171.2
130 195 146.2
130 199 75.1
130 239 145.2
130 279 140.2
130 294 62.1
131 4 58.1
131 6 221.29999999999998
131 17 130.2
131 21 140.2
131 35 135.2
131 47 151.2
131 64 145.2
131 81 94.1
131 99 139.2
131 114 145.2
131 120 63.1
131 147 164.2
131 158 108.1
131 219 105.1
131 253 90.1
131 282 80.1
131 298 110.1
132 5 90.1
132 10 77.1
132 19 101.1
132 24 140.2
132 25 146.2
132 56 99.1
132 60 65.1
132 85 132.2
132 93 83.1
132 103 79.1
132 106 149.2
132 107 163.2
132 108 167.2
132 115 174.2
132 136 110.1
132 182 165.2
132 188 107.1
132 223 108.1
132 258 121.1
133 3 150.2
133 9 214.29999999999998
133 65 168.2
133 76 75.1
133 82 84.1
133 101 180.2
133 115 86.1
133 134 155.2
133 138 185.2
133 139 71.1
133 166 119.1
133 179 83.1
133 188 141.2
133 245 79.1
133 256 90.1
133 261 107.1
133 274 117.1
133 298 86.1
134 3 176.3
134 9 120.2
134 45 73.1
134 56 67.1
134 65 145.2
134 75 144.2
134 94 63.1
134 101 132.2
134 105 141.2
134 133 136.2
134 138 166.2
134 183 85.1
134 188 100.2
134 212 59.1
134 228 65.1
134 244 71.1
134 259 78.1
134 270 71.1
134 272 100.1
135 49 53.1
135 73 53.1
135 77 131.2
135 112 120.2
135 155 87.1
135 157 120.19999999999999
135 167 146.2
135 168 129.2
135 170 189.29999999999998
135 191 70.1
135 194 119.19999999999999
135 203 71.1
135 205 113.2
135 229 139.2
135 260 101.1
135 262 71.1
135 273 80.1
136 55 61.1
136 58 161.2
136 129 242.29999999999998
136 132 75.1
136 137 125.19999999999999
136 163 179.2
136 167 59.1
136 184 81.1
136 236 263.29999999999995
136 240 172.2
136 241 171.2
136 273 97.1
136 276 253.29999999999998
136 278 182.2
137 5 76.1
137 27 94.1
137 81 56.1
137 105 82.1
137 111 69.1
137 129 154.2
137 136 132.2
137 159 56.1
137 163 171.2
137 222 56.1
137 236 162.2
137 240 174.3
137 241 137.2
137 260 59.1
137 264 86.1
137 276 130.2
137 278 143.2
138 3 165.2
138 4 83.1
138 9 157.2
138 21 88.1
138 39 118.1
138 45 79.1
138 65 282.29999999999995
138 82 82.1
138 93 75.1
138 101 190.2
138 129 63.1
138 133 175.2
138 134 163.2
138 143 95.1
138 188 177.2
138 190 104.1
138 197 93.1
138 248 98.1
138 249 93.1
139 11 63.1
139 12 141.2
139 27 76.1
139 51 104.2
139 72 246.29999999999998
139 98 72.1
139 102 59.1
139 122 248.29999999999998
139 133 64.1
139 141 116.19999999999999
139 149 217.29999999999998
139 162 70.1
139 213 58.1
139 216 70.1
139 220 77.1
139 238 89.1
139 281 160.2
140 15 57.1
140 33 43.1
140 56 43.1
140 69 98.2
140 71 65.1
140 78 51.1
140 91 70.1
140 125 142.2
140 173 142.2
140 180 133.2
140 203 138.2
140 219 73.1
140 222 48.1
140 244 45.1
140 269 157.2
140 292 67.1
140 294 123.19999999999999
141 0 154.2
141 8 92.1
141 12 159.2
141 29 69.1
141 31 70.1
141 51 136.2
141 72 231.29999999999998
141 95 63.1
141 98 58.1
141 122 130.2
141 139 106.2
141 149 133.2
141 175 74.1
141 259 65.1
141 266 75.1
141 281 172.2
142 1 88.1
142 3 73.1
142 4 164.3
142 30 127.19999999999999
142 47 47.1
142 48 116.19999999999999
142 56 68.1
142 69 76.1
142 79 55.1
142 91 220.29999999999998
142 102 198.29999999999998
142 111 138.2
142 114 51.1
142 130 63.1
142 146 54.1
142 148 118.19999999999999
142 184 68.1
142 211 134.2
143 9 61.1
143 27 94.1
143 41 141.2
143 61 137.2
143 82 92.1
143 96 91.1
143 138 76.1
143 164 96.1
143 179 305.29999999999995
143 192 76.1
143 196 174.2
143 206 139.2
143 245 217.29999999999998
143 261 147.2
143 263 166.2
143 270 168.2
144 22 72.1
144 52 85.1
144 65 85.1
144 93 69.1
144 119 250.29999999999998
144 166 179.2
144 192 164.2
144 212 128.2
144 218 166.2
144 220 147.2
144 250 141.2
144 254 156.2
144 283 137.2
144 285 160.2
145 19 211.29999999999998
145 37 113.2
145 42 90.1
145 49 69.1
145 88 74.1
145 125 73.1
145 128 209.29999999999998
145 191 90.1
145 204 84.1
145 226 135.2
145 252 138.2
145 256 177.2
145 260 170.2
145 271 163.2
145 273 140.2
145 294 100.1
146 17 77.1
146 23 160.2
146 38 62.1
146 40 176.2
146 44 131.2
146 56 55.1
146 70 163.2
146 71 198.29999999999998
146 92 153.2
146 109 81.1
146 110 124.19999999999999
146 118 90.1
146 121 128.2
146 122 89.1
146 142 49.1
146 217 146.2
146 223 94.1
147 5 62.1
147 6 203.29999999999998
147 21 210.29999999999998
147 31 72.1
147 35 106.2
147 44 36.1
147 45 63.1
147 47 178.3
147 64 133.2
147 68 69.1
147 84 70.1
147 90 59.1
147 99 116.19999999999999
147 114 143.2
147 131 148.2
147 207 62.1
147 255 59.1
147 268 84.1
148 4 123.19999999999999
148 30 180.2
148 48 219.29999999999998
148 60 50.1
148 70 99.1
148 74 72.1
148 84 58.1
148 91 167.2
148 102 143.2
148 107 87.1
148 111 155.2
148 142 127.19999999999999
148 158 100.1
148 194 90.1
148 195 88.1
148 211 182.2
148 272 79.1
148 298 77.1
149 11 78.1
149 12 233.29999999999998
149 51 233.29999999999998
149 72 174.2
149 88 53.1
149 89 83.1
149 109 87.1
149 110 47.1
149 122 152.2
149 139 185.29999999999998
149 141 133.2
149 174 75.1
149 175 95.1
149 179 96.1
149 186 64.1
149 243 96.1
149 281 188.2
150 6 65.1
150 11 92.1
150 38 95.1
150 119 111.1
150 124 233.29999999999998
150 153 151.2
150 159 150.2
150 164 84.1
150 202 147.2
150 204 181.2
150 213 128.2
150 216 230.29999999999998
150 221 72.1
150 228 217.29999999999998
150 238 184.2
150 267 78.1
151 35 51.1
151 43 91.1
151 50 99.1
151 51 81.1
151 53 174.2
151 73 171.2
151 78 90.1
151 104 235.29999999999998
151 111 148.2
151 113 73.1
151 155 151.2
151 186 155.2
151 191 228.29999999999998
151 193 82.1
151 199 149.2
151 239 71.1
151 257 90.1
151 269 87.1
152 78 77.1
152 90 79.1
152 100 152.2
152 156 217.29999999999998
152 159 70.1
152 192 88.1
152 200 251.29999999999998
152 237 144.2
152 246 171.2
152 247 157.2
152 284 179.2
152 290 160.2
152 297 164.2
152 298 184.2
153 6 66.1
153 77 75.1
153 90 63.1
153 101 97.1
153 124 145.2
153 150 136.2
153 159 131.2
153 163 104.1
153 202 130.2
153 204 151.2
153 213 152.2
153 216 150.2
153 228 208.29999999999998
153 238 172.2
153 267 78.1
153 293 87.1
154 13 79.1
154 37 43.1
154 50 169.2
154 68 134.2
154 98 62.1
154 109 208.29999999999998
154 116 142.2
154 155 77.1
154 158 70.1
154 165 140.2
154 171 148.2
154 173 78.1
154 205 76.1
154 223 150.2
154 225 172.2
154 251 82.1
154 268 162.2
155 44 57.1
155 53 176.2
155 59 63.1
155 67 68.1
155 73 195.29999999999998
155 77 69.1
155 104 158.2
155 127 60.1
155 135 72.1
155 151 136.2
155 154 65.1
155 180 87.1
155 185 74.1
155 186 134.2
155 189 75.1
155 191 132.2
155 199 133.2
155 226 83.1
155 281 92.1
156 17 66.1
156 22 69.1
156 63 77.1
156 84 65.1
156 100 118.2
156 152 217.29999999999998
156 165 44.1
156 186 44.1
156 200 156.2
156 236 61.1
156 237 129.2
156 239 73.1
156 246 126.19999999999999
156 247 125.19999999999999
156 284 159.2
156 290 163.2
156 298 163.2
157 1 75.1
157 58 70.1
157 72 72.1
157 77 153.2
157 112 154.2
157 135 147.2
157 167 152.2
157 168 138.2
157 170 204.29999999999998
157 181 86.1
157 194 208.29999999999998
157 205 242.29999999999998
157 214 69.1
157 229 159.2
157 231 99.1
157 252 87.1
158 28 137.2
158 34 141.2
158 59 187.2
158 62 238.29999999999998
158 104 79.1
158 114 62.1
158 130 137.2
158 131 81.1
158 148 76.1
158 154 75.1
158 183 200.2
158 195 154.2
158 239 180.2
158 257 74.1
158 279 254.29999999999998
158 300 158.2
159 90 90.1
159 124 136.2
159 137 69.1
159 150 158.2
159 152 85.1
159 153 152.2
159 160 166.2
159 164 82.1
159 202 150.2
159 204 170.2
159 213 159.2
159 216 147.2
159 228 199.29999999999998
159 238 198.29999999999998
159 277 90.1
159 288 121.1
160 16 58.1
160 29 127.19999999999999
160 89 181.2
160 117 177.2
160 159 175.2
160 162 161.2
160 198 82.1
160 213 144.2
160 243 247.29999999999998
160 253 97.1
160 255 244.29999999999998
160 259 228.29999999999998
160 267 150.2
160 293 162.2
161 18 130.2
161 45 125.19999999999999
161 47 61.1
161 100 57.1
161 112 70.1
161 185 67.1
161 189 219.29999999999998
161 215 141.2
161 221 89.1
161 225 68.1
161 230 84.1
161 234 182.2
161 235 135.2
161 253 221.29999999999998
161 274 71.1
161 282 218.29999999999998
162 9 74.1
162 29 103.2
162 30 56.1
162 62 71.1
162 68 67.1
162 89 152.2
162 107 56.1
162 117 149.2
162 122 64.1
162 139 57.1
162 160 148.2
162 184 53.1
162 243 221.29999999999998
162 255 148.2
162 259 136.2
162 267 116.2
162 281 80.1
162 287 71.1
162 293 120.2
163 22 83.1
163 49 60.1
163 129 137.2
163 136 152.2
163 137 167.2
163 153 72.1
163 166 86.1
163 188 61.1
163 196 54.1
163 236 169.2
163 237 71.1
163 240 170.2
163 241 176.2
163 242 119.1
163 258 125.1
163 276 173.2
163 278 167.2
163 291 100.1
164 27 74.1
164 39 180.2
164 52 251.29999999999998
164 61 69.1
164 85 88.1
164 90 167.2
164 93 207.2
164 94 262.29999999999995
164 97 76.1
164 105 166.2
164 129 93.1
164 143 77.1
164 150 74.1
164 159 76.1
164 192 83.1
164 197 158.2
164 222 165.2
164 229 70.1
165 12 80.1
165 13 65.1
165 50 257.29999999999995
165 68 165.2
165 86 75.1
165 100 70.1
165 109 138.2
165 116 255.29999999999998
165 120 70.1
165 154 146.2
165 156 46.1
165 171 74.1
165 199 79.1
165 218 86.1
165 223 145.2
165 249 57.1
165 258 91.1
165 268 131.2
165 298 84.1
166 44 72.1
166 79 61.1
166 99 55.1
166 119 164.2
166 133 55.1
166 144 159.2
166 163 83.1
166 169 84.1
166 192 146.2
166 212 131.2
166 220 160.2
166 250 170.2
166 254 190.2
166 261 63.1
166 283 115.2
166 285 150.2
167 3 50.1
167 10 54.1
167 19 78.1
167 49 65.1
167 77 148.2
167 112 135.2
167 128 77.1
167 135 132.2
167 136 88.1
167 157 141.2
167 168 131.2
167 170 130.2
167 194 192.29999999999998
167 205 155.2
167 207 72.1
167 229 120.2
167 258 119.1
167 263 67.1
168 52 53.1
168 53 75.1
168 77 121.19999999999999
168 108 43.1
168 112 115.2
168 135 118.19999999999999
168 157 132.2
168 167 117.19999999999999
168 170 117.2
168 194 141.2
168 205 111.19999999999999
168 229 113.19999999999999
168 239 83.1
168 271 52.1
168 273 59.1
168 291 84.1
169 2 67.1
169 79 72.1
169 103 219.29999999999998
169 126 88.1
169 166 79.1
169 208 163.2
169 218 275.29999999999995
169 223 87.1
169 242 293.29999999999995
169 246 80.1
169 264 195.2
169 286 145.2
169 291 179.2
169 295 184.2
170 25 49.1
170 37 49.1
170 58 85.1
170 77 144.2
170 112 162.2
170 135 194.29999999999998
170 157 214.29999999999998
170 167 157.2
170 168 144.2
170 178 56.1
170 194 146.2
170 205 161.2
170 229 132.2
170 280 69.1
171 7 148.2
171 64 72.1
171 81 126.19999999999999
171 154 127.19999999999999
171 165 72.1
171 207 180.3
171 210 212.29999999999998
171 221 73.1
171 230 145.2
171 268 71.1
171 274 159.2
171 289 243.29999999999998
171 292 160.2
171 299 119.19999999999999
172 13 148.2
172 16 124.19999999999999
172 47 63.1
172 81 63.1
172 99 64.1
172 100 49.1
172 126 139.2
172 176 131.2
172 225 198.29999999999998
172 251 122.19999999999999
172 268 78.1
172 272 143.2
172 274 85.1
172 280 140.2
172 296 143.2
173 57 67.1
173 69 124.19999999999999
173 108 43.1
173 121 49.1
173 125 119.19999999999999
173 140 90.2
173 154 51.1
173 177 52.1
173 180 143.2
173 186 45.1
173 203 128.2
173 219 53.1
173 232 60.1
173 233 62.1
173 236 66.1
173 269 120.19999999999999
173 294 117.19999999999999
173 300 81.1
174 0 63.1
174 31 58.1
174 36 78.1
174 38 81.1
174 51 57.1
174 61 43.1
174 79 43.1
174 87 80.1
174 88 58.1
174 101 85.1
174 113 90.1
174 117 74.1
174 122 66.1
174 149 66.1
174 175 174.2
174 190 158.2
174 198 132.2
174 229 66.1
174 238 180.2
174 243 150.2
175 14 76.1
175 26 36.1
175 42 58.1
175 67 139.2
175 72 140.2
175 77 62.1
175 78 48.1
175 79 46.1
175 87 57.1
175 89 64.1
175 101 56.1
175 122 67.1
175 123 64.1
175 141 56.1
175 149 65.1
175 174 121.19999999999999
175 181 92.2
175 190 61.1
175 198 123.2
175 275 80.1
175 281 71.1
175 288 78.1
176 13 169.2
176 16 147.2
176 35 68.1
176 64 64.1
176 98 145.2
176 99 82.1
176 126 206.29999999999998
176 172 137.2
176 225 140.2
176 237 78.1
176 251 251.29999999999998
176 272 158.2
176 280 152.2
176 296 228.29999999999998
177 7 63.1
177 15 141.2
177 62 79.1
177 66 205.29999999999998
177 77 65.1
177 83 156.2
177 91 59.1
177 104 77.1
177 109 58.1
177 127 127.19999999999999
177 173 72.1
177 185 166.2
177 193 148.2
177 209 56.1
177 215 73.1
177 242 107.1
177 262 149.2
178 24 60.1
178 25 63.1
178 37 63.1
178 42 137.2
178 46 96.1
178 49 236.29999999999998
178 56 220.29999999999998
178 58 130.2
178 76 77.1
178 113 69.1
178 170 61.1
178 179 72.1
178 214 233.29999999999998
178 231 62.1
178 256 66.1
178 286 79.1
178 298 83.1
179 18 65.1
179 41 154.2
179 52 84.1
179 61 128.2
179 77 90.1
179 115 86.1
179 133 67.1
179 143 260.29999999999995
179 149 80.1
179 178 73.1
179 196 147.2
179 206 145.2
179 245 133.2
179 261 158.2
179 263 137.2
179 270 188.2
180 8 76.1
180 15 62.1
180 33 58.1
180 43 70.1
180 57 71.1
180 66 68.1
180 69 141.2
180 83 92.1
180 125 126.19999999999999
180 140 99.2
180 155 82.1
180 173 146.2
180 203 124.19999999999999
180 257 73.1
180 262 67.1
180 269 124.19999999999999
180 279 77.1
180 294 146.2
181 11 157.2
181 14 123.19999999999999
181 26 210.29999999999998
181 36 51.1
181 43 75.1
181 51 69.1
181 67 163.2
181 87 154.2
181 157 77.1
181 175 138.2
181 198 65.1
181 265 71.1
181 266 78.1
181 275 221.29999999999998
181 288 153.2
182 3 83.1
182 5 134.2
182 10 158.2
182 24 149.2
182 25 78.1
182 36 79.1
182 42 71.1
182 55 96.1
182 85 78.1
182 88 101.1
182 106 162.2
182 107 165.2
182 108 156.2
182 115 182.2
182 129 91.1
182 132 163.2
182 222 81.1
182 241 117.1
182 244 65.1
183 28 142.2
183 34 139.2
183 40 54.1
183 59 183.2
183 62 188.2
183 102 60.1
183 130 147.2
183 134 60.1
183 158 183.2
183 195 140.2
183 199 58.1
183 234 41.1
183 235 78.1
183 239 206.29999999999998
183 245 57.1
183 253 70.1
183 279 156.2
184 17 83.1
184 20 82.1
184 25 77.1
184 33 78.1
184 50 132.1
184 55 70.1
184 75 221.29999999999998
184 78 160.2
184 80 72.1
184 82 183.2
184 84 245.29999999999998
184 88 85.1
184 98 138.2
184 114 88.1
184 120 145.2
184 129 90.1
184 136 107.1
184 142 53.1
184 162 76.1
184 202 72.1
184 228 85.1
184 234 108.1
184 244 78.1
185 15 157.2
185 41 60.1
185 46 70.1
185 66 156.2
185 83 308.29999999999995
185 104 71.1
185 127 225.29999999999998
185 128 112.1
185 155 76.1
185 161 62.1
185 177 180.2
185 193 168.2
185 200 101.1
185 211 78.1
185 233 95.1
185 256 84.1
185 262 221.29999999999998
185 294 76.1
185 300 114.1
186 4 54.1
186 28 70.1
186 31 60.1
186 34 71.1
186 53 287.29999999999995
186 62 75.1
186 73 245.29999999999998
186 88 57.1
186 91 64.1
186 104 254.29999999999998
186 149 61.1
186 151 130.2
186 155 176.2
186 156 74.1
186 173 92.1
186 191 171.2
186 199 115.2
186 232 57.1
186 233 75.1
187 2 85.1
187 17 55.1
187 20 159.2
187 27 88.1
187 32 69.1
187 33 77.1
187 41 58.1
187 55 64.1
187 75 78.1
187 86 156.2
187 96 134.2
187 118 121.19999999999999
187 196 60.1
187 221 125.19999999999999
187 227 132.2
187 236 68.1
187 248 98.1
187 283 75.1
188 3 160.2
188 9 145.2
188 45 64.1
188 65 260.29999999999995
188 88 73.1
188 96 68.1
188 97 80.1
188 101 226.29999999999998
188 103 80.1
188 132 108.1
188 133 171.2
188 134 131.2
188 138 203.2
188 163 83.1
188 196 72.1
188 197 82.1
188 265 85.1
188 284 78.1
189 18 164.2
189 45 123.19999999999999
189 64 64.1
189 81 88.1
189 98 69.1
189 107 58.1
189 114 77.1
189 155 71.1
189 161 253.29999999999998
189 215 142.2
189 222 85.1
189 234 194.29999999999998
189 235 239.29999999999998
189 240 59.1
189 253 179.2
189 282 164.2
190 5 62.1
190 19 78.1
190 26 74.1
190 38 78.1
190 46 55.1
190 103 81.1
190 105 164.2
190 113 169.2
190 128 69.1
190 138 70.1
190 174 169.2
190 175 76.1
190 226 168.2
190 229 78.1
190 233 173.2
190 242 90.1
190 258 212.2
190 300 166.2
191 15 64.1
191 50 80.1
191 51 63.1
191 53 128.2
191 73 156.2
191 104 123.2
191 111 134.2
191 113 152.2
191 121 66.1
191 135 54.1
191 145 59.1
191 151 182.29999999999998
191 155 137.2
191 186 120.2
191 193 80.1
191 199 128.2
191 223 60.1
192 39 66.1
192 101 68.1
192 119 167.2
192 143 62.1
192 144 165.2
192 152 71.1
192 164 55.1
192 166 148.2
192 197 71.1
192 212 196.29999999999998
192 220 127.19999999999999
192 250 220.29999999999998
192 254 179.2
192 259 76.1
192 283 195.29999999999998
192 285 143.2
192 288 78.1
193 15 151.2
193 47 72.1
193 50 108.1
193 53 72.1
193 66 131.2
193 73 71.1
193 83 166.2
193 106 65.1
193 127 187.29999999999998
193 151 61.1
193 177 141.2
193 185 138.2
193 191 79.1
193 211 62.1
193 229 72.1
193 234 64.1
193 247 72.1
193 262 108.2
194 44 85.1
194 48 74.1
194 56 100.1
194 63 68.1
194 65 68.1
194 77 159.2
194 112 254.29999999999998
194 135 158.2
194 148 81.1
194 157 232.29999999999998
194 167 238.29999999999998
194 168 179.2
194 170 156.2
194 195 74.1
194 205 186.2
194 229 158.2
194 252 78.1
194 271 85.1
195 1 59.1
195 28 149.2
195 34 124.19999999999999
195 48 70.1
195 55 67.1
195 59 223.29999999999998
195 62 212.29999999999998
195 70 65.1
195 130 142.2
195 148 55.1
195 158 154.2
195 183 173.2
195 194 52.1
195 223 64.1
195 239 126.19999999999999
195 279 157.2
195 292 78.1
196 27 92.1
196 41 206.29999999999998
196 49 74.1
196 61 195.29999999999998
196 76 87.1
196 143 151.2
196 163 82.1
196 179 159.2
196 187 81.1
196 188 56.1
196 206 151.2
196 245 263.29999999999995
196 261 178.2
196 263 161.2
196 270 167.2
196 278 94.1
197 3 123.19999999999999
197 9 72.1
197 16 88.1
197 27 74.1
197 38 58.1
197 39 134.2
197 52 150.2
197 76 85.1
197 90 130.2
197 93 145.2
197 94 190.29999999999998
197 96 70.1
197 138 86.1
197 164 149.2
197 188 77.1
197 192 59.1
197 222 138.2
197 270 65.1
198 26 54.1
198 42 164.2
198 65 85.1
198 67 172.2
198 87 62.1
198 105 150.2
198 160 65.1
198 174 149.2
198 175 166.2
198 181 70.1
198 213 61.1
198 238 69.1
198 242 180.2
198 250 73.1
198 275 69.1
198 288 136.2
199 30 47.1
199 50 82.1
199 53 148.2
199 73 100.2
199 104 233.29999999999998
199 110 46.1
199 113 61.1
199 127 72.1
199 130 67.1
199 151 137.2
199 155 146.2
199 165 61.1
199 183 94.1
199 186 135.2
199 191 144.2
199 223 90.1
199 234 75.1
199 235 55.1
199 239 69.1
200 17 69.1
200 100 146.2
200 120 89.1
200 152 258.29999999999995
200 156 161.2
200 185 97.1
200 237 128.2
200 246 137.2
200 247 248.29999999999998
200 282 162.2
200 284 233.29999999999998
200 289 94.1
200 290 176.2
200 298 179.2
201 14 144.2
201 22 82.1
201 39 82.1
201 54 157.2
201 74 147.2
201 75 83.1
201 97 140.2
201 209 206.29999999999998
201 224 167.2
201 244 227.29999999999998
201 248 164.2
201 277 228.29999999999998
201 285 100.1
201 295 96.1
201 297 174.2
202 1 49.1
202 52 78.1
202 87 78.1
202 101 87.1
202 124 120.2
202 150 147.2
202 153 147.2
202 159 135.2
202 184 55.1
202 204 141.2
202 213 118.19999999999999
202 216 119.19999999999999
202 228 158.2
202 238 207.29999999999998
202 267 73.1
202 275 75.1
202 293 80.1
203 43 126.19999999999999
203 44 64.1
203 56 69.1
203 57 73.1
203 66 74.1
203 69 129.2
203 83 72.1
203 125 133.2
203 135 45.1
203 140 106.2
203 173 131.2
203 180 134.2
203 219 69.1
203 233 51.1
203 269 148.2
203 285 63.1
203 294 108.2
204 63 145.2
204 124 148.2
204 145 79.1
204 150 155.2
204 153 128.2
204 159 125.19999999999999
204 202 122.19999999999999
204 213 203.29999999999998
204 216 130.2
204 228 114.2
204 238 129.2
205 36 64.1
205 77 153.2
205 85 68.1
205 112 126.19999999999999
205 135 135.2
205 154 69.1
205 157 209.29999999999998
205 167 150.2
205 168 130.2
205 170 154.2
205 194 165.2
205 226 102.1
205 229 152.2
205 258 96.1
205 288 77.1
206 33 75.1
206 41 147.2
206 42 52.1
206 46 72.1
206 49 73.1
206 61 134.2
206 101 76.1
206 106 78.1
206 143 129.2
206 179 161.2
206 196 137.2
206 231 75.1
206 245 223.29999999999998
206 257 89.1
206 261 159.2
206 263 148.2
206 270 163.2
207 7 202.29999999999998
207 81 139.2
207 82 68.1
207 84 65.1
207 116 64.1
207 147 49.1
207 167 63.1
207 171 196.3
207 210 143.2
207 230 156.2
207 274 243.29999999999998
207 289 166.2
207 292 164.2
207 299 135.2
207 300 82.1
208 5 63.1
208 27 161.2
208 39 68.1
208 75 73.1
208 79 57.1
208 85 79.1
208 103 163.2
208 169 144.2
208 218 171.2
208 242 213.2
208 264 244.29999999999998
208 286 174.2
208 291 182.2
208 295 164.2
209 10 82.1
209 18 69.1
209 54 138.2
209 74 224.29999999999998
209 95 62.1
209 97 119.19999999999999
209 102 63.1
209 177 58.1
209 201 209.29999999999998
209 224 150.2
209 244 131.2
209 248 145.2
209 264 79.1
209 277 130.2
209 286 80.1
209 297 169.2
210 7 145.2
210 20 73.1
210 50 99.1
210 81 143.2
210 82 64.1
210 109 75.1
210 171 196.3
210 207 155.2
210 230 149.2
210 274 154.2
210 289 169.2
210 292 250.29999999999998
210 296 79.1
210 299 139.2
211 3 60.1
211 4 111.19999999999999
211 16 86.1
211 30 149.2
211 35 59.1
211 48 133.2
211 53 86.1
211 71 72.1
211 79 63.1
211 91 148.2
211 102 191.3
211 111 162.2
211 125 79.1
211 142 100.2
211 148 181.2
211 185 96.1
211 193 83.1
211 233 69.1
212 27 75.1
212 67 86.1
212 105 133.2
212 119 210.29999999999998
212 134 58.1
212 144 154.2
212 166 174.2
212 192 227.29999999999998
212 220 129.2
212 246 79.1
212 250 157.2
212 254 158.2
212 283 143.2
212 284 69.1
212 285 201.29999999999998
213 82 70.1
213 124 118.2
213 139 60.1
213 150 121.2
213 153 145.2
213 159 150.2
213 160 140.2
213 198 66.1
213 202 140.2
213 204 217.29999999999998
213 216 196.29999999999998
213 228 175.2
213 238 168.2
213 277 70.1
214 1 82.1
214 16 93.1
214 42 179.2
214 47 60.1
214 49 134.2
214 56 152.2
214 58 181.2
214 66 82.1
214 82 76.1
214 84 85.1
214 102 92.1
214 125 79.1
214 157 72.1
214 178 232.29999999999998
214 231 145.2
214 239 73.1
214 262 65.1
214 292 92.1
214 299 82.1
215 18 167.2
215 30 60.1
215 45 118.2
215 72 75.1
215 96 66.1
215 108 53.1
215 161 120.2
215 177 72.1
215 189 130.2
215 227 44.1
215 234 158.2
215 235 205.29999999999998
215 253 149.2
215 279 85.1
215 282 141.2
215 300 81.1
216 29 67.1
216 36 87.1
216 87 89.1
216 89 71.1
216 124 161.2
216 139 65.1
216 150 212.29999999999998
216 153 163.2
216 159 136.2
216 202 138.2
216 204 148.2
216 213 215.29999999999998
216 228 169.2
216 238 169.2
216 249 74.1
216 259 71.1
216 265 67.1
217 21 83.1
217 22 94.1
217 23 138.2
217 40 223.29999999999998
217 44 127.19999999999999
217 46 51.1
217 70 127.19999999999999
217 71 208.29999999999998
217 92 135.2
217 110 204.29999999999998
217 121 134.2
217 146 139.2
217 243 93.1
217 253 81.1
217 255 78.1
218 85 83.1
218 103 152.2
218 144 161.2
218 165 61.1
218 169 218.29999999999998
218 208 132.2
218 224 131.2
218 246 64.1
218 264 179.2
218 286 154.2
218 290 75.1
218 291 207.2
218 295 183.2
219 8 173.2
219 28 75.1
219 43 208.29999999999998
219 50 83.1
219 53 88.1
219 57 154.2
219 63 145.2
219 69 71.1
219 83 72.1
219 92 75.1
219 125 85.1
219 131 87.1
219 140 43.1
219 173 70.1
219 203 85.1
219 232 233.29999999999998
219 257 143.2
219 287 152.2
220 19 66.1
220 27 75.1
220 39 73.1
220 52 73.1
220 73 63.1
220 93 66.1
220 119 150.2
220 139 53.1
220 144 125.19999999999999
220 166 148.2
220 192 141.2
220 212 115.2
220 250 218.29999999999998
220 254 168.2
220 283 122.19999999999999
220 285 125.19999999999999
221 2 154.2
221 17 196.29999999999998
221 20 71.1
221 32 136.2
221 33 174.2
221 55 142.2
221 68 80.1
221 71 69.1
221 86 70.1
221 96 53.1
221 99 91.1
221 100 65.1
221 102 71.1
221 118 72.1
221 150 68.1
221 161 94.1
221 171 72.1
221 187 142.2
221 227 82.1
221 230 74.1
221 280 91.1
222 9 67.1
222 27 162.2
222 39 148.2
222 46 69.1
222 52 182.2
222 84 65.1
222 90 141.2
222 93 226.29999999999998
222 94 124.19999999999999
222 127 71.1
222 137 65.1
222 140 43.1
222 164 159.2
222 182 65.1
222 189 82.1
222 197 153.2
222 297 165.2
223 7 73.1
223 50 185.2
223 68 149.2
223 74 78.1
223 83 82.1
223 102 50.1
223 104 112.1
223 109 157.2
223 116 234.29999999999998
223 132 84.1
223 146 62.1
223 154 127.19999999999999
223 165 118.2
223 169 70.1
223 191 76.1
223 195 61.1
223 199 78.1
223 268 154.2
223 276 99.1
224 3 63.1
224 22 66.1
224 32 69.1
224 54 162.2
224 74 133.2
224 97 117.2
224 201 142.2
224 209 134.2
224 218 174.2
224 244 209.29999999999998
224 248 226.29999999999998
224 277 146.2
224 295 182.2
224 297 152.2
225 3 60.1
225 13 150.2
225 16 154.2
225 99 70.1
225 116 73.1
225 126 230.29999999999998
225 154 146.2
225 161 69.1
225 172 210.29999999999998
225 176 118.2
225 251 151.2
225 272 143.2
225 274 103.1
225 280 140.2
225 296 134.2
226 19 138.2
226 37 100.2
226 60 51.1
226 66 72.1
226 85 84.1
226 128 120.19999999999999
226 145 118.19999999999999
226 155 65.1
226 190 146.2
226 205 94.1
226 229 53.1
226 252 180.2
226 256 136.2
226 258 83.1
226 260 135.2
226 271 162.2
226 273 119.19999999999999
227 2 78.1
227 17 121.19999999999999
227 18 96.1
227 20 146.2
227 32 84.1
227 33 73.1
227 36 70.1
227 55 67.1
227 75 62.1
227 86 240.29999999999998
227 96 147.2
227 100 60.1
227 118 130.2
227 126 57.1
227 187 137.2
227 215 82.1
227 221 66.1
227 240 66.1
227 254 85.1
227 276 104.1
227 284 88.1
228 6 77.1
228 12 47.1
228 35 49.1
228 49 67.1
228 64 48.1
228 79 59.1
228 105 72.1
228 124 146.2
228 134 61.1
228 150 221.29999999999998
228 153 209.29999999999998
228 159 199.29999999999998
228 184 79.1
228 202 171.2
228 204 132.2
228 213 186.2
228 216 147.2
228 238 152.2
228 284 92.1
228 287 85.1
229 24 44.1
229 53 57.1
229 77 120.19999999999999
229 112 113.2
229 135 127.19999999999999
229 157 99.2
229 164 61.1
229 167 109.2
229 168 120.19999999999999
229 170 122.19999999999999
229 174 64.1
229 190 58.1
229 193 77.1
229 194 105.2
229 205 120.2
229 226 44.1
230 7 179.2
230 49 56.1
230 81 141.2
230 84 54.1
230 102 68.1
230 161 85.1
230 171 142.2
230 207 170.2
230 210 120.19999999999999
230 221 88.1
230 264 85.1
230 274 163.2
230 289 169.2
230 292 155.2
230 299 138.2
231 1 117.2
231 7 70.1
231 22 149.2
231 46 163.2
231 60 120.2
231 76 203.29999999999998
231 79 105.2
231 88 66.1
231 90 64.1
231 157 93.1
231 178 93.1
231 206 62.1
231 214 108.2
231 252 148.2
231 256 82.1
231 296 85.1
231 300 118.1
232 8 163.2
232 15 57.1
232 43 143.2
232 53 74.1
232 57 173.2
232 61 46.1
232 63 126.19999999999999
232 86 60.1
232 88 45.1
232 95 84.1
232 104 67.1
232 121 72.1
232 173 66.1
232 186 51.1
232 219 213.29999999999998
232 233 61.1
232 257 158.2
232 287 163.2
233 15 75.1
233 21 67.1
233 30 60.1
233 53 61.1
233 57 82.1
233 62 49.1
233 66 55.1
233 68 66.1
233 88 63.1
233 113 57.1
233 121 42.1
233 173 72.1
233 185 60.1
233 186 59.1
233 190 164.2
233 203 52.1
233 211 77.1
233 232 63.1
233 242 169.2
233 258 154.2
233 262 55.1
233 269 49.1
233 279 96.1
233 287 76.1
233 294 61.1
233 300 84.1
234 18 171.2
234 45 122.2
234 68 60.1
234 103 69.1
234 116 71.1
234 123 65.1
234 161 162.2
234 183 67.1
234 184 65.1
234 189 200.29999999999998
234 193 62.1
234 199 63.1
234 215 151.2
234 235 144.2
234 253 159.2
234 282 155.2
235 18 124.2
235 45 130.2
235 63 82.1
235 92 71.1
235 101 62.1
235 108 54.1
235 161 137.2
235 183 68.1
235 189 247.29999999999998
235 199 52.1
235 215 238.29999999999998
235 234 130.2
235 253 165.2
235 282 142.2
235 300 90.1
236 22 82.1
236 76 89.1
236 77 82.1
236 96 67.1
236 129 165.2
236 136 311.29999999999995
236 137 218.2
236 156 92.1
236 163 177.2
236 173 82.1
236 187 87.1
236 240 254.29999999999998
236 241 191.2
236 276 179.2
236 278 176.2
237 51 70.1
237 76 68.1
237 97 62.1
237 100 115.2
237 152 132.2
237 156 127.19999999999999
237 163 72.1
237 176 51.1
237 200 133.2
237 246 204.29999999999998
237 247 134.3
237 268 78.1
237 277 57.1
237 284 150.2
237 289 90.1
237 290 117.2
238 123 56.1
238 124 138.2
238 139 61.1
238 150 169.2
238 153 143.2
238 159 166.3
238 174 177.2
238 198 70.1
238 202 197.29999999999998
238 204 150.2
238 213 164.2
238 216 138.2
238 228 157.2
238 281 88.1
239 28 190.3
239 34 157.2
239 48 78.1
239 59 145.2
239 62 143.2
239 70 69.1
239 130 170.2
239 151 86.1
239 156 65.1
239 158 156.2
239 168 73.1
239 183 269.29999999999995
239 195 133.2
239 199 60.1
239 214 77.1
239 257 77.1
239 279 165.2
240 1 70.1
240 61 60.1
240 78 67.1
240 79 52.1
240 80 66.1
240 103 68.1
240 105 75.1
240 129 175.2
240 136 164.2
240 137 209.29999999999998
240 163 190.2
240 189 74.1
240 227 62.1
240 236 228.29999999999998
240 241 271.29999999999995
240 276 187.2
240 278 155.2
241 13 72.1
241 27 99.1
241 32 78.1
241 44 78.1
241 55 77.1
241 56 93.1
241 93 85.1
241 107 77.1
241 129 176.2
241 136 169.2
241 137 142.2
241 163 160.2
241 182 73.1
241 236 177.2
241 240 232.29999999999998
241 275 79.1
241 276 156.2
241 278 255.29999999999998
242 50 119.1
242 74 95.1
242 86 86.1
242 113 88.1
242 118 83.1
242 163 113.1
242 169 266.29999999999995
242 177 106.1
242 190 106.1
242 198 156.2
242 208 188.2
242 233 173.2
242 250 92.1
242 254 123.1
242 258 124.1
242 277 162.2
242 291 104.1
242 295 114.1
242 300 102.1
243 29 143.2
243 89 232.29999999999998
243 115 86.1
243 117 178.2
243 122 95.1
243 124 66.1
243 149 82.1
243 160 219.29999999999998
243 162 218.29999999999998
243 174 159.2
243 217 64.1
243 255 143.2
243 259 184.2
243 267 233.29999999999998
243 293 172.2
244 6 87.1
244 27 87.1
244 54 243.29999999999998
244 74 164.2
244 79 51.1
244 97 138.2
244 112 84.1
244 134 68.1
244 140 59.1
244 182 55.1
244 184 73.1
244 201 241.29999999999998
244 209 135.2
244 224 221.29999999999998
244 248 182.2
244 277 148.2
244 297 161.2
245 41 146.2
245 61 156.2
245 65 63.1
245 111 70.1
245 115 76.1
245 133 66.1
245 143 204.3
245 179 173.2
245 183 71.1
245 196 236.29999999999998
245 206 227.29999999999998
245 258 102.1
245 261 142.2
245 263 157.2
245 270 145.2
245 293 71.1
246 22 55.1
246 100 147.2
246 114 65.1
246 120 70.1
246 152 167.2
246 156 129.2
246 169 59.1
246 200 144.2
246 212 73.1
246 218 77.1
246 237 204.29999999999998
246 247 143.2
246 276 95.1
246 284 145.2
246 290 158.2
246 298 168.2
247 2 61.1
247 17 44.1
247 28 67.1
247 54 69.1
247 100 95.2
247 120 113.2
247 152 150.2
247 156 136.2
247 193 81.1
247 200 235.29999999999998
247 237 153.3
247 246 130.2
247 284 147.2
247 290 241.29999999999998
247 298 172.2
248 52 81.1
248 54 147.2
248 74 173.2
248 93 75.1
248 97 111.2
248 138 87.1
248 187 70.1
248 201 139.2
248 209 140.2
248 224 214.29999999999998
248 244 151.2
248 277 147.2
248 283 148.2
248 297 149.2
249 0 105.2
249 12 82.1
249 31 133.2
249 36 130.2
249 38 142.2
249 41 54.1
249 64 58.1
249 80 138.2
249 95 125.19999999999999
249 119 86.1
249 123 144.2
249 138 87.1
249 165 77.1
249 216 62.1
249 265 124.19999999999999
249 266 244.29999999999998
250 75 137.2
250 105 83.1
250 118 67.1
250 119 198.2
250 144 154.2
250 166 189.2
250 192 238.29999999999998
250 198 71.1
250 212 138.2
250 220 237.29999999999998
250 242 110.1
250 252 91.1
250 254 183.2
250 283 141.2
250 285 163.2
251 2 64.1
251 5 61.1
251 13 140.2
251 16 241.29999999999998
251 32 78.1
251 47 67.1
251 114 55.1
251 126 154.2
251 154 67.1
251 172 125.19999999999999
251 176 238.29999999999998
251 225 157.2
251 272 144.2
251 280 164.2
251 296 144.2
252 16 81.1
252 19 155.2
252 37 99.2
252 89 94.1
252 128 139.2
252 129 55.1
252 145 127.19999999999999
252 157 53.1
252 194 63.1
252 226 159.2
252 231 133.2
252 250 79.1
252 256 168.2
252 260 213.29999999999998
252 271 167.2
252 273 139.2
252 291 80.1
253 18 218.29999999999998
253 21 62.1
253 45 176.3
253 50 85.1
253 58 146.2
253 116 78.1
253 131 67.1
253 160 56.1
253 161 202.3
253 183 75.1
253 189 162.2
253 215 157.2
253 217 39.1
253 234 147.2
253 235 148.2
253 282 175.2
254 96 76.1
254 119 172.2
254 144 151.2
254 166 204.2
254 192 155.2
254 212 156.2
254 220 164.2
254 227 84.1
254 242 118.1
254 250 167.2
254 283 133.2
254 285 174.2
254 290 87.1
255 29 231.29999999999998
255 80 83.1
255 83 85.1
255 89 171.2
255 94 62.1
255 117 142.2
255 129 77.1
255 147 39.1
255 160 221.29999999999998
255 162 151.2
255 217 67.1
255 243 181.2
255 259 185.2
255 267 148.2
255 281 93.1
255 293 152.2
256 19 145.2
256 37 135.3
256 106 70.1
256 112 67.1
256 128 138.2
256 133 53.1
256 145 157.2
256 178 63.1
256 185 82.1
256 226 144.2
256 231 90.1
256 252 133.2
256 258 78.1
256 260 132.2
256 271 140.2
256 273 131.2
257 8 265.29999999999995
257 28 66.1
257 43 188.2
257 50 99.1
257 53 89.1
257 57 178.2
257 63 151.2
257 94 69.1
257 151 72.1
257 158 66.1
257 180 80.1
257 206 76.1
257 219 180.2
257 232 152.2
257 239 72.1
257 262 71.1
257 269 86.1
257 287 188.2
258 1 49.1
258 37 53.1
258 41 60.1
258 46 84.1
258 49 79.1
258 76 69.1
258 105 166.2
258 113 80.1
258 124 65.1
258 129 85.1
258 132 52.1
258 163 95.1
258 165 77.1
258 167 86.1
258 190 182.2
258 205 75.1
258 226 45.1
258 233 146.2
258 242 110.1
258 245 80.1
258 256 95.1
258 273 77.1
258 300 113.1
259 29 161.2
259 39 89.1
259 89 152.2
259 90 64.1
259 101 78.1
259 117 130.2
259 134 52.1
259 141 71.1
259 160 228.29999999999998
259 162 131.2
259 192 53.1
259 216 79.1
259 243 168.2
259 255 186.2
259 267 124.19999999999999
259 293 210.29999999999998
260 1 70.1
260 4 60.1
260 14 44.1
260 19 140.2
260 24 71.1
260 25 76.1
260 37 181.3
260 113 77.1
260 128 152.2
260 135 104.1
260 137 67.1
260 145 150.2
260 226 181.2
260 252 222.29999999999998
260 256 139.2
260 271 141.2
260 273 140.2
261 18 74.1
261 26 58.1
261 27 81.1
261 41 114.19999999999999
261 56 56.1
261 61 120.19999999999999
261 65 53.1
261 76 71.1
261 105 57.1
261 133 63.1
261 143 121.2
261 166 81.1
261 179 139.2
261 196 131.2
261 206 142.2
261 245 123.2
261 263 133.2
261 270 122.19999999999999
262 4 62.1
262 15 277.29999999999995
262 40 65.1
262 44 62.1
262 53 75.1
262 66 136.2
262 73 79.1
262 83 158.2
262 127 139.2
262 135 58.1
262 177 145.2
262 180 85.1
262 185 242.29999999999998
262 193 138.2
262 214 56.1
262 233 72.1
262 257 82.1
262 279 86.1
262 300 122.1
263 27 73.1
263 41 120.19999999999999
263 42 52.1
263 49 103.2
263 61 105.2
263 112 83.1
263 116 64.1
263 128 76.1
263 143 113.2
263 167 52.1
263 179 132.2
263 196 138.2
263 206 107.2
263 245 153.2
263 261 127.19999999999999
263 270 141.2
264 79 61.1
264 90 75.1
264 103 167.2
264 137 96.1
264 169 200.2
264 208 288.29999999999995
264 209 72.1
264 218 208.2
264 230 71.1
264 286 244.29999999999998
264 290 229.2
264 291 264.2
264 295 194.2
265 0 120.19999999999999
265 1 72.1
265 12 64.1
265 26 73.1
265 31 126.19999999999999
265 36 97.2
265 38 108.2
265 69 68.1
265 80 138.2
265 89 57.1
265 95 136.2
265 123 96.2
265 181 55.1
265 188 71.1
265 216 65.1
265 249 133.2
265 266 131.2
265 275 61.1
266 0 134.2
266 12 75.1
266 31 143.2
266 36 183.2
266 37 46.1
266 38 165.2
266 80 153.2
266 89 69.1
266 95 157.2
266 122 76.1
266 123 144.2
266 141 67.1
266 181 66.1
266 249 240.29999999999998
266 265 147.2
267 11 86.1
267 29 124.19999999999999
267 68 77.1
267 89 158.2
267 117 150.2
267 124 55.1
267 150 65.1
267 153 65.1
267 160 140.2
267 162 93.2
267 202 69.1
267 243 218.29999999999998
267 255 143.2
267 259 126.19999999999999
267 293 118.2
268 8 74.1
268 50 154.2
268 63 62.1
268 66 88.1
268 68 209.29999999999998
268 81 82.1
268 84 79.1
268 104 165.2
268 109 136.2
268 116 160.2
268 147 71.1
268 154 149.2
268 165 134.2
268 171 50.1
268 172 73.1
268 223 141.2
268 237 67.1
268 296 79.1
269 21 41.1
269 25 69.1
269 43 77.1
269 57 77.1
269 69 125.19999999999999
269 76 47.1
269 92 59.1
269 125 114.2
269 140 104.2
269 151 57.1
269 173 107.2
269 180 145.2
269 203 125.19999999999999
269 233 65.1
269 257 74.1
269 280 80.1
269 294 153.2
270 41 163.3
270 45 64.1
270 61 106.19999999999999
270 62 65.1
270 65 72.1
270 103 80.1
270 105 48.1
270 134 55.1
270 143 115.19999999999999
270 179 150.2
270 196 143.2
270 197 59.1
270 206 134.2
270 245 135.2
270 261 137.2
270 263 139.2
271 1 55.1
271 19 157.2
271 37 125.19999999999999
271 70 66.1
271 106 70.1
271 113 146.2
271 128 135.2
271 145 139.2
271 168 47.1
271 194 42.1
271 226 141.2
271 252 151.2
271 256 128.2
271 260 139.2
271 273 134.2
271 300 80.1
272 6 62.1
272 13 172.2
272 16 161.2
272 27 69.1
272 35 60.1
272 87 76.1
272 126 158.2
272 134 57.1
272 148 67.1
272 172 168.2
272 176 143.2
272 225 128.2
272 251 132.2
272 280 149.2
272 296 218.29999999999998
273 19 235.29999999999998
273 37 116.19999999999999
273 58 62.1
273 60 58.1
273 94 79.1
273 128 156.2
273 135 57.1
273 136 95.1
273 145 139.2
273 168 58.1
273 226 142.2
273 252 143.2
273 256 152.2
273 258 82.1
273 260 155.2
273 271 150.2
274 7 153.2
274 81 167.2
274 99 103.1
274 100 152.2
274 133 81.1
274 161 74.1
274 171 143.2
274 172 83.1
274 207 219.29999999999998
274 210 153.2
274 225 98.1
274 230 156.2
274 289 186.2
274 292 189.2
274 299 162.2
275 11 182.2
275 12 69.1
275 14 221.29999999999998
275 26 176.2
275 51 81.1
275 67 195.2
275 68 66.1
275 87 166.2
275 175 91.1
275 181 228.29999999999998
275 198 71.1
275 202 67.1
275 241 91.1
275 265 60.1
275 288 160.2
276 32 80.1
276 33 66.1
276 49 125.19999999999999
276 123 72.1
276 129 129.2
276 136 241.29999999999998
276 137 130.2
276 163 165.2
276 223 81.1
276 227 68.1
276 236 147.2
276 240 159.2
276 241 157.2
276 246 68.1
276 278 144.2
277 54 180.2
277 74 144.2
277 97 141.2
277 159 73.1
277 201 188.3
277 209 123.19999999999999
277 213 66.1
277 224 146.2
277 237 74.1
277 242 198.2
277 244 143.2
277 248 141.2
277 286 78.1
277 297 207.29999999999998
278 1 75.1
278 33 65.1
278 49 54.1
278 81 140.2
278 97 80.1
278 128 142.2
278 129 164.2
278 136 182.2
278 137 156.2
278 163 147.2
278 196 86.1
278 236 168.2
278 240 152.2
278 241 256.29999999999995
278 276 172.2
279 15 79.1
279 28 115.2
279 34 136.2
279 50 70.1
279 53 86.1
279 59 157.2
279 62 144.2
279 71 48.1
279 130 119.19999999999999
279 158 211.29999999999998
279 180 52.1
279 183 155.2
279 195 123.19999999999999
279 215 80.1
279 233 89.1
279 239 136.2
279 262 83.1
280 10 59.1
280 13 217.29999999999998
280 16 161.2
280 126 229.29999999999998
280 170 60.1
280 172 146.2
280 176 138.2
280 221 78.1
280 225 158.2
280 251 169.2
280 269 76.1
280 272 149.2
280 296 146.2
281 12 179.2
281 27 69.1
281 29 90.1
281 51 243.29999999999998
281 72 189.2
281 80 77.1
281 85 67.1
281 94 79.1
281 113 93.1
281 122 145.2
281 123 92.1
281 139 132.2
281 141 116.2
281 149 175.2
281 155 91.1
281 162 61.1
281 175 73.1
281 238 84.1
281 255 77.1
282 2 58.1
282 18 207.29999999999998
282 23 54.1
282 42 45.1
282 45 144.2
282 54 68.1
282 58 62.1
282 108 69.1
282 131 70.1
282 161 201.29999999999998
282 189 169.2
282 200 163.2
282 215 151.2
282 234 136.2
282 235 151.2
282 253 168.2
283 20 72.1
283 31 75.1
283 72 69.1
283 119 153.2
283 144 151.2
283 166 159.2
283 187 55.1
283 192 176.29999999999998
283 212 135.2
283 220 136.2
283 248 140.2
283 250 135.2
283 254 143.2
283 285 138.2
284 32 45.1
284 42 65.1
284 76 52.1
284 78 52.1
284 99 71.1
284 100 125.19999999999999
284 114 69.1
284 152 154.2
284 156 126.19999999999999
284 188 50.1
284 200 214.29999999999998
284 212 51.1
284 227 63.1
284 228 67.1
284 237 158.2
284 246 133.2
284 247 134.2
284 290 115.2
285 23 58.1
285 27 66.1
285 90 64.1
285 101 51.1
285 119 142.2
285 120 54.1
285 144 164.2
285 166 171.2
285 192 103.2
285 201 66.1
285 203 50.1
285 212 172.29999999999998
285 220 124.19999999999999
285 250 136.2
285 254 152.2
285 283 141.2
286 0 70.1
286 39 73.1
286 60 67.1
286 94 72.1
286 96 63.1
286 103 211.29999999999998
286 169 149.2
286 178 73.1
286 208 172.2
286 209 70.1
286 218 165.2
286 264 286.29999999999995
286 277 67.1
286 291 320.29999999999995
286 295 168.2
287 8 161.2
287 15 84.1
287 28 74.1
287 43 160.2
287 57 189.2
287 59 89.1
287 62 76.1
287 63 200.29999999999998
287 99 48.1
287 109 76.1
287 125 72.1
287 127 70.1
287 162 68.1
287 219 153.2
287 228 69.1
287 232 149.2
287 233 87.1
287 257 164.2
288 11 128.2
288 14 116.19999999999999
288 26 120.19999999999999
288 37 44.1
288 51 54.1
288 67 144.2
288 87 117.19999999999999
288 159 62.1
288 175 88.1
288 181 129.2
288 192 71.1
288 198 119.19999999999999
288 205 73.1
288 275 148.2
289 2 55.1
289 7 155.2
289 20 71.1
289 35 59.1
289 44 59.1
289 81 129.2
289 171 197.29999999999998
289 200 85.1
289 207 133.2
289 210 132.2
289 230 136.2
289 237 57.1
289 274 190.2
289 292 154.2
289 299 154.2
290 20 62.1
290 78 67.1
290 100 137.2
290 118 55.1
290 119 69.1
290 152 149.2
290 156 132.2
290 200 152.2
290 218 88.1
290 237 124.2
290 246 157.2
290 247 220.29999999999998
290 254 82.1
290 264 188.2
290 284 145.2
291 9 51.1
291 39 73.1
291 74 61.1
291 78 48.1
291 97 57.1
291 103 111.2
291 163 63.1
291 168 53.1
291 169 147.2
291 208 176.2
291 218 187.2
291 242 91.1
291 252 64.1
291 264 181.2
291 286 220.29999999999998
291 295 166.2
292 0 48.1
292 7 157.2
292 21 80.1
292 81 131.2
292 104 57.1
292 127 67.1
292 140 55.1
292 171 139.2
292 195 76.1
292 207 143.2
292 210 229.29999999999998
292 214 66.1
292 230 150.2
292 274 180.2
292 289 150.2
292 299 151.2
293 29 145.2
293 89 135.2
293 101 69.1
293 117 156.2
293 122 75.1
293 124 73.1
293 153 70.1
293 160 132.2
293 162 145.2
293 202 62.1
293 243 172.2
293 245 57.1
293 255 150.2
293 259 235.29999999999998
293 267 102.2
294 8 80.1
294 15 73.1
294 40 73.1
294 66 58.1
294 69 118.19999999999999
294 83 163.2
294 115 65.1
294 125 136.2
294 130 50.1
294 140 89.2
294 145 54.1
294 173 144.2
294 180 135.2
294 185 58.1
294 203 131.2
294 233 75.1
294 269 134.2
295 22 59.1
295 75 81.1
295 77 53.1
295 103 205.29999999999998
295 169 165.2
295 201 50.1
295 208 164.2
295 218 179.2
295 224 110.2
295 242 104.1
295 264 186.2
295 286 129.2
295 291 175.2
296 13 134.2
296 16 161.2
296 35 44.1
296 84 59.1
296 109 55.1
296 126 134.2
296 172 107.2
296 176 186.29999999999998
296 210 61.1
296 225 119.19999999999999
296 231 73.1
296 251 137.2
296 268 68.1
296 272 230.29999999999998
296 280 122.2
297 54 128.2
297 60 48.1
297 74 122.19999999999999
297 97 118.2
297 103 51.1
297 119 72.1
297 152 138.2
297 201 127.19999999999999
297 209 122.2
297 222 127.19999999999999
297 224 122.2
297 244 96.2
297 248 111.2
297 277 173.3
298 23 115.2
298 41 46.1
298 48 71.1
298 54 73.1
298 63 72.1
298 64 75.1
298 78 62.1
298 84 87.1
298 86 78.1
298 120 69.1
298 131 59.1
298 133 54.1
298 148 62.1
298 152 158.2
298 156 140.2
298 165 66.1
298 178 73.1
298 200 133.2
298 246 135.2
298 247 160.2
299 3 44.1
299 7 171.29999999999998
299 23 60.1
299 64 58.1
299 81 105.2
299 107 59.1
299 171 110.19999999999999
299 207 122.19999999999999
299 210 95.2
299 214 55.1
299 230 120.19999999999999
299 274 123.19999999999999
299 289 165.2
299 292 129.2
300 4 63.1
300 15 67.1
300 43 56.1
300 44 63.1
300 66 82.1
300 113 207.29999999999998
300 158 134.2
300 173 68.1
300 185 87.1
300 190 127.19999999999999
300 207 69.1
300 215 85.1
300 231 60.1
300 233 76.1
300 235 75.1
300 242 93.1
300 258 88.1
300 262 103.1
300 271 62.1
