0 1 82.1
0 4 59.1
0 5 77.1
0 7 67.1
0 19 165.2
0 29 61.1
0 45 67.1
0 47 77.1
0 86 74.1
0 91 59.1
0 113 82.1
0 132 89.1
0 137 153.2
0 154 243.29999999999998
0 155 70.1
0 183 82.1
0 200 197.29999999999998
0 208 181.29999999999998
0 218 60.1
0 246 82.1
0 252 157.2
0 260 78.1
0 267 101.1
0 269 107.1
0 277 79.1
1 0 76.1
1 25 159.2
1 28 155.2
1 30 83.1
1 35 188.2
1 38 181.2
1 71 123.1
1 73 151.2
1 74 185.2
1 78 73.1
1 89 194.2
1 102 91.1
1 110 161.2
1 178 179.2
1 193 76.1
1 229 59.1
1 239 90.1
1 245 76.1
1 246 115.1
2 3 82.1
2 5 170.2
2 8 86.1
2 15 195.2
2 19 109.1
2 26 68.1
2 29 164.2
2 75 249.29999999999998
2 79 74.1
2 114 84.1
2 122 237.29999999999998
2 128 213.2
2 132 168.2
2 141 106.1
2 153 119.1
2 173 170.2
2 174 94.1
2 180 93.1
2 218 77.1
2 222 108.1
2 244 101.1
3 2 95.1
3 7 90.1
3 10 153.2
3 28 66.1
3 48 100.2
3 49 71.1
3 99 126.19999999999999
3 114 122.19999999999999
3 120 127.19999999999999
3 123 72.1
3 132 92.1
3 161 88.1
3 174 83.1
3 180 180.29999999999998
3 182 96.1
3 191 149.2
3 222 80.1
3 233 134.2
3 240 48.1
3 250 92.1
4 0 67.1
4 5 76.1
4 6 147.2
4 36 139.2
4 39 168.2
4 66 78.1
4 69 242.29999999999998
4 80 70.1
4 96 147.2
4 104 76.1
4 108 198.29999999999998
4 122 64.1
4 148 75.1
4 170 79.1
4 177 144.2
4 186 80.1
4 196 166.2
4 209 232.29999999999998
4 225 145.2
4 243 67.1
4 271 103.1
5 0 80.1
5 2 178.2
5 4 78.1
5 7 96.1
5 11 104.1
5 21 176.2
5 31 104.1
5 50 228.2
5 51 227.2
5 85 214.2
5 90 103.1
5 131 105.1
5 133 155.2
5 136 174.2
5 145 165.2
5 146 266.29999999999995
5 161 295.29999999999995
5 171 92.1
5 240 246.29999999999998
5 249 79.1
6 4 138.2
6 12 120.19999999999999
6 37 158.2
6 44 120.2
6 64 134.2
6 66 62.1
6 80 86.1
6 98 153.2
6 102 206.29999999999998
6 120 63.1
6 158 159.2
6 165 140.2
6 170 59.1
6 172 71.1
6 197 82.1
6 208 69.1
6 209 88.1
6 236 98.1
6 271 71.1
6 281 80.1
7 0 68.1
7 3 96.1
7 5 95.1
7 43 153.2
7 77 158.2
7 90 229.29999999999998
7 106 169.2
7 112 261.29999999999995
7 116 66.1
7 126 98.1
7 134 78.1
7 150 82.1
7 152 74.1
7 174 62.1
7 179 80.1
7 193 65.1
7 200 58.1
7 219 68.1
7 243 228.29999999999998
7 247 78.1
7 258 137.2
7 272 94.1
7 288 102.1
8 2 82.1
8 14 144.2
8 22 139.2
8 31 86.1
8 33 225.29999999999998
8 51 94.1
8 54 85.1
8 65 62.1
8 74 89.1
8 114 69.1
8 122 60.1
8 139 232.29999999999998
8 144 97.1
8 157 208.29999999999998
8 170 125.19999999999999
8 176 154.2
8 196 82.1
8 200 75.1
8 228 81.1
8 231 86.1
8 257 107.1
8 274 96.1
8 282 104.1
9 10 87.1
9 11 252.29999999999998
9 19 71.1
9 29 91.1
9 46 243.29999999999998
9 52 146.2
9 79 138.2
9 113 154.2
9 119 166.2
9 157 67.1
9 174 198.29999999999998
9 201 161.2
9 208 73.1
9 227 82.1
9 248 96.1
9 271 110.1
9 284 140.2
9 287 95.1
10 3 143.2
10 9 76.1
10 48 225.29999999999998
10 83 49.1
10 84 98.1
10 89 97.1
10 91 95.1
10 99 152.2
10 114 152.2
10 120 109.2
10 122 103.1
10 140 74.1
10 163 106.1
10 165 82.1
10 170 66.1
10 180 187.2
10 191 150.2
10 201 70.1
10 233 133.2
10 249 90.1
10 250 99.1
10 265 84.1
11 5 85.1
11 9 225.29999999999998
11 46 150.2
11 52 166.2
11 75 89.1
11 79 210.29999999999998
11 113 133.2
11 116 97.1
11 119 165.2
11 169 82.1
11 174 173.2
11 183 115.1
11 201 152.2
11 219 94.1
11 226 107.1
11 232 89.1
11 243 68.1
11 284 125.19999999999999
12 6 111.2
12 22 62.1
12 37 131.2
12 44 108.2
12 64 187.29999999999998
12 81 90.1
12 98 154.2
12 99 49.1
12 102 127.19999999999999
12 105 59.1
12 129 49.1
12 147 66.1
12 158 172.3
12 165 129.2
12 175 76.1
12 199 87.1
12 214 72.1
12 223 66.1
12 279 71.1
13 14 77.1
13 34 210.29999999999998
13 60 126.19999999999999
13 64 80.1
13 66 178.2
13 79 69.1
13 102 67.1
13 129 154.2
13 142 111.2
13 147 134.2
13 164 257.29999999999995
13 175 219.29999999999998
13 177 62.1
13 180 65.1
13 236 155.2
13 286 166.2
14 8 151.2
14 13 92.1
14 20 90.1
14 22 155.2
14 33 179.2
14 48 86.1
14 54 96.1
14 139 240.29999999999998
14 157 159.2
14 170 183.2
14 176 152.2
14 195 95.1
14 208 145.2
14 219 112.1
14 228 89.1
14 238 76.1
14 248 94.1
14 251 100.1
14 277 108.1
15 2 146.2
15 25 65.1
15 29 183.29999999999998
15 41 51.1
15 49 53.1
15 75 129.2
15 111 42.1
15 122 122.19999999999999
15 125 68.1
15 128 131.2
15 132 112.2
15 136 72.1
15 140 76.1
15 144 66.1
15 173 117.2
15 213 68.1
15 222 64.1
15 247 77.1
15 266 61.1
15 285 73.1
16 27 88.1
16 39 64.1
16 55 160.2
16 57 77.1
16 59 179.2
16 129 83.1
16 142 68.1
16 156 155.2
16 175 77.1
16 199 157.2
16 224 121.19999999999999
16 236 70.1
16 263 69.1
16 264 167.2
16 271 149.2
16 279 73.1
17 29 59.1
17 32 59.1
17 45 56.1
17 49 102.2
17 72 103.2
17 74 62.1
17 75 51.1
17 83 74.1
17 88 86.1
17 100 81.1
17 109 115.2
17 111 65.1
17 134 220.29999999999998
17 141 130.2
17 160 124.2
17 162 62.1
17 180 66.1
17 203 74.1
17 244 81.1
17 246 145.2
18 45 65.1
18 47 175.2
18 56 68.1
18 68 73.1
18 76 46.1
18 97 151.2
18 127 65.1
18 155 87.1
18 158 65.1
18 181 87.1
18 189 85.1
18 192 182.2
18 219 80.1
18 220 218.29999999999998
18 226 73.1
18 251 108.2
18 256 61.1
18 261 110.1
19 0 166.2
19 2 92.1
19 9 72.1
19 27 165.2
19 46 91.1
19 77 78.1
19 119 80.1
19 137 211.2
19 154 144.2
19 200 135.2
19 208 225.29999999999998
19 211 83.1
19 252 186.2
19 258 83.1
19 259 76.1
19 268 57.1
19 269 84.1
19 274 101.1
20 14 86.1
20 23 69.1
20 44 61.1
20 51 88.1
20 80 153.2
20 98 83.1
20 109 91.1
20 114 60.1
20 124 179.2
20 125 67.1
20 142 73.1
20 143 153.2
20 156 79.1
20 179 57.1
20 199 87.1
20 210 152.2
20 223 148.2
20 256 74.1
20 263 234.29999999999998
20 270 81.1
20 279 143.2
21 5 117.2
21 26 57.1
21 42 130.2
21 50 148.2
21 51 135.2
21 72 44.1
21 108 61.1
21 133 108.2
21 136 93.2
21 145 106.2
21 146 89.2
21 160 44.1
21 161 128.2
21 202 65.1
21 224 57.1
21 240 93.2
21 264 62.1
22 8 149.2
22 12 65.1
22 14 143.2
22 33 131.2
22 40 62.1
22 44 53.1
22 65 67.1
22 90 81.1
22 96 79.1
22 99 63.1
22 101 67.1
22 113 72.1
22 127 83.1
22 139 148.2
22 157 154.2
22 170 170.3
22 174 49.1
22 176 154.2
22 271 84.1
22 277 98.1
23 20 65.1
23 37 61.1
23 59 93.1
23 66 173.2
23 71 77.1
23 81 206.29999999999998
23 82 139.2
23 123 57.1
23 124 67.1
23 131 70.1
23 140 55.1
23 143 66.1
23 184 179.2
23 188 71.1
23 194 141.2
23 212 156.2
23 223 66.1
23 253 64.1
23 283 133.2
23 286 83.1
24 32 70.1
24 53 123.19999999999999
24 58 131.2
24 68 131.2
24 85 140.2
24 87 123.2
24 93 58.1
24 95 69.1
24 107 53.1
24 159 164.3
24 190 144.2
24 202 222.29999999999998
24 235 62.1
24 284 70.1
24 285 135.2
25 1 184.2
25 15 69.1
25 28 156.2
25 29 92.1
25 33 77.1
25 35 148.2
25 38 161.2
25 73 135.2
25 74 149.2
25 89 175.2
25 110 167.2
25 144 82.1
25 145 67.1
25 157 69.1
25 165 99.1
25 171 67.1
25 178 159.2
25 224 81.1
25 231 92.1
25 233 92.1
25 273 85.1
26 2 63.1
26 21 75.1
26 30 80.1
26 86 147.2
26 94 70.1
26 103 152.2
26 123 123.19999999999999
26 130 126.19999999999999
26 137 62.1
26 174 62.1
26 218 187.29999999999998
26 227 133.2
26 231 158.2
26 241 73.1
26 249 137.2
26 250 157.2
27 16 86.1
27 19 147.2
27 31 62.1
27 32 78.1
27 33 77.1
27 36 61.1
27 37 88.1
27 54 55.1
27 55 78.1
27 101 71.1
27 110 54.1
27 119 60.1
27 122 47.1
27 125 91.1
27 157 67.1
27 179 49.1
27 205 66.1
27 219 97.1
27 234 70.1
27 247 78.1
27 257 83.1
27 259 64.1
27 267 83.1
27 268 45.1
27 276 115.1
27 281 85.1
27 289 88.1
28 1 160.2
28 3 47.1
28 25 136.2
28 31 90.1
28 35 161.2
28 38 131.2
28 67 99.1
28 69 77.1
28 71 65.1
28 73 140.2
28 74 139.2
28 75 86.1
28 89 162.2
28 110 144.2
28 139 71.1
28 153 88.1
28 175 81.1
28 178 149.2
28 257 80.1
29 0 59.1
29 2 165.2
29 9 82.1
29 15 218.29999999999998
29 17 63.1
29 25 74.1
29 52 54.1
29 75 177.2
29 83 57.1
29 90 78.1
29 91 84.1
29 122 200.29999999999998
29 128 167.2
29 132 156.2
29 140 63.1
29 161 71.1
29 170 50.1
29 173 220.29999999999998
29 183 79.1
29 218 79.1
29 221 97.1
29 225 83.1
30 1 85.1
30 26 86.1
30 47 138.2
30 56 181.2
30 90 75.1
30 116 175.2
30 151 142.2
30 183 250.29999999999998
30 189 85.1
30 192 81.1
30 219 92.1
30 238 66.1
30 242 165.2
30 243 91.1
30 260 154.2
30 288 230.2
31 5 79.1
31 8 84.1
31 27 73.1
31 28 91.1
31 40 146.2
31 55 92.1
31 57 164.2
31 66 80.1
31 79 69.1
31 81 75.1
31 105 192.29999999999998
31 117 167.2
31 121 253.29999999999998
31 149 75.1
31 159 78.1
31 194 84.1
31 197 140.2
31 214 86.1
31 263 58.1
31 280 208.3
32 17 52.1
32 24 74.1
32 27 87.1
32 52 81.1
32 54 91.1
32 59 84.1
32 68 90.1
32 70 209.2
32 76 75.1
32 111 220.29999999999998
32 112 74.1
32 114 82.1
32 132 90.1
32 145 126.19999999999999
32 153 268.29999999999995
32 161 92.1
32 169 165.2
32 213 137.2
32 217 160.2
32 222 229.29999999999998
32 267 164.2
33 8 259.29999999999995
33 14 204.2
33 22 184.2
33 25 90.1
33 27 122.1
33 38 94.1
33 70 98.1
33 77 98.1
33 80 79.1
33 99 88.1
33 104 84.1
33 125 83.1
33 139 173.2
33 157 162.2
33 170 253.29999999999998
33 173 81.1
33 176 273.29999999999995
33 179 58.1
33 211 100.1
33 248 95.1
33 282 118.1
34 13 223.29999999999998
34 51 96.1
34 60 161.2
34 74 80.1
34 77 76.1
34 80 85.1
34 102 74.1
34 117 70.1
34 129 252.29999999999998
34 142 138.2
34 147 272.29999999999995
34 164 147.2
34 175 176.2
34 177 78.1
34 200 88.1
34 236 148.2
34 246 105.1
34 286 193.2
35 1 146.2
35 25 112.19999999999999
35 28 138.2
35 38 127.19999999999999
35 65 54.1
35 73 118.19999999999999
35 74 120.19999999999999
35 89 119.2
35 110 116.2
35 125 56.1
35 149 81.1
35 152 53.1
35 157 55.1
35 178 125.19999999999999
35 203 74.1
35 268 49.1
36 4 119.19999999999999
36 27 74.1
36 39 140.2
36 69 157.2
36 80 59.1
36 82 70.1
36 96 180.2
36 108 113.2
36 117 55.1
36 177 123.19999999999999
36 196 137.2
36 209 256.29999999999995
36 216 70.1
36 225 138.2
36 236 94.1
37 6 193.2
37 12 147.2
37 23 97.1
37 27 92.1
37 39 100.1
37 44 252.29999999999998
37 49 74.1
37 57 104.1
37 59 96.1
37 64 164.2
37 98 176.2
37 102 166.2
37 147 75.1
37 158 227.29999999999998
37 165 148.2
37 172 94.1
37 175 113.1
37 279 90.1
37 283 106.1
38 1 157.2
38 25 163.2
38 28 156.2
38 33 81.1
38 35 171.2
38 64 88.1
38 72 96.1
38 73 152.2
38 74 147.2
38 89 162.2
38 109 77.1
38 110 127.19999999999999
38 148 89.1
38 178 167.2
38 200 88.1
38 211 97.1
38 212 94.1
38 266 89.1
39 4 143.2
39 16 73.1
39 36 157.2
39 37 90.1
39 59 101.1
39 64 94.1
39 69 163.2
39 77 61.1
39 96 172.2
39 108 185.29999999999998
39 129 88.1
39 177 235.29999999999998
39 196 158.2
39 209 165.2
39 225 143.2
40 22 67.1
40 31 130.2
40 57 214.29999999999998
40 90 56.1
40 105 180.3
40 106 123.19999999999999
40 117 132.2
40 121 153.2
40 139 61.1
40 150 51.1
40 191 73.1
40 197 139.2
40 205 65.1
40 215 57.1
40 216 80.1
40 223 91.1
40 252 146.2
40 280 138.2
41 15 61.1
41 42 153.2
41 58 110.2
41 85 80.1
41 94 210.29999999999998
41 95 125.19999999999999
41 135 145.2
41 136 77.1
41 161 60.1
41 187 269.29999999999995
41 190 66.1
41 191 48.1
41 213 60.1
41 216 87.1
41 235 107.2
41 254 115.2
41 261 113.1
41 267 83.1
42 21 122.2
42 41 112.2
42 70 61.1
42 85 82.1
42 94 203.29999999999998
42 95 227.29999999999998
42 104 62.1
42 133 80.1
42 135 136.2
42 136 73.1
42 139 60.1
42 146 73.1
42 153 66.1
42 187 155.2
42 202 78.1
42 235 125.19999999999999
42 254 172.3
43 7 130.2
43 56 73.1
43 63 76.1
43 77 170.2
43 90 147.2
43 106 138.2
43 112 161.2
43 114 74.1
43 118 86.1
43 137 80.1
43 145 74.1
43 207 83.1
43 219 82.1
43 221 86.1
43 243 220.29999999999998
43 249 75.1
43 258 155.2
43 259 101.1
43 265 86.1
44 6 115.2
44 12 127.19999999999999
44 20 80.1
44 22 62.1
44 37 210.29999999999998
44 56 75.1
44 64 165.2
44 98 132.2
44 100 126.1
44 102 143.2
44 104 70.1
44 122 60.1
44 158 113.19999999999999
44 164 66.1
44 165 139.2
44 170 64.1
44 234 63.1
44 253 102.1
44 257 70.1
45 0 54.1
45 17 75.1
45 18 82.1
45 56 85.1
45 72 69.1
45 83 55.1
45 88 74.1
45 91 213.29999999999998
45 118 199.29999999999998
45 134 73.1
45 144 137.2
45 152 131.2
45 154 64.1
45 160 67.1
45 181 103.1
45 238 69.1
45 246 67.1
45 247 61.1
45 256 82.1
45 262 214.29999999999998
45 266 143.2
45 273 94.1
46 9 202.29999999999998
46 11 159.2
46 19 90.1
46 52 234.29999999999998
46 79 159.2
46 112 86.1
46 113 144.2
46 119 171.2
46 125 56.1
46 150 76.1
46 174 136.2
46 201 140.2
46 215 99.1
46 239 78.1
46 249 63.1
46 259 81.1
46 284 134.2
46 287 93.1
47 0 62.1
47 18 195.2
47 30 132.2
47 62 62.1
47 71 64.1
47 76 101.2
47 97 127.19999999999999
47 127 117.19999999999999
47 154 67.1
47 218 148.2
47 230 79.1
47 242 58.1
47 252 65.1
47 256 78.1
47 269 73.1
47 272 72.1
47 282 69.1
48 3 87.2
48 10 243.29999999999998
48 14 72.1
48 79 60.1
48 99 145.2
48 111 69.1
48 112 71.1
48 114 118.2
48 120 101.2
48 122 52.1
48 171 40.1
48 173 72.1
48 180 185.29999999999998
48 191 144.2
48 226 58.1
48 233 118.2
48 240 70.1
49 3 65.1
49 15 51.1
49 17 106.2
49 37 80.1
49 50 84.1
49 72 141.2
49 91 126.19999999999999
49 109 207.29999999999998
49 132 79.1
49 134 220.29999999999998
49 141 143.2
49 150 55.1
49 160 142.2
49 201 69.1
49 222 68.1
49 233 84.1
49 246 157.2
49 262 70.1
49 280 79.1
50 5 175.2
50 21 157.2
50 49 66.1
50 51 221.2
50 58 71.1
50 68 97.1
50 74 103.1
50 91 92.1
50 94 103.1
50 128 109.1
50 133 173.2
50 136 160.2
50 145 152.2
50 146 159.2
50 161 152.2
50 202 80.1
50 240 235.29999999999998
50 246 121.1
51 5 172.2
51 8 82.1
51 20 93.1
51 21 136.2
51 34 91.1
51 50 202.2
51 107 81.1
51 133 158.2
51 135 91.1
51 136 214.29999999999998
51 145 159.2
51 146 164.2
51 153 179.2
51 161 157.2
51 213 160.2
51 240 167.2
51 265 100.1
51 285 160.2
52 9 138.2
52 11 174.2
52 29 69.1
52 32 87.1
52 46 198.29999999999998
52 62 93.1
52 73 79.1
52 79 119.19999999999999
52 106 75.1
52 113 112.2
52 119 165.2
52 120 72.1
52 157 66.1
52 173 79.1
52 174 129.2
52 179 60.1
52 201 120.19999999999999
52 208 91.1
52 271 71.1
52 284 142.2
52 288 89.1
53 24 122.19999999999999
53 92 134.2
53 93 121.19999999999999
53 94 82.1
53 101 150.2
53 104 141.2
53 107 151.2
53 140 124.19999999999999
53 150 107.19999999999999
53 171 117.2
53 182 186.3
53 187 89.1
53 194 50.1
53 202 71.1
53 226 60.1
53 235 122.19999999999999
54 8 58.1
54 14 69.1
54 27 63.1
54 32 66.1
54 86 64.1
54 117 66.1
54 139 59.1
54 172 80.1
54 176 58.1
54 205 192.29999999999998
54 212 46.1
54 216 89.1
54 217 75.1
54 230 105.2
54 232 156.2
54 248 121.2
54 257 147.2
54 275 120.2
54 289 74.1
55 16 172.2
55 27 75.1
55 31 63.1
55 59 155.2
55 64 77.1
55 81 69.1
55 129 76.1
55 156 148.2
55 177 62.1
55 179 49.1
55 199 193.2
55 223 81.1
55 224 126.19999999999999
55 236 82.1
55 263 77.1
55 264 161.2
55 271 155.2
55 279 67.1
56 18 76.1
56 30 167.2
56 43 63.1
56 44 65.1
56 45 76.1
56 97 84.1
56 116 146.2
56 131 63.1
56 151 191.29999999999998
56 155 73.1
56 183 157.2
56 184 77.1
56 188 56.1
56 242 142.2
56 260 126.19999999999999
56 266 63.1
56 288 189.2
57 16 84.1
57 31 130.2
57 37 82.1
57 40 208.29999999999998
57 59 84.1
57 69 74.1
57 105 144.2
57 117 125.19999999999999
57 121 146.2
57 149 71.1
57 158 59.1
57 194 91.1
57 197 136.2
57 262 92.1
57 280 153.2
58 24 112.2
58 41 123.19999999999999
58 50 80.1
58 68 141.2
58 85 154.2
58 87 150.2
58 95 73.1
58 138 82.1
58 159 277.4
58 190 141.2
58 202 149.2
58 235 76.1
58 261 89.1
58 285 157.2
59 16 171.2
59 23 81.1
59 32 68.1
59 37 65.1
59 39 62.1
59 55 155.2
59 57 95.1
59 70 88.1
59 81 79.1
59 98 66.1
59 129 71.1
59 156 160.2
59 162 80.1
59 170 70.1
59 199 180.2
59 224 147.2
59 264 145.2
59 271 166.2
59 289 81.1
60 13 106.2
60 34 129.2
60 102 67.1
60 129 161.2
60 142 135.2
60 143 83.1
60 147 205.29999999999998
60 155 122.2
60 164 147.2
60 175 159.2
60 225 80.1
60 236 197.2
60 245 124.19999999999999
60 264 59.1
60 286 156.2
61 64 52.1
61 66 73.1
61 77 83.1
61 81 67.1
61 87 71.1
61 117 81.1
61 121 62.1
61 135 54.1
61 147 60.1
61 149 117.2
61 151 47.1
61 167 82.1
61 175 89.2
61 192 66.1
61 194 67.1
61 195 136.2
61 206 57.1
61 210 65.1
61 214 148.2
61 223 58.1
61 257 169.2
61 259 73.1
62 47 63.1
62 52 64.1
62 63 143.2
62 114 74.1
62 137 75.1
62 159 86.1
62 186 79.1
62 189 163.2
62 215 150.2
62 219 99.1
62 228 77.1
62 248 148.2
62 255 132.2
62 260 67.1
62 274 214.29999999999998
62 282 145.2
62 284 66.1
62 286 79.1
62 287 156.2
63 43 84.1
63 62 146.2
63 122 71.1
63 142 66.1
63 149 64.1
63 189 161.2
63 208 64.1
63 215 144.2
63 228 71.1
63 248 224.29999999999998
63 255 139.2
63 263 69.1
63 274 165.2
63 282 176.2
63 287 139.2
64 6 108.2
64 12 185.3
64 13 71.1
64 37 142.2
64 38 70.1
64 39 96.1
64 44 109.2
64 55 75.1
64 61 62.1
64 82 71.1
64 98 133.2
64 102 124.19999999999999
64 142 48.1
64 158 101.2
64 165 118.19999999999999
64 177 58.1
64 210 50.1
64 223 54.1
64 279 64.1
65 8 84.1
65 22 84.1
65 35 72.1
65 72 61.1
65 80 58.1
65 90 72.1
65 94 92.1
65 105 63.1
65 118 78.1
65 125 156.2
65 141 74.1
65 143 96.1
65 144 84.1
65 158 71.1
65 160 61.1
65 179 120.2
65 200 75.1
65 203 78.1
65 229 93.1
65 243 83.1
65 247 168.2
65 248 81.1
65 258 81.1
65 270 88.1
65 285 70.1
66 4 58.1
66 6 50.1
66 13 166.2
66 23 170.2
66 31 83.1
66 61 74.1
66 81 144.2
66 82 244.29999999999998
66 184 161.2
66 194 164.2
66 209 67.1
66 212 149.2
66 222 81.1
66 237 91.1
66 277 98.1
66 280 142.2
66 283 185.2
67 28 83.1
67 78 131.2
67 131 140.2
67 148 153.2
67 155 76.1
67 162 254.29999999999998
67 178 59.1
67 179 76.1
67 193 198.29999999999998
67 214 81.1
67 229 161.2
67 231 79.1
67 239 148.2
67 245 167.2
67 266 63.1
68 18 63.1
68 24 110.19999999999999
68 32 81.1
68 50 68.1
68 58 98.2
68 95 114.2
68 136 67.1
68 159 114.2
68 190 158.2
68 202 43.1
68 217 42.1
68 231 71.1
68 235 189.3
68 244 80.1
68 261 160.2
68 268 45.1
69 4 219.29999999999998
69 28 62.1
69 36 144.2
69 39 162.2
69 57 71.1
69 77 80.1
69 96 259.29999999999995
69 102 69.1
69 108 116.2
69 172 85.1
69 177 170.2
69 196 151.2
69 208 62.1
69 209 152.2
69 225 150.2
69 276 96.1
70 32 178.2
70 33 78.1
70 42 62.1
70 59 77.1
70 84 97.1
70 110 77.1
70 111 128.2
70 119 83.1
70 122 80.1
70 148 76.1
70 153 159.2
70 160 63.1
70 169 146.2
70 182 72.1
70 213 145.2
70 217 111.2
70 222 134.2
70 254 68.1
70 267 255.29999999999998
71 1 88.1
71 23 67.1
71 28 74.1
71 47 77.1
71 72 85.1
71 83 132.2
71 88 164.2
71 115 247.29999999999998
71 155 263.29999999999995
71 172 86.1
71 174 84.1
71 181 177.2
71 224 60.1
71 231 81.1
71 233 63.1
71 268 148.2
71 270 89.1
71 273 172.2
72 17 104.2
72 21 60.1
72 38 64.1
72 45 80.1
72 49 144.2
72 65 53.1
72 71 94.1
72 73 58.1
72 75 61.1
72 83 59.1
72 109 176.3
72 134 154.2
72 141 153.2
72 160 229.29999999999998
72 173 86.1
72 219 90.1
72 231 82.1
72 246 146.2
72 268 63.1
72 288 101.1
73 1 168.2
73 25 136.2
73 28 163.2
73 35 172.2
73 38 152.2
73 52 75.1
73 72 82.1
73 74 172.2
73 79 71.1
73 89 182.2
73 105 73.1
73 110 189.2
73 117 96.1
73 178 149.2
73 179 67.1
73 190 90.1
73 200 67.1
73 224 83.1
73 242 84.1
74 1 187.2
74 8 90.1
74 17 69.1
74 25 157.2
74 28 182.2
74 34 103.1
74 35 183.2
74 38 143.2
74 50 105.1
74 73 176.2
74 75 89.1
74 89 158.2
74 95 84.1
74 110 159.2
74 153 86.1
74 171 89.1
74 178 156.2
74 187 103.1
74 194 95.1
74 283 104.1
75 2 235.29999999999998
75 11 87.1
75 15 140.2
75 17 55.1
75 28 85.1
75 29 173.2
75 72 59.1
75 74 64.1
75 88 79.1
75 114 58.1
75 122 143.2
75 128 156.2
75 132 135.2
75 141 65.1
75 173 140.2
75 244 103.1
75 247 72.1
75 266 91.1
75 268 74.1
76 18 59.1
76 32 62.1
76 47 104.2
76 84 175.2
76 100 149.2
76 137 68.1
76 184 64.1
76 192 257.29999999999995
76 201 35.1
76 204 118.2
76 218 91.2
76 251 138.2
76 256 61.1
76 265 170.3
76 269 103.2
76 278 112.19999999999999
77 7 154.2
77 19 90.1
77 33 69.1
77 34 70.1
77 39 57.1
77 43 186.2
77 61 123.1
77 69 90.1
77 89 74.1
77 90 160.2
77 106 152.2
77 112 178.2
77 132 85.1
77 142 63.1
77 163 102.1
77 170 81.1
77 219 53.1
77 243 243.29999999999998
77 252 77.1
77 258 227.29999999999998
78 1 61.1
78 67 136.2
78 131 141.2
78 148 165.2
78 151 62.1
78 162 157.2
78 164 83.1
78 166 79.1
78 189 73.1
78 193 189.29999999999998
78 202 63.1
78 229 250.29999999999998
78 239 167.2
78 245 205.29999999999998
78 281 79.1
78 283 79.1
79 2 75.1
79 9 125.19999999999999
79 11 210.29999999999998
79 13 81.1
79 31 80.1
79 46 159.2
79 48 66.1
79 52 136.2
79 73 66.1
79 113 136.2
79 119 123.19999999999999
79 123 71.1
79 143 75.1
79 174 93.2
79 183 71.1
79 200 85.1
79 201 129.2
79 284 107.2
80 4 66.1
80 6 93.1
80 20 148.2
80 33 72.1
80 34 102.1
80 36 58.1
80 65 54.1
80 113 65.1
80 116 98.1
80 124 178.2
80 143 168.2
80 175 79.1
80 179 64.1
80 209 70.1
80 210 133.2
80 223 180.3
80 259 68.1
80 263 142.2
80 271 80.1
80 279 172.2
81 12 84.1
81 23 257.29999999999995
81 31 71.1
81 55 63.1
81 59 92.1
81 61 78.1
81 66 154.2
81 82 155.2
81 96 66.1
81 124 78.1
81 156 65.1
81 184 152.2
81 188 64.1
81 194 146.2
81 199 80.1
81 210 61.1
81 212 205.29999999999998
81 271 64.1
81 283 171.2
81 286 66.1
82 23 149.2
82 36 73.1
82 64 57.1
82 66 250.29999999999998
82 81 162.2
82 125 66.1
82 139 51.1
82 156 78.1
82 180 60.1
82 184 257.29999999999995
82 194 163.2
82 199 99.1
82 212 160.2
82 223 63.1
82 224 62.1
82 281 74.1
82 283 169.2
83 10 56.1
83 17 62.1
83 29 53.1
83 45 46.1
83 71 164.2
83 72 55.1
83 84 78.1
83 88 155.2
83 115 152.2
83 153 62.1
83 155 236.29999999999998
83 181 223.29999999999998
83 227 57.1
83 238 61.1
83 256 81.1
83 268 191.3
83 273 143.2
83 276 84.1
84 10 79.1
84 70 81.1
84 76 186.2
84 83 59.1
84 86 64.1
84 100 159.2
84 115 68.1
84 120 70.1
84 145 61.1
84 152 65.1
84 192 193.2
84 204 72.1
84 230 73.1
84 231 174.2
84 251 160.2
84 265 166.2
84 269 186.2
84 278 226.29999999999998
85 5 171.2
85 24 150.2
85 41 81.1
85 42 71.1
85 58 134.2
85 87 239.29999999999998
85 94 95.1
85 135 173.2
85 140 74.1
85 159 208.29999999999998
85 189 84.1
85 190 180.2
85 200 77.1
85 202 144.2
85 227 68.1
85 250 93.1
85 285 260.29999999999995
86 0 73.1
86 26 173.2
86 54 81.1
86 84 87.1
86 103 144.2
86 120 75.1
86 123 159.2
86 130 71.1
86 132 77.1
86 134 93.1
86 150 85.1
86 174 82.1
86 185 100.1
86 195 81.1
86 197 67.1
86 203 91.1
86 206 99.1
86 226 190.2
86 230 91.1
86 249 142.2
86 260 63.1
87 24 133.2
87 58 126.19999999999999
87 61 57.1
87 85 236.29999999999998
87 109 49.1
87 149 66.1
87 159 126.19999999999999
87 171 69.1
87 174 58.1
87 182 54.1
87 190 152.2
87 202 122.2
87 217 86.1
87 257 159.2
87 261 95.1
87 285 135.2
88 17 52.1
88 45 62.1
88 71 157.2
88 75 60.1
88 83 125.19999999999999
88 115 152.2
88 136 71.1
88 149 72.1
88 155 153.2
88 181 130.2
88 203 171.2
88 267 68.1
88 268 189.29999999999998
88 273 151.2
88 276 84.1
89 1 187.2
89 10 94.1
89 25 135.2
89 28 170.2
89 35 162.2
89 38 146.2
89 73 161.2
89 74 160.2
89 77 89.1
89 110 164.2
89 119 160.2
89 122 79.1
89 131 96.1
89 147 101.1
89 172 82.1
89 178 181.2
89 184 90.1
89 229 98.1
89 245 89.1
89 247 86.1
90 5 83.1
90 7 170.3
90 22 64.1
90 29 66.1
90 30 66.1
90 40 62.1
90 43 140.2
90 65 61.1
90 77 137.2
90 106 130.2
90 112 122.19999999999999
90 121 69.1
90 159 71.1
90 176 87.1
90 237 64.1
90 243 130.2
90 252 86.1
90 258 115.2
90 280 116.2
91 0 58.1
91 10 75.1
91 29 57.1
91 45 186.29999999999998
91 49 103.2
91 50 91.1
91 114 65.1
91 118 125.2
91 138 71.1
91 144 152.2
91 152 124.19999999999999
91 153 73.1
91 180 56.1
91 192 87.1
91 207 59.1
91 262 155.2
91 266 126.19999999999999
91 271 63.1
91 276 74.1
91 278 73.1
92 53 125.19999999999999
92 93 126.2
92 101 139.2
92 104 130.2
92 107 207.29999999999998
92 123 58.1
92 128 69.1
92 140 153.2
92 146 69.1
92 150 164.3
92 159 57.1
92 171 180.29999999999998
92 182 147.2
92 202 92.1
92 226 78.1
92 249 50.1
92 285 75.1
93 24 79.1
93 53 129.2
93 92 135.2
93 95 67.1
93 101 141.2
93 104 120.19999999999999
93 107 132.2
93 136 91.1
93 140 177.3
93 146 65.1
93 150 112.2
93 169 83.1
93 171 109.2
93 182 167.2
93 231 79.1
93 235 70.1
93 249 76.1
94 26 87.1
94 41 203.29999999999998
94 42 179.29999999999998
94 50 91.1
94 53 77.1
94 65 75.1
94 85 86.1
94 95 138.2
94 104 82.1
94 132 76.1
94 135 131.2
94 136 93.1
94 156 91.1
94 161 77.1
94 187 172.2
94 231 75.1
94 235 233.29999999999998
94 240 60.1
94 254 128.2
94 258 65.1
95 24 68.1
95 41 103.2
95 42 212.29999999999998
95 58 60.1
95 68 154.2
95 74 65.1
95 93 51.1
95 94 135.2
95 107 47.1
95 135 159.2
95 146 54.1
95 187 145.2
95 190 82.1
95 202 67.1
95 235 113.2
95 254 114.2
96 4 114.2
96 22 61.1
96 36 159.2
96 39 135.2
96 69 253.29999999999998
96 81 67.1
96 98 81.1
96 106 67.1
96 108 111.2
96 170 56.1
96 177 149.2
96 196 119.19999999999999
96 200 49.1
96 209 156.2
96 224 68.1
96 225 142.2
96 262 83.1
96 283 98.1
97 18 135.2
97 47 121.2
97 56 64.1
97 127 204.29999999999998
97 151 66.1
97 163 145.2
97 172 126.19999999999999
97 192 149.2
97 195 122.19999999999999
97 220 90.2
97 232 151.2
97 242 64.1
97 243 67.1
97 276 172.2
97 289 219.29999999999998
98 6 150.2
98 12 154.2
98 20 84.1
98 37 159.2
98 44 126.19999999999999
98 59 80.1
98 64 122.19999999999999
98 96 109.1
98 102 164.2
98 156 86.1
98 158 140.2
98 163 76.1
98 165 254.29999999999998
98 210 78.1
98 214 57.1
98 216 92.1
98 224 89.1
98 263 76.1
99 3 103.2
99 10 156.2
99 12 62.1
99 22 54.1
99 33 86.1
99 48 147.2
99 114 115.2
99 119 70.1
99 120 144.2
99 180 145.2
99 191 158.2
99 198 100.1
99 205 82.1
99 212 79.1
99 226 65.1
99 233 199.29999999999998
99 251 93.1
99 258 79.1
99 278 118.1
100 17 58.1
100 44 81.1
100 76 147.2
100 84 199.2
100 122 69.1
100 127 126.19999999999999
100 130 180.2
100 188 89.1
100 192 184.2
100 204 196.2
100 251 183.2
100 265 277.29999999999995
100 269 293.29999999999995
100 278 273.29999999999995
101 22 65.1
101 27 58.1
101 53 157.2
101 92 128.2
101 93 125.19999999999999
101 104 137.2
101 107 218.29999999999998
101 140 160.2
101 146 63.1
101 150 136.2
101 156 76.1
101 171 145.2
101 177 57.1
101 182 166.2
101 191 72.1
101 243 99.1
101 254 57.1
102 1 88.1
102 6 238.29999999999998
102 12 163.2
102 13 96.1
102 34 94.1
102 37 179.2
102 44 152.2
102 60 99.1
102 64 147.2
102 69 82.1
102 98 176.2
102 109 83.1
102 132 73.1
102 144 87.1
102 158 211.29999999999998
102 165 230.29999999999998
102 200 99.1
102 223 93.1
102 225 66.1
102 264 83.1
103 26 145.2
103 86 138.2
103 109 72.1
103 120 37.1
103 123 74.1
103 138 190.2
103 169 69.1
103 204 152.2
103 206 155.2
103 207 134.2
103 218 127.19999999999999
103 226 94.1
103 241 80.1
103 261 203.2
103 264 89.1
103 287 71.1
104 4 65.1
104 33 89.1
104 42 76.1
104 44 63.1
104 53 134.2
104 92 166.2
104 93 126.19999999999999
104 94 95.1
104 101 188.2
104 107 243.29999999999998
104 140 238.29999999999998
104 150 159.2
104 161 67.1
104 171 165.2
104 179 63.1
104 182 224.29999999999998
104 200 99.1
104 240 72.1
105 12 63.1
105 31 174.29999999999998
105 40 209.29999999999998
105 57 174.2
105 65 44.1
105 73 72.1
105 117 205.3
105 121 144.2
105 134 85.1
105 139 56.1
105 164 66.1
105 185 153.2
105 197 136.2
105 232 76.1
105 263 61.1
105 275 129.2
105 280 162.2
106 7 141.2
106 40 139.2
106 43 138.2
106 52 67.1
106 77 154.2
106 90 155.2
106 96 78.1
106 112 290.4
106 117 56.1
106 121 131.2
106 125 63.1
106 155 89.1
106 163 75.1
106 197 73.1
106 218 65.1
106 243 141.2
106 247 69.1
106 252 75.1
106 258 129.2
106 280 73.1
107 24 72.1
107 51 72.1
107 53 159.2
107 92 218.29999999999998
107 93 113.2
107 95 74.1
107 101 233.29999999999998
107 104 249.29999999999998
107 122 68.1
107 140 138.2
107 150 146.2
107 171 142.2
107 182 151.2
107 200 69.1
107 226 84.1
107 240 55.1
107 249 87.1
107 256 75.1
107 265 97.1
108 4 178.3
108 21 54.1
108 36 152.2
108 39 201.3
108 69 138.2
108 96 128.2
108 121 89.1
108 165 57.1
108 176 62.1
108 177 142.2
108 179 57.1
108 189 69.1
108 196 213.29999999999998
108 197 90.1
108 209 145.2
108 225 149.2
108 243 79.1
108 252 65.1
109 17 118.19999999999999
109 20 88.1
109 38 61.1
109 49 200.29999999999998
109 72 185.3
109 87 68.1
109 102 69.1
109 103 79.1
109 122 54.1
109 133 71.1
109 134 171.2
109 141 201.29999999999998
109 160 134.2
109 173 130.2
109 178 66.1
109 203 67.1
109 226 79.1
109 231 78.1
109 246 144.2
109 284 61.1
110 1 142.2
110 25 140.2
110 27 65.1
110 28 143.2
110 35 138.2
110 38 110.2
110 70 82.1
110 73 150.2
110 74 134.2
110 89 135.2
110 125 71.1
110 140 66.1
110 165 82.1
110 178 136.2
110 193 66.1
110 203 95.1
110 208 47.1
110 258 65.1
110 273 72.1
111 15 55.1
111 17 70.1
111 32 231.29999999999998
111 48 61.1
111 70 142.2
111 123 77.1
111 128 61.1
111 153 137.2
111 159 56.1
111 169 228.29999999999998
111 198 53.1
111 200 64.1
111 203 83.1
111 213 189.29999999999998
111 217 146.2
111 222 152.2
111 231 75.1
111 267 164.2
111 285 71.1
112 7 235.29999999999998
112 32 72.1
112 43 163.2
112 46 69.1
112 48 70.1
112 77 135.2
112 90 147.2
112 106 313.4
112 139 76.1
112 140 63.1
112 185 85.1
112 225 88.1
112 243 122.19999999999999
112 255 77.1
112 258 131.2
112 267 81.1
112 274 80.1
113 0 71.1
113 9 144.2
113 11 133.2
113 22 66.1
113 46 128.2
113 52 151.2
113 79 148.2
113 80 82.1
113 119 132.2
113 144 81.1
113 174 215.29999999999998
113 201 202.29999999999998
113 211 94.1
113 219 79.1
113 259 91.1
113 284 111.2
114 2 65.1
114 3 91.2
114 8 68.1
114 10 140.2
114 20 48.1
114 32 72.1
114 43 95.1
114 48 96.2
114 62 75.1
114 75 57.1
114 91 68.1
114 99 118.2
114 120 173.3
114 130 80.1
114 169 51.1
114 180 108.2
114 191 142.2
114 200 74.1
114 233 134.2
114 245 59.1
115 71 203.29999999999998
115 83 84.2
115 84 70.1
115 88 144.2
115 118 80.1
115 125 60.1
115 152 132.2
115 155 156.2
115 179 50.1
115 181 125.2
115 203 69.1
115 229 77.1
115 239 61.1
115 268 94.2
115 273 117.19999999999999
116 7 68.1
116 11 82.1
116 30 172.2
116 56 162.2
116 80 83.1
116 151 249.29999999999998
116 162 83.1
116 183 232.29999999999998
116 200 86.1
116 211 68.1
116 228 169.2
116 232 82.1
116 242 175.2
116 260 261.29999999999995
116 272 98.1
116 288 190.2
117 31 126.19999999999999
117 34 74.1
117 36 54.1
117 40 138.2
117 54 52.1
117 57 138.2
117 61 64.1
117 73 68.1
117 105 179.3
117 106 57.1
117 121 144.2
117 134 89.1
117 157 65.1
117 197 134.2
117 208 67.1
117 275 164.2
117 280 121.19999999999999
118 43 67.1
118 45 179.29999999999998
118 65 68.1
118 91 140.2
118 115 58.1
118 125 63.1
118 144 158.2
118 152 143.2
118 154 62.1
118 160 63.1
118 162 79.1
118 183 66.1
118 190 85.1
118 206 85.1
118 242 77.1
118 246 77.1
118 260 72.1
118 262 165.2
118 266 132.2
118 268 51.1
119 9 175.2
119 11 138.2
119 19 76.1
119 27 99.1
119 46 168.2
119 52 161.2
119 70 110.1
119 79 136.2
119 89 166.2
119 99 110.1
119 113 153.2
119 140 80.1
119 174 237.29999999999998
119 201 165.2
119 211 98.1
119 252 82.1
119 258 68.1
119 259 89.1
119 274 116.1
119 284 184.2
120 3 140.2
120 6 60.1
120 10 117.2
120 48 123.19999999999999
120 52 73.1
120 84 78.1
120 86 83.1
120 99 148.2
120 103 87.1
120 114 188.29999999999998
120 161 65.1
120 178 86.1
120 180 112.19999999999999
120 182 83.1
120 191 146.2
120 226 72.1
120 233 171.3
121 31 205.29999999999998
121 40 154.2
121 57 149.2
121 61 75.1
121 90 71.1
121 105 160.2
121 106 150.2
121 108 68.1
121 117 146.2
121 176 76.1
121 185 110.1
121 197 223.29999999999998
121 205 78.1
121 215 74.1
121 228 64.1
121 252 154.2
121 280 157.2
122 2 242.29999999999998
122 4 67.1
122 8 74.1
122 10 86.1
122 15 115.2
122 27 82.1
122 29 196.29999999999998
122 44 62.1
122 48 82.1
122 63 74.1
122 70 81.1
122 75 158.2
122 89 78.1
122 100 87.1
122 107 82.1
122 109 49.1
122 128 167.2
122 132 221.29999999999998
122 165 76.1
122 173 164.2
122 179 70.1
122 200 62.1
123 3 83.1
123 23 93.1
123 26 132.2
123 79 56.1
123 86 125.19999999999999
123 92 47.1
123 103 69.1
123 111 68.1
123 130 63.1
123 163 73.1
123 169 52.1
123 218 106.2
123 226 117.2
123 227 114.2
123 229 81.1
123 249 177.3
123 250 243.29999999999998
124 20 153.2
124 23 65.1
124 80 131.2
124 81 64.1
124 143 152.2
124 156 73.1
124 167 73.1
124 182 66.1
124 199 90.1
124 210 177.3
124 223 147.2
124 253 70.1
124 263 106.2
124 267 69.1
124 279 136.2
125 15 83.1
125 20 96.1
125 27 89.1
125 33 74.1
125 35 54.1
125 46 63.1
125 65 135.2
125 82 83.1
125 106 60.1
125 110 84.1
125 115 80.1
125 118 74.1
125 141 63.1
125 142 76.1
125 143 87.1
125 144 68.1
125 156 79.1
125 173 84.1
125 179 108.2
125 187 75.1
125 211 76.1
125 229 78.1
125 246 70.1
125 247 121.19999999999999
125 258 77.1
126 7 67.1
126 168 159.2
126 186 118.19999999999999
126 198 180.2
126 211 189.29999999999998
126 220 155.2
126 221 155.2
126 232 117.2
126 238 134.2
126 241 130.2
126 258 53.1
126 260 51.1
126 272 157.2
126 277 138.2
127 18 80.1
127 22 67.1
127 47 122.19999999999999
127 97 230.29999999999998
127 100 150.2
127 163 137.2
127 172 230.29999999999998
127 185 161.2
127 195 153.2
127 220 147.2
127 266 88.1
127 276 146.2
127 289 164.2
128 2 163.2
128 15 154.2
128 29 135.2
128 50 101.1
128 75 141.2
128 92 76.1
128 111 62.1
128 122 148.2
128 132 152.2
128 134 87.1
128 135 66.1
128 141 136.2
128 152 67.1
128 173 205.29999999999998
128 180 64.1
128 257 62.1
128 266 71.1
129 12 51.1
129 13 116.2
129 16 81.1
129 34 204.29999999999998
129 39 74.1
129 55 62.1
129 59 55.1
129 60 127.19999999999999
129 142 114.2
129 147 117.2
129 164 143.2
129 175 139.2
129 177 59.1
129 199 67.1
129 223 60.1
129 236 138.2
129 279 54.1
129 286 122.19999999999999
130 26 117.2
130 86 57.1
130 100 158.2
130 114 75.1
130 123 54.1
130 138 150.2
130 191 45.1
130 198 68.1
130 204 131.2
130 206 135.2
130 207 114.2
130 221 156.2
130 227 135.2
130 256 144.2
130 278 79.1
131 5 81.1
131 23 84.1
131 56 82.1
131 67 127.19999999999999
131 78 142.2
131 89 75.1
131 148 147.2
131 151 81.1
131 162 127.19999999999999
131 166 56.1
131 189 68.1
131 193 111.2
131 196 87.1
131 229 150.2
131 239 134.2
131 245 167.3
131 253 77.1
132 0 51.1
132 2 142.2
132 3 61.1
132 15 119.19999999999999
132 29 145.2
132 32 74.1
132 49 70.1
132 75 149.2
132 77 66.1
132 86 68.1
132 94 61.1
132 102 62.1
132 122 184.3
132 128 143.2
132 141 84.1
132 173 137.2
132 178 77.1
132 233 86.1
133 5 114.2
133 21 114.19999999999999
133 42 68.1
133 50 156.2
133 51 130.2
133 109 60.1
133 135 75.1
133 136 113.2
133 145 114.19999999999999
133 146 126.19999999999999
133 161 119.19999999999999
133 191 57.1
133 202 64.1
133 213 51.1
133 240 114.2
133 254 82.1
134 7 58.1
134 17 229.29999999999998
134 45 71.1
134 49 194.29999999999998
134 72 146.2
134 86 77.1
134 105 86.1
134 109 132.2
134 117 71.1
134 128 85.1
134 141 169.2
134 160 137.2
134 170 82.1
134 203 87.1
134 246 165.2
134 260 97.1
134 273 57.1
135 41 130.2
135 42 124.19999999999999
135 51 82.1
135 61 58.1
135 85 190.2
135 94 139.2
135 95 148.2
135 128 60.1
135 133 83.1
135 140 65.1
135 187 159.2
135 197 69.1
135 199 86.1
135 235 138.2
135 254 177.3
136 5 150.2
136 15 73.1
136 21 100.2
136 41 71.1
136 42 65.1
136 50 185.2
136 51 221.29999999999998
136 68 88.1
136 88 85.1
136 93 85.1
136 94 88.1
136 133 144.2
136 145 144.2
136 146 186.29999999999998
136 161 151.2
136 240 124.19999999999999
136 267 87.1
137 0 156.2
137 19 176.2
137 26 72.1
137 43 101.1
137 62 70.1
137 76 79.1
137 154 147.2
137 200 231.29999999999998
137 208 129.2
137 218 145.2
137 226 72.1
137 227 84.1
137 250 92.1
137 252 244.29999999999998
137 272 87.1
137 288 90.1
138 58 63.1
138 91 63.1
138 103 146.2
138 130 166.2
138 161 75.1
138 173 83.1
138 180 76.1
138 198 74.1
138 204 161.2
138 206 140.2
138 207 112.19999999999999
138 233 67.1
138 244 162.2
138 251 168.2
138 256 135.2
138 265 124.19999999999999
139 8 216.29999999999998
139 14 228.29999999999998
139 22 128.2
139 28 62.1
139 33 138.2
139 40 64.1
139 42 55.1
139 54 71.1
139 82 74.1
139 105 57.1
139 112 84.1
139 157 109.2
139 170 108.2
139 176 144.2
139 185 80.1
139 230 70.1
139 252 68.1
139 255 75.1
139 287 62.1
139 289 105.1
140 10 58.1
140 15 61.1
140 23 85.1
140 29 64.1
140 53 160.2
140 85 60.1
140 92 151.2
140 93 190.29999999999998
140 101 167.2
140 104 221.29999999999998
140 107 131.2
140 110 63.1
140 112 80.1
140 119 83.1
140 135 63.1
140 150 135.2
140 171 133.2
140 182 124.19999999999999
140 193 70.1
140 254 53.1
141 2 90.1
141 17 126.19999999999999
141 49 115.2
141 65 64.1
141 72 129.2
141 75 80.1
141 109 178.29999999999998
141 125 57.1
141 128 143.2
141 132 69.1
141 134 156.2
141 160 132.2
141 173 64.1
141 179 54.1
141 246 131.2
141 247 81.1
141 262 74.1
142 13 106.2
142 16 64.1
142 20 79.1
142 34 127.19999999999999
142 60 129.2
142 63 74.1
142 64 49.1
142 77 49.1
142 125 66.1
142 129 119.2
142 147 135.2
142 164 145.2
142 175 161.2
142 180 66.1
142 223 52.1
142 236 151.2
142 259 73.1
142 279 62.1
142 286 116.2
143 20 159.2
143 23 81.1
143 60 64.1
143 65 82.1
143 79 59.1
143 80 160.2
143 124 163.2
143 125 79.1
143 180 60.1
143 188 62.1
143 196 71.1
143 208 50.1
143 210 192.29999999999998
143 223 223.29999999999998
143 242 69.1
143 263 130.2
143 265 77.1
143 276 74.1
143 279 230.29999999999998
144 8 85.1
144 15 65.1
144 25 83.1
144 45 144.2
144 65 65.1
144 91 156.2
144 102 66.1
144 113 69.1
144 118 154.2
144 125 84.1
144 152 179.2
144 154 84.1
144 187 115.1
144 208 71.1
144 231 83.1
144 238 89.1
144 246 79.1
144 247 64.1
144 262 227.29999999999998
144 266 277.29999999999995
144 277 100.1
145 5 127.19999999999999
145 21 121.2
145 25 65.1
145 32 131.2
145 43 83.1
145 50 150.2
145 51 154.2
145 84 65.1
145 133 134.2
145 136 149.2
145 146 188.29999999999998
145 161 159.2
145 169 111.2
145 240 117.2
145 278 92.1
146 5 220.29999999999998
146 21 111.2
146 42 75.1
146 50 179.2
146 51 167.2
146 92 64.1
146 93 55.1
146 95 49.1
146 101 72.1
146 133 127.19999999999999
146 136 192.29999999999998
146 145 193.29999999999998
146 150 57.1
146 161 144.2
146 182 66.1
146 240 122.2
146 284 62.1
147 12 56.1
147 13 121.19999999999999
147 34 226.29999999999998
147 37 64.1
147 60 212.29999999999998
147 61 80.1
147 89 57.1
147 129 141.2
147 142 161.2
147 164 182.2
147 175 144.2
147 210 58.1
147 214 83.1
147 223 57.1
147 236 200.2
147 286 147.2
148 4 68.1
148 38 67.1
148 67 132.2
148 70 75.1
148 78 141.2
148 131 142.2
148 162 151.2
148 193 126.19999999999999
148 203 172.2
148 217 77.1
148 222 62.1
148 229 147.2
148 239 160.2
148 245 147.2
148 263 63.1
148 266 79.1
149 31 50.1
149 35 52.1
149 57 69.1
149 61 144.2
149 63 61.1
149 87 69.1
149 88 54.1
149 163 103.2
149 172 130.2
149 176 64.1
149 185 45.1
149 194 64.1
149 197 71.1
149 212 118.19999999999999
149 214 137.2
149 237 69.1
149 257 169.2
149 276 167.2
149 289 92.1
150 7 52.1
150 40 63.1
150 46 81.1
150 49 51.1
150 53 126.19999999999999
150 86 67.1
150 92 164.3
150 93 116.19999999999999
150 101 115.2
150 104 141.2
150 107 127.19999999999999
150 140 129.2
150 146 56.1
150 164 69.1
150 171 105.2
150 182 128.2
150 260 54.1
151 30 158.2
151 56 231.29999999999998
151 61 72.1
151 78 67.1
151 97 81.1
151 116 220.29999999999998
151 131 79.1
151 155 73.1
151 165 65.1
151 166 73.1
151 183 147.2
151 185 66.1
151 242 145.2
151 245 79.1
151 260 152.2
151 266 82.1
151 288 182.2
152 7 73.1
152 35 71.1
152 45 114.2
152 84 82.1
152 91 119.2
152 115 122.19999999999999
152 118 142.2
152 128 56.1
152 144 163.2
152 160 167.2
152 197 77.1
152 203 70.1
152 239 148.2
152 247 71.1
152 262 251.29999999999998
152 266 164.2
153 2 110.1
153 28 96.1
153 32 273.29999999999995
153 42 77.1
153 51 197.2
153 70 190.2
153 74 75.1
153 83 61.1
153 91 95.1
153 111 144.2
153 165 93.1
153 169 164.2
153 179 46.1
153 182 91.1
153 213 138.2
153 217 270.29999999999995
153 222 126.19999999999999
153 240 56.1
153 267 179.2
153 285 84.1
154 0 197.3
154 19 144.2
154 45 65.1
154 47 56.1
154 118 76.1
154 137 117.19999999999999
154 144 76.1
154 160 70.1
154 162 61.1
154 185 81.1
154 200 138.2
154 203 72.1
154 208 129.2
154 211 56.1
154 242 72.1
154 247 64.1
154 252 151.2
154 258 47.1
154 262 75.1
155 0 66.1
155 18 95.1
155 56 87.1
155 60 148.2
155 67 79.1
155 71 291.29999999999995
155 83 226.29999999999998
155 88 160.2
155 106 91.1
155 115 178.2
155 151 69.1
155 181 182.2
155 188 52.1
155 193 111.1
155 209 85.1
155 245 79.1
155 268 132.2
155 273 221.29999999999998
155 289 99.1
156 16 154.2
156 20 77.1
156 55 147.2
156 59 172.2
156 81 68.1
156 82 90.1
156 94 67.1
156 98 73.1
156 101 66.1
156 124 79.1
156 125 68.1
156 194 71.1
156 199 165.2
156 224 112.2
156 264 117.2
156 271 146.2
157 8 204.29999999999998
157 9 76.1
157 14 170.2
157 22 138.2
157 25 62.1
157 27 74.1
157 33 148.2
157 35 106.1
157 52 78.1
157 117 103.1
157 139 131.2
157 170 145.2
157 176 161.2
157 179 66.1
157 199 98.1
157 209 93.1
157 211 62.1
157 255 95.1
157 264 85.1
157 280 82.1
157 287 80.1
158 6 169.2
158 12 213.29999999999998
158 18 94.1
158 37 253.29999999999998
158 44 125.19999999999999
158 57 62.1
158 64 143.2
158 65 74.1
158 98 118.19999999999999
158 102 224.29999999999998
158 161 86.1
158 165 147.2
158 169 71.1
158 171 82.1
158 265 96.1
159 24 205.29999999999998
159 31 56.1
159 58 236.4
159 62 90.1
159 68 143.2
159 85 232.29999999999998
159 87 120.2
159 90 79.1
159 92 62.1
159 111 37.1
159 190 140.2
159 202 131.2
159 226 64.1
159 235 62.1
159 285 145.2
160 17 115.19999999999999
160 21 55.1
160 45 64.1
160 49 102.2
160 65 49.1
160 70 61.1
160 72 186.3
160 109 105.2
160 118 60.1
160 134 119.2
160 141 125.19999999999999
160 152 162.2
160 154 60.1
160 239 68.1
160 246 156.2
160 273 59.1
161 3 72.1
161 5 210.29999999999998
161 21 134.2
161 29 68.1
161 32 88.1
161 41 55.1
161 50 144.2
161 51 187.2
161 94 86.1
161 104 65.1
161 120 71.1
161 133 115.2
161 136 135.2
161 138 83.1
161 145 155.2
161 146 115.2
161 158 72.1
161 187 87.1
161 240 132.2
161 246 80.1
162 17 44.1
162 59 95.1
162 67 211.29999999999998
162 78 125.19999999999999
162 116 82.1
162 118 69.1
162 131 124.19999999999999
162 148 149.2
162 154 68.1
162 193 125.19999999999999
162 229 153.2
162 239 162.2
162 245 131.2
162 247 151.2
162 262 55.1
162 280 60.1
162 285 86.1
163 10 57.1
163 77 66.1
163 97 124.2
163 98 58.1
163 106 43.1
163 123 65.1
163 127 112.19999999999999
163 149 84.2
163 167 61.1
163 169 50.1
163 172 146.2
163 195 163.2
163 220 107.2
163 231 60.1
163 237 80.1
163 257 129.2
163 261 69.1
163 276 151.2
163 289 163.2
164 13 264.29999999999995
164 34 138.2
164 44 58.1
164 60 150.2
164 78 97.1
164 105 64.1
164 129 181.2
164 142 158.2
164 147 193.2
164 150 62.1
164 175 206.2
164 210 78.1
164 214 87.1
164 225 82.1
164 236 316.29999999999995
164 271 79.1
164 286 181.2
165 6 152.2
165 10 114.1
165 12 152.2
165 25 97.1
165 37 163.2
165 44 136.2
165 64 149.2
165 98 278.29999999999995
165 102 232.29999999999998
165 108 78.1
165 110 98.1
165 122 79.1
165 151 67.1
165 153 73.1
165 158 122.19999999999999
165 166 77.1
165 196 102.1
165 231 112.1
165 262 99.1
165 281 108.1
166 78 51.1
166 131 58.1
166 151 60.1
166 165 60.1
166 167 115.2
166 188 109.2
166 196 70.1
166 214 58.1
166 216 130.2
166 234 130.2
166 237 144.2
166 253 224.29999999999998
166 270 127.19999999999999
166 276 64.1
166 281 140.2
167 61 87.1
167 124 59.1
167 163 58.1
167 166 89.2
167 184 59.1
167 185 49.1
167 188 107.2
167 216 145.2
167 234 121.19999999999999
167 237 234.29999999999998
167 253 130.2
167 270 128.2
167 281 136.2
167 283 68.1
168 126 161.2
168 186 140.2
168 191 63.1
168 198 189.2
168 204 78.1
168 211 144.2
168 218 58.1
168 221 157.2
168 233 85.1
168 238 193.29999999999998
168 241 168.2
168 244 201.2
168 272 163.2
168 277 175.2
168 278 91.1
169 11 87.1
169 32 176.2
169 70 172.2
169 93 72.1
169 103 74.1
169 111 222.29999999999998
169 114 76.1
169 123 68.1
169 145 122.2
169 153 159.2
169 158 67.1
169 163 89.1
169 198 86.1
169 207 77.1
169 213 164.2
169 217 151.2
169 222 139.2
169 267 241.29999999999998
170 4 75.1
170 6 88.1
170 8 133.2
170 10 78.1
170 14 173.2
170 22 176.3
170 29 66.1
170 33 235.29999999999998
170 44 58.1
170 59 92.1
170 77 82.1
170 96 74.1
170 134 94.1
170 139 137.2
170 157 124.2
170 176 153.2
170 197 73.1
170 215 81.1
170 247 74.1
170 252 91.1
170 282 83.1
171 5 87.1
171 25 63.1
171 48 53.1
171 53 180.2
171 74 80.1
171 87 76.1
171 92 185.3
171 93 125.19999999999999
171 101 150.2
171 104 148.2
171 107 154.2
171 140 151.2
171 150 151.2
171 158 74.1
171 182 148.2
171 213 67.1
171 225 70.1
171 267 110.1
172 6 61.1
172 37 83.1
172 54 82.1
172 69 90.1
172 71 91.1
172 89 63.1
172 97 165.2
172 127 197.29999999999998
172 149 142.2
172 163 155.2
172 184 87.1
172 195 140.2
172 214 87.1
172 220 210.29999999999998
172 259 85.1
172 269 78.1
172 275 76.1
172 276 162.2
172 289 136.2
173 2 168.2
173 15 166.2
173 29 208.29999999999998
173 33 62.1
173 48 73.1
173 52 72.1
173 72 87.1
173 75 155.2
173 109 139.2
173 122 142.2
173 125 85.1
173 128 237.29999999999998
173 132 169.2
173 138 98.1
173 141 81.1
173 203 81.1
174 2 85.1
174 3 74.1
174 7 67.1
174 9 179.3
174 11 137.2
174 22 52.1
174 26 77.1
174 46 139.2
174 52 126.19999999999999
174 71 117.1
174 79 141.2
174 86 71.1
174 87 70.1
174 113 209.29999999999998
174 119 198.29999999999998
174 198 77.1
174 201 145.2
174 218 73.1
174 284 175.29999999999998
175 12 59.1
175 13 177.3
175 16 81.1
175 28 84.1
175 34 142.2
175 37 87.1
175 60 114.2
175 61 110.2
175 80 66.1
175 129 153.2
175 142 143.2
175 147 111.2
175 164 135.2
175 214 60.1
175 236 159.2
175 286 162.2
176 8 119.19999999999999
176 14 143.2
176 22 146.2
176 33 214.29999999999998
176 54 76.1
176 90 73.1
176 108 65.1
176 121 90.1
176 139 126.19999999999999
176 149 78.1
176 157 128.2
176 170 141.2
176 179 50.1
176 184 77.1
176 212 79.1
176 234 70.1
176 259 73.1
176 289 117.1
177 4 119.2
177 13 65.1
177 34 70.1
177 36 116.19999999999999
177 39 210.29999999999998
177 55 59.1
177 64 54.1
177 69 167.2
177 96 143.2
177 101 51.1
177 108 109.19999999999999
177 129 61.1
177 196 126.19999999999999
177 209 120.2
177 225 108.19999999999999
177 279 73.1
178 1 148.2
178 25 125.19999999999999
178 28 127.19999999999999
178 35 131.2
178 38 132.2
178 67 75.1
178 73 123.19999999999999
178 74 104.2
178 89 151.2
178 109 91.1
178 110 121.19999999999999
178 120 72.1
178 132 66.1
178 183 64.1
178 260 78.1
178 266 76.1
178 288 92.1
179 7 63.1
179 20 69.1
179 27 65.1
179 33 60.1
179 52 56.1
179 55 64.1
179 65 127.19999999999999
179 67 81.1
179 73 62.1
179 80 76.1
179 104 59.1
179 108 55.1
179 115 63.1
179 122 60.1
179 125 130.2
179 141 67.1
179 153 62.1
179 157 70.1
179 176 63.1
179 193 55.1
179 213 57.1
179 247 128.2
179 253 74.1
179 257 76.1
179 264 60.1
179 271 71.1
180 2 79.1
180 3 185.3
180 10 166.2
180 13 63.1
180 17 58.1
180 48 188.3
180 82 80.1
180 91 63.1
180 99 129.2
180 114 126.19999999999999
180 120 103.2
180 128 66.1
180 138 86.1
180 142 79.1
180 143 67.1
180 191 130.2
180 233 189.29999999999998
180 256 93.1
180 278 75.1
181 18 80.1
181 45 75.1
181 71 156.2
181 83 187.29999999999998
181 88 124.19999999999999
181 115 119.2
181 155 134.2
181 192 196.2
181 203 97.1
181 231 84.1
181 239 93.1
181 242 86.1
181 259 79.1
181 268 128.2
181 273 153.2
182 3 78.1
182 53 222.29999999999998
182 70 97.1
182 87 76.1
182 92 131.2
182 93 146.2
182 101 157.2
182 104 201.29999999999998
182 107 143.2
182 120 66.1
182 124 106.1
182 140 126.19999999999999
182 146 67.1
182 150 131.2
182 153 85.1
182 171 121.19999999999999
182 201 63.1
183 0 67.1
183 11 93.1
183 29 73.1
183 30 251.29999999999998
183 56 180.2
183 79 69.1
183 116 236.29999999999998
183 118 69.1
183 151 139.2
183 178 73.1
183 189 73.1
183 191 73.1
183 242 241.29999999999998
183 260 127.19999999999999
183 269 86.1
183 288 187.2
184 23 194.2
184 56 70.1
184 66 171.2
184 76 65.1
184 81 150.2
184 82 267.29999999999995
184 89 62.1
184 167 78.1
184 172 67.1
184 176 68.1
184 188 66.1
184 194 245.29999999999998
184 197 60.1
184 212 220.29999999999998
184 216 72.1
184 257 87.1
184 283 169.2
185 86 68.1
185 105 125.19999999999999
185 112 61.1
185 121 95.1
185 127 105.2
185 139 55.1
185 149 66.1
185 151 61.1
185 154 62.1
185 167 61.1
185 192 79.1
185 205 146.2
185 228 68.1
185 230 140.2
185 232 160.2
185 237 78.1
185 259 72.1
185 262 69.1
185 275 141.2
185 282 80.1
186 4 61.1
186 62 68.1
186 126 124.19999999999999
186 168 147.2
186 198 206.29999999999998
186 211 175.29999999999998
186 217 82.1
186 221 163.2
186 230 73.1
186 232 163.2
186 238 210.29999999999998
186 241 116.2
186 259 59.1
186 272 147.2
186 277 153.2
187 41 214.29999999999998
187 42 142.2
187 53 96.1
187 74 80.1
187 94 181.2
187 95 136.2
187 125 65.1
187 135 174.2
187 144 93.1
187 161 98.1
187 216 103.1
187 235 189.2
187 240 65.1
187 254 132.2
187 257 75.1
187 261 116.1
188 23 72.1
188 56 52.1
188 81 65.1
188 100 82.1
188 143 53.1
188 155 49.1
188 166 124.2
188 167 117.19999999999999
188 184 54.1
188 210 50.1
188 214 57.1
188 216 148.2
188 223 54.1
188 234 230.29999999999998
188 237 166.2
188 253 212.29999999999998
188 270 147.2
188 281 159.2
188 289 85.1
189 18 90.1
189 30 87.1
189 62 172.2
189 63 168.2
189 78 69.1
189 85 86.1
189 108 67.1
189 131 78.1
189 183 68.1
189 205 72.1
189 206 85.1
189 215 187.2
189 233 69.1
189 242 91.1
189 248 235.29999999999998
189 255 238.29999999999998
189 274 179.2
189 282 167.2
189 287 236.29999999999998
190 24 152.2
190 41 76.1
190 58 139.2
190 68 195.2
190 73 55.1
190 85 187.2
190 87 163.2
190 95 76.1
190 118 79.1
190 159 159.2
190 202 194.2
190 227 87.1
190 241 97.1
190 251 91.1
190 254 60.1
190 285 297.29999999999995
191 3 107.19999999999999
191 10 122.19999999999999
191 40 66.1
191 41 47.1
191 48 110.2
191 99 122.19999999999999
191 101 52.1
191 114 125.19999999999999
191 120 98.2
191 130 48.1
191 133 49.1
191 168 84.1
191 180 129.2
191 183 70.1
191 233 127.19999999999999
191 256 68.1
192 18 173.2
192 30 79.1
192 61 67.1
192 76 225.29999999999998
192 84 182.2
192 91 78.1
192 97 163.2
192 100 191.2
192 181 205.2
192 185 64.1
192 251 159.2
192 265 172.2
192 269 149.2
192 278 141.2
193 1 56.1
193 7 73.1
193 67 230.29999999999998
193 78 215.29999999999998
193 110 80.1
193 131 145.2
193 140 57.1
193 148 156.2
193 155 101.1
193 162 165.2
193 179 54.1
193 229 154.2
193 231 76.1
193 239 159.2
193 245 144.2
193 254 39.1
194 23 130.2
194 31 60.1
194 53 55.1
194 57 94.1
194 61 63.1
194 66 165.2
194 74 47.1
194 81 137.2
194 82 139.2
194 149 73.1
194 156 83.1
194 184 223.29999999999998
194 212 113.2
194 224 52.1
194 270 74.1
194 283 157.2
195 14 42.1
195 61 129.2
195 86 50.1
195 97 110.2
195 127 96.2
195 163 110.2
195 172 107.2
195 220 171.3
195 237 113.2
195 256 56.1
195 257 130.2
195 259 58.1
195 276 136.2
195 289 164.2
196 4 120.19999999999999
196 8 59.1
196 36 114.2
196 39 159.2
196 69 138.2
196 96 119.19999999999999
196 108 176.29999999999998
196 131 85.1
196 143 94.1
196 165 77.1
196 166 74.1
196 177 138.2
196 209 147.2
196 225 223.29999999999998
196 249 64.1
196 262 67.1
197 6 79.1
197 31 121.19999999999999
197 40 115.2
197 57 171.2
197 86 70.1
197 105 139.2
197 106 68.1
197 108 74.1
197 117 146.2
197 121 210.29999999999998
197 135 62.1
197 149 77.1
197 152 82.1
197 170 58.1
197 184 77.1
197 205 85.1
197 212 48.1
197 280 120.19999999999999
198 99 79.1
198 111 60.1
198 126 180.2
198 130 59.1
198 138 72.1
198 168 178.2
198 169 65.1
198 174 71.1
198 186 198.29999999999998
198 211 137.2
198 221 168.2
198 238 142.2
198 241 166.2
198 272 151.2
198 277 189.2
198 287 74.1
199 12 86.1
199 16 146.2
199 20 82.1
199 55 172.2
199 59 195.2
199 81 75.1
199 82 98.1
199 124 96.1
199 129 93.1
199 135 65.1
199 156 154.2
199 157 86.1
199 224 141.2
199 236 92.1
199 264 144.2
199 271 172.2
199 279 75.1
200 0 157.3
200 7 60.1
200 8 87.1
200 19 160.2
200 34 84.1
200 38 73.1
200 65 68.1
200 73 58.1
200 79 51.1
200 85 92.1
200 96 79.1
200 102 72.1
200 104 86.1
200 107 54.1
200 111 67.1
200 114 70.1
200 116 98.1
200 122 58.1
200 137 232.29999999999998
200 154 162.2
200 208 149.2
200 234 82.1
200 252 174.2
201 9 131.2
201 10 56.1
201 11 134.2
201 46 144.2
201 49 68.1
201 52 136.2
201 76 58.1
201 79 139.2
201 113 208.29999999999998
201 119 134.2
201 174 148.2
201 182 76.1
201 250 72.1
201 256 88.1
201 267 88.1
201 284 141.2
202 21 80.1
202 24 212.29999999999998
202 42 70.1
202 50 101.1
202 53 64.1
202 58 126.19999999999999
202 68 65.1
202 78 73.1
202 85 138.2
202 87 139.2
202 92 86.1
202 95 65.1
202 133 76.1
202 159 144.2
202 190 176.2
202 241 91.1
202 285 152.2
203 17 70.1
203 35 63.1
203 65 51.1
203 86 76.1
203 88 162.2
203 109 54.1
203 110 63.1
203 111 78.1
203 115 81.1
203 134 74.1
203 148 163.2
203 152 86.1
203 154 69.1
203 173 79.1
203 181 90.1
203 229 234.29999999999998
203 239 173.2
203 246 63.1
203 256 59.1
203 268 77.1
204 76 123.19999999999999
204 84 73.1
204 100 157.2
204 103 138.2
204 130 117.2
204 138 148.2
204 168 66.1
204 206 136.2
204 207 121.2
204 227 139.2
204 241 78.1
204 244 142.2
204 251 120.19999999999999
204 256 143.2
204 278 151.2
205 27 62.1
205 40 59.1
205 54 205.29999999999998
205 99 61.1
205 121 74.1
205 185 152.2
205 189 61.1
205 197 49.1
205 215 56.1
205 219 147.2
205 228 150.2
205 230 235.29999999999998
205 232 163.2
205 269 70.1
205 275 148.2
205 289 82.1
206 61 62.1
206 86 67.1
206 103 154.2
206 118 63.1
206 130 145.2
206 138 142.2
206 189 65.1
206 204 172.2
206 207 125.19999999999999
206 227 129.2
206 234 75.1
206 238 77.1
206 244 156.2
206 251 153.2
206 256 160.2
206 269 136.2
207 43 75.1
207 91 54.1
207 103 142.2
207 130 127.19999999999999
207 138 140.2
207 169 46.1
207 204 146.2
207 206 145.2
207 221 60.1
207 244 207.29999999999998
207 249 133.2
207 251 169.2
207 256 146.2
207 265 65.1
207 278 131.2
208 0 181.29999999999998
208 6 59.1
208 9 63.1
208 14 117.19999999999999
208 19 221.29999999999998
208 52 96.1
208 63 75.1
208 69 79.1
208 110 45.1
208 117 57.1
208 137 123.19999999999999
208 143 75.1
208 144 74.1
208 154 134.2
208 200 117.2
208 219 76.1
208 252 126.19999999999999
208 255 63.1
209 4 206.29999999999998
209 6 87.1
209 36 230.29999999999998
209 39 170.2
209 66 82.1
209 69 167.2
209 80 77.1
209 96 155.2
209 108 117.19999999999999
209 155 80.1
209 157 83.1
209 177 132.2
209 196 158.2
209 225 154.2
209 246 86.1
209 247 78.1
209 258 84.1
209 271 83.1
210 20 158.2
210 61 46.1
210 64 75.1
210 80 117.2
210 81 63.1
210 98 71.1
210 124 228.29999999999998
210 143 206.29999999999998
210 147 69.1
210 164 93.1
210 188 52.1
210 214 69.1
210 223 129.2
210 234 63.1
210 247 60.1
210 263 135.2
210 270 65.1
210 279 118.19999999999999
211 19 75.1
211 33 64.1
211 38 65.1
211 113 83.1
211 116 88.1
211 119 75.1
211 125 68.1
211 126 203.29999999999998
211 154 60.1
211 157 59.1
211 168 159.2
211 186 178.29999999999998
211 198 170.2
211 221 182.2
211 238 135.2
211 241 217.29999999999998
211 272 137.2
211 277 152.2
212 23 146.2
212 38 58.1
212 54 60.1
212 66 137.2
212 81 176.3
212 82 151.2
212 99 65.1
212 149 132.2
212 176 71.1
212 184 207.29999999999998
212 194 137.2
212 197 45.1
212 216 98.1
212 247 65.1
212 280 52.1
212 283 239.29999999999998
213 15 61.1
213 32 157.2
213 41 57.1
213 51 167.2
213 70 161.2
213 111 165.3
213 133 70.1
213 153 135.2
213 169 152.2
213 171 68.1
213 179 56.1
213 217 145.2
213 222 136.2
213 250 79.1
213 263 66.1
213 267 155.2
213 285 65.1
214 12 60.1
214 31 55.1
214 61 147.2
214 67 64.1
214 98 54.1
214 147 64.1
214 149 145.2
214 164 73.1
214 166 53.1
214 172 76.1
214 175 74.1
214 188 59.1
214 210 57.1
214 234 54.1
214 236 87.1
214 257 144.2
214 261 169.2
214 264 56.1
214 283 74.1
215 40 68.1
215 46 60.1
215 62 123.2
215 63 146.2
215 121 68.1
215 170 69.1
215 189 148.2
215 205 51.1
215 248 149.2
215 252 68.1
215 255 197.29999999999998
215 274 127.19999999999999
215 280 76.1
215 282 147.2
215 287 154.2
216 36 74.1
216 40 62.1
216 41 60.1
216 54 98.1
216 98 85.1
216 166 140.2
216 167 165.2
216 184 70.1
216 187 98.1
216 188 126.19999999999999
216 212 82.1
216 234 166.3
216 237 173.2
216 253 185.2
216 270 164.2
216 281 275.29999999999995
217 32 138.2
217 54 66.1
217 68 64.1
217 70 151.2
217 87 77.1
217 111 114.19999999999999
217 148 60.1
217 153 241.29999999999998
217 169 123.19999999999999
217 186 87.1
217 213 120.19999999999999
217 222 126.19999999999999
217 261 99.1
217 267 167.2
218 0 61.1
218 2 57.1
218 26 197.29999999999998
218 29 63.1
218 47 135.2
218 76 129.2
218 103 156.2
218 106 57.1
218 123 115.2
218 137 160.2
218 168 85.1
218 174 61.1
218 227 196.29999999999998
218 231 87.1
218 244 85.1
218 249 159.3
218 250 131.2
219 7 48.1
219 11 54.1
219 14 39.1
219 18 58.1
219 27 47.1
219 30 70.1
219 43 41.1
219 62 58.1
219 72 69.1
219 77 54.1
219 113 62.1
219 205 133.2
219 208 46.1
219 220 135.2
219 230 163.2
219 232 153.2
219 259 137.2
219 275 239.29999999999998
219 288 141.2
220 18 184.29999999999998
220 97 106.2
220 126 129.2
220 127 129.2
220 163 107.19999999999999
220 172 170.3
220 195 187.29999999999998
220 219 136.2
220 230 70.1
220 259 131.2
220 261 142.2
220 276 135.2
220 289 145.2
221 29 64.1
221 43 76.1
221 126 152.2
221 130 135.2
221 168 156.2
221 186 135.2
221 198 149.2
221 207 61.1
221 211 142.2
221 238 148.2
221 241 163.2
221 272 166.2
221 277 166.2
222 2 62.1
222 3 77.1
222 15 67.1
222 32 192.29999999999998
222 49 61.1
222 66 87.1
222 70 127.19999999999999
222 111 152.2
222 148 81.1
222 153 116.19999999999999
222 169 133.2
222 213 107.2
222 217 141.2
222 233 69.1
222 250 69.1
222 267 148.2
222 273 46.1
223 12 62.1
223 20 140.2
223 23 65.1
223 40 87.1
223 55 86.1
223 61 73.1
223 64 51.1
223 80 192.29999999999998
223 82 64.1
223 102 74.1
223 124 157.2
223 129 63.1
223 142 50.1
223 143 220.29999999999998
223 147 58.1
223 188 60.1
223 210 109.2
223 263 187.29999999999998
223 279 122.19999999999999
224 16 116.19999999999999
224 21 71.1
224 25 55.1
224 55 117.19999999999999
224 59 165.2
224 71 71.1
224 73 54.1
224 82 72.1
224 96 72.1
224 98 70.1
224 156 127.19999999999999
224 194 64.1
224 199 127.19999999999999
224 255 56.1
224 264 125.19999999999999
224 271 131.2
225 4 122.19999999999999
225 29 62.1
225 36 97.2
225 39 130.2
225 60 74.1
225 69 157.2
225 96 138.2
225 102 52.1
225 108 114.19999999999999
225 112 70.1
225 164 80.1
225 171 64.1
225 177 100.2
225 196 182.29999999999998
225 209 135.2
225 264 66.1
226 11 91.1
226 18 76.1
226 48 65.1
226 53 62.1
226 86 135.2
226 92 73.1
226 99 52.1
226 103 90.1
226 107 74.1
226 109 64.1
226 120 51.1
226 123 109.2
226 137 73.1
226 159 75.1
226 227 57.1
226 230 81.1
226 249 115.19999999999999
226 250 78.1
226 260 70.1
226 283 96.1
226 284 62.1
226 288 175.2
227 9 56.1
227 26 113.2
227 83 55.1
227 85 69.1
227 123 110.2
227 130 132.2
227 137 69.1
227 190 78.1
227 204 137.2
227 206 152.2
227 218 178.3
227 226 72.1
227 244 156.2
227 249 112.2
227 250 146.2
227 273 74.1
228 8 65.1
228 14 58.1
228 62 69.1
228 63 65.1
228 116 141.2
228 121 63.1
228 185 73.1
228 205 143.2
228 230 133.2
228 232 169.2
228 248 65.1
228 274 159.2
228 275 215.29999999999998
228 282 172.2
228 287 137.2
229 1 62.1
229 65 61.1
229 67 150.2
229 78 213.29999999999998
229 89 92.1
229 115 76.1
229 123 80.1
229 125 76.1
229 131 144.2
229 148 142.2
229 162 127.19999999999999
229 193 144.2
229 203 272.29999999999995
229 239 164.2
229 245 154.2
230 47 78.1
230 54 127.19999999999999
230 84 71.1
230 86 87.1
230 139 65.1
230 185 167.2
230 186 63.1
230 205 268.29999999999995
230 219 196.2
230 220 87.1
230 226 85.1
230 228 140.2
230 232 253.29999999999998
230 238 68.1
230 270 79.1
230 275 230.29999999999998
231 8 78.1
231 25 78.1
231 26 139.2
231 67 81.1
231 68 83.1
231 71 96.1
231 72 65.1
231 84 147.2
231 93 52.1
231 94 70.1
231 109 67.1
231 111 64.1
231 144 78.1
231 163 72.1
231 165 70.1
231 181 68.1
231 193 66.1
231 218 81.1
231 261 99.1
231 268 124.19999999999999
231 273 77.1
232 11 66.1
232 54 125.19999999999999
232 97 154.2
232 105 56.1
232 116 75.1
232 126 126.19999999999999
232 185 122.19999999999999
232 186 145.2
232 205 153.2
232 219 147.2
232 228 136.2
232 230 196.29999999999998
232 275 121.19999999999999
233 3 125.19999999999999
233 10 130.2
233 25 68.1
233 48 115.19999999999999
233 49 74.1
233 71 80.1
233 99 215.29999999999998
233 114 136.2
233 120 184.3
233 132 79.1
233 138 91.1
233 168 83.1
233 180 168.29999999999998
233 189 73.1
233 191 142.2
233 222 64.1
233 250 82.1
234 27 73.1
234 44 59.1
234 166 159.2
234 167 154.2
234 176 59.1
234 188 216.29999999999998
234 200 74.1
234 206 78.1
234 210 58.1
234 214 78.1
234 216 226.29999999999998
234 237 169.2
234 253 153.2
234 270 137.2
234 281 152.2
235 24 55.1
235 41 106.2
235 42 129.2
235 53 115.2
235 58 77.1
235 68 226.29999999999998
235 93 57.1
235 94 235.29999999999998
235 95 148.2
235 135 158.2
235 159 79.1
235 187 207.2
235 254 118.19999999999999
236 6 68.1
236 13 134.2
236 16 64.1
236 34 134.2
236 36 74.1
236 55 80.1
236 60 174.2
236 129 132.2
236 142 141.2
236 147 159.2
236 164 240.29999999999998
236 175 171.2
236 199 110.1
236 214 78.1
236 263 74.1
236 286 142.2
237 66 79.1
237 90 70.1
237 149 67.1
237 163 89.1
237 166 148.2
237 167 216.29999999999998
237 185 53.1
237 188 125.19999999999999
237 195 160.2
237 216 164.2
237 234 160.2
237 253 180.2
237 270 125.2
237 275 94.1
237 281 151.2
238 14 44.1
238 30 63.1
238 45 68.1
238 83 46.1
238 126 155.2
238 144 80.1
238 168 205.3
238 186 213.29999999999998
238 198 158.2
238 206 71.1
238 211 138.2
238 221 160.2
238 230 75.1
238 241 130.2
238 243 74.1
238 256 70.1
238 272 163.2
238 277 146.2
239 1 57.1
239 46 52.1
239 67 155.2
239 78 161.2
239 115 62.1
239 131 135.2
239 148 149.2
239 152 148.2
239 160 67.1
239 162 147.2
239 181 78.1
239 193 138.2
239 203 180.2
239 229 159.2
239 245 148.2
239 267 86.1
240 3 56.1
240 5 194.29999999999998
240 21 123.19999999999999
240 48 69.1
240 50 231.29999999999998
240 51 189.2
240 94 80.1
240 104 71.1
240 107 75.1
240 133 114.2
240 136 105.2
240 145 129.2
240 146 115.2
240 153 59.1
240 161 152.2
240 187 88.1
241 26 69.1
241 103 77.1
241 126 146.2
241 168 183.2
241 186 121.2
241 190 75.1
241 198 166.2
241 202 83.1
241 204 77.1
241 211 221.29999999999998
241 221 179.2
241 238 138.2
241 272 150.2
241 277 252.29999999999998
241 283 67.1
242 30 146.2
242 47 71.1
242 56 179.2
242 73 62.1
242 97 63.1
242 116 149.2
242 118 67.1
242 143 66.1
242 151 145.2
242 154 69.1
242 181 49.1
242 183 231.29999999999998
242 189 83.1
242 253 97.1
242 260 159.2
242 288 186.2
243 4 60.1
243 7 225.29999999999998
243 11 58.1
243 30 93.1
243 43 249.29999999999998
243 65 71.1
243 77 243.29999999999998
243 90 136.2
243 97 81.1
243 101 80.1
243 106 158.2
243 108 64.1
243 112 136.2
243 238 73.1
243 246 80.1
243 258 134.2
243 270 86.1
244 2 76.1
244 17 70.1
244 68 62.1
244 75 73.1
244 138 152.2
244 168 174.2
244 204 143.2
244 206 146.2
244 207 196.29999999999998
244 218 58.1
244 227 150.2
244 250 178.2
244 256 67.1
244 261 189.2
244 272 81.1
245 1 64.1
245 60 118.2
245 67 137.2
245 78 197.3
245 89 52.1
245 114 44.1
245 131 183.29999999999998
245 148 162.2
245 151 52.1
245 155 70.1
245 162 134.2
245 193 131.2
245 229 160.2
245 239 133.2
245 255 75.1
245 265 55.1
246 0 74.1
246 1 107.1
246 17 169.2
246 34 110.1
246 45 65.1
246 49 162.2
246 50 111.1
246 72 166.2
246 109 143.2
246 118 68.1
246 125 73.1
246 134 193.2
246 141 161.2
246 144 82.1
246 160 178.2
246 161 74.1
246 203 86.1
246 209 77.1
246 243 69.1
246 247 90.1
246 266 79.1
247 7 72.1
247 15 59.1
247 27 92.1
247 45 53.1
247 65 129.2
247 75 62.1
247 89 89.1
247 106 58.1
247 125 116.2
247 141 83.1
247 144 66.1
247 152 73.1
247 154 67.1
247 162 145.2
247 170 67.1
247 179 111.2
247 209 75.1
247 210 61.1
247 212 78.1
247 246 79.1
247 262 69.1
247 266 158.2
248 9 69.1
248 14 77.1
248 33 65.1
248 54 135.2
248 62 120.19999999999999
248 63 258.29999999999995
248 65 64.1
248 189 197.29999999999998
248 215 174.2
248 228 62.1
248 255 136.2
248 274 150.2
248 282 143.2
248 287 154.2
249 5 75.1
249 10 64.1
249 26 139.2
249 43 82.1
249 46 56.1
249 86 129.2
249 92 57.1
249 93 93.1
249 107 88.1
249 123 192.29999999999998
249 196 82.1
249 207 149.2
249 218 171.3
249 226 165.2
249 227 120.2
249 250 169.2
249 285 70.1
250 3 85.1
250 10 96.1
250 26 160.2
250 85 86.1
250 123 243.29999999999998
250 137 58.1
250 201 69.1
250 213 66.1
250 218 133.2
250 222 85.1
250 226 77.1
250 227 136.2
250 233 75.1
250 244 186.2
250 249 148.2
250 254 66.1
250 269 90.1
250 273 92.1
251 14 45.1
251 18 116.2
251 76 106.2
251 84 152.2
251 99 45.1
251 100 135.2
251 138 138.2
251 190 70.1
251 192 135.2
251 204 124.2
251 206 130.2
251 207 118.2
251 265 199.29999999999998
251 269 136.2
251 278 115.19999999999999
252 0 131.2
252 19 160.2
252 40 141.2
252 47 67.1
252 77 79.1
252 90 66.1
252 106 65.1
252 108 48.1
252 119 60.1
252 121 137.2
252 137 228.29999999999998
252 139 76.1
252 154 151.2
252 170 73.1
252 200 133.2
252 208 132.2
252 215 99.1
252 282 90.1
253 23 97.1
253 44 69.1
253 124 83.1
253 131 72.1
253 166 217.29999999999998
253 167 140.2
253 179 54.1
253 188 183.29999999999998
253 216 172.2
253 234 171.2
253 237 184.2
253 242 96.1
253 265 86.1
253 270 164.2
253 281 170.2
254 41 92.2
254 42 146.3
254 70 64.1
254 94 116.19999999999999
254 95 124.19999999999999
254 101 43.1
254 133 68.1
254 135 191.3
254 140 51.1
254 187 149.2
254 190 67.1
254 193 55.1
254 235 100.2
254 250 68.1
254 261 88.1
254 263 54.1
255 62 122.19999999999999
255 63 165.2
255 112 70.1
255 139 60.1
255 157 65.1
255 189 221.29999999999998
255 208 56.1
255 215 254.29999999999998
255 224 58.1
255 245 71.1
255 248 146.2
255 274 230.29999999999998
255 279 83.1
255 282 181.2
255 287 156.2
256 18 62.1
256 20 64.1
256 45 54.1
256 47 51.1
256 76 49.1
256 83 45.1
256 107 61.1
256 130 134.2
256 138 155.2
256 180 76.1
256 191 66.1
256 195 71.1
256 201 59.1
256 203 50.1
256 204 147.2
256 206 148.2
256 207 108.2
256 238 52.1
256 244 62.1
256 278 151.2
257 8 79.1
257 27 64.1
257 28 62.1
257 44 43.1
257 54 130.2
257 61 176.2
257 87 120.2
257 128 46.1
257 149 160.2
257 163 154.2
257 179 57.1
257 184 75.1
257 187 82.1
257 195 138.2
257 214 122.19999999999999
257 261 169.2
257 276 160.2
258 7 105.2
258 19 78.1
258 43 146.2
258 65 55.1
258 77 204.29999999999998
258 90 120.19999999999999
258 94 69.1
258 99 65.1
258 106 123.19999999999999
258 110 51.1
258 112 127.19999999999999
258 119 62.1
258 125 61.1
258 126 70.1
258 154 62.1
258 209 68.1
258 243 139.2
258 279 60.1
259 19 57.1
259 27 54.1
259 43 69.1
259 46 62.1
259 61 86.1
259 80 43.1
259 113 68.1
259 119 54.1
259 142 52.1
259 172 67.1
259 176 55.1
259 181 77.1
259 185 68.1
259 186 61.1
259 195 70.1
259 219 150.2
259 220 159.2
259 269 74.1
259 275 88.1
259 283 73.1
259 289 100.1
260 0 47.1
260 30 133.2
260 56 138.2
260 62 76.1
260 86 52.1
260 116 241.29999999999998
260 118 83.1
260 126 50.1
260 134 87.1
260 150 53.1
260 151 136.2
260 178 64.1
260 183 130.2
260 226 81.1
260 242 129.2
260 288 142.2
261 18 89.1
261 41 72.1
261 58 83.1
261 68 165.2
261 87 88.1
261 103 151.2
261 163 74.1
261 187 104.1
261 214 183.2
261 217 89.1
261 220 155.2
261 231 92.1
261 244 173.2
261 254 65.1
261 257 153.2
261 267 87.1
261 276 151.2
262 45 229.29999999999998
262 49 60.1
262 57 90.1
262 91 143.2
262 96 69.1
262 118 170.2
262 141 73.1
262 144 241.29999999999998
262 152 257.29999999999995
262 154 73.1
262 162 73.1
262 165 76.1
262 185 75.1
262 196 78.1
262 247 65.1
262 266 152.2
262 286 84.1
263 16 65.1
263 20 247.29999999999998
263 31 52.1
263 55 64.1
263 63 65.1
263 80 131.2
263 98 69.1
263 105 47.1
263 124 136.2
263 143 120.2
263 148 58.1
263 210 124.19999999999999
263 213 53.1
263 223 177.3
263 236 79.1
263 254 55.1
263 264 89.1
263 279 127.19999999999999
264 16 162.2
264 21 56.1
264 55 179.2
264 59 174.2
264 60 84.1
264 102 76.1
264 103 75.1
264 156 120.19999999999999
264 157 59.1
264 179 56.1
264 199 149.2
264 214 74.1
264 224 135.2
264 225 69.1
264 263 71.1
264 271 145.2
264 286 74.1
265 10 65.1
265 43 72.1
265 51 80.1
265 76 168.3
265 84 181.2
265 100 199.3
265 107 63.1
265 138 139.2
265 143 65.1
265 158 52.1
265 192 192.2
265 207 71.1
265 245 44.1
265 251 248.29999999999998
265 253 79.1
265 269 158.2
265 278 155.2
266 15 62.1
266 38 65.1
266 45 120.19999999999999
266 56 64.1
266 67 73.1
266 75 66.1
266 91 119.19999999999999
266 118 117.19999999999999
266 127 72.1
266 128 55.1
266 144 223.29999999999998
266 148 73.1
266 151 74.1
266 152 143.2
266 178 68.1
266 246 59.1
266 247 132.2
266 262 117.2
267 0 75.1
267 27 82.1
267 32 150.2
267 41 67.1
267 70 252.29999999999998
267 88 66.1
267 111 143.2
267 112 66.1
267 124 77.1
267 136 70.1
267 153 150.2
267 169 196.29999999999998
267 171 78.1
267 201 77.1
267 213 140.2
267 217 152.2
267 222 141.2
267 239 84.1
267 261 81.1
268 19 49.1
268 27 62.1
268 35 61.1
268 68 67.1
268 71 154.2
268 72 44.1
268 75 57.1
268 83 154.3
268 88 207.29999999999998
268 115 118.19999999999999
268 118 48.1
268 155 112.2
268 181 145.2
268 203 65.1
268 231 125.19999999999999
268 273 117.19999999999999
269 0 56.1
269 19 62.1
269 47 63.1
269 76 92.2
269 84 183.2
269 100 260.29999999999995
269 172 59.1
269 183 70.1
269 192 131.2
269 205 66.1
269 206 128.2
269 250 74.1
269 251 140.2
269 259 77.1
269 265 124.19999999999999
269 278 150.2
270 20 68.1
270 65 53.1
270 71 80.1
270 166 122.19999999999999
270 167 121.19999999999999
270 188 112.2
270 194 68.1
270 210 62.1
270 216 144.2
270 230 56.1
270 234 126.19999999999999
270 237 132.2
270 243 73.1
270 253 139.2
270 276 72.1
270 281 142.2
271 4 67.1
271 6 60.1
271 9 68.1
271 16 182.2
271 22 57.1
271 52 70.1
271 55 158.2
271 59 193.2
271 80 72.1
271 81 80.1
271 91 71.1
271 156 173.2
271 164 74.1
271 179 67.1
271 199 186.2
271 209 81.1
271 224 128.2
271 264 167.2
271 281 94.1
272 7 57.1
272 47 62.1
272 116 77.1
272 126 128.2
272 137 77.1
272 168 142.2
272 186 124.19999999999999
272 198 157.2
272 211 113.2
272 221 154.2
272 238 135.2
272 241 112.2
272 244 72.1
272 277 135.2
272 286 66.1
273 25 51.1
273 45 59.1
273 71 147.2
273 83 100.2
273 88 131.2
273 110 68.1
273 115 131.2
273 134 58.1
273 155 172.29999999999998
273 160 61.1
273 181 146.2
273 222 52.1
273 227 65.1
273 231 74.1
273 250 63.1
273 268 107.2
274 8 75.1
274 19 76.1
274 62 196.29999999999998
274 63 153.2
274 112 63.1
274 119 68.1
274 189 147.2
274 215 120.19999999999999
274 228 127.19999999999999
274 248 114.19999999999999
274 255 206.29999999999998
274 275 150.2
274 282 132.2
274 287 118.2
275 54 140.2
275 105 129.2
275 117 137.2
275 172 73.1
275 185 152.2
275 205 155.2
275 219 261.29999999999995
275 228 219.29999999999998
275 230 212.29999999999998
275 232 144.2
275 237 93.1
275 259 82.1
275 274 112.2
276 27 76.1
276 69 76.1
276 83 52.1
276 88 62.1
276 91 58.1
276 97 139.2
276 127 129.2
276 143 61.1
276 149 158.2
276 163 159.2
276 166 55.1
276 172 126.19999999999999
276 195 158.2
276 220 123.2
276 257 157.2
276 261 154.2
276 270 62.1
276 289 100.1
277 0 70.1
277 14 91.1
277 22 74.1
277 66 89.1
277 126 135.2
277 144 98.1
277 168 170.2
277 186 152.2
277 198 171.2
277 211 157.2
277 221 170.2
277 238 140.2
277 241 213.29999999999998
277 272 152.2
278 76 120.19999999999999
278 84 221.29999999999998
278 91 66.1
278 99 67.1
278 100 234.29999999999998
278 130 70.1
278 145 74.1
278 168 80.1
278 180 60.1
278 192 134.2
278 204 137.2
278 207 126.19999999999999
278 251 120.2
278 256 148.2
278 265 147.2
278 269 141.2
279 12 62.1
279 16 64.1
279 20 133.2
279 37 65.1
279 55 69.1
279 64 54.1
279 80 119.2
279 124 152.2
279 129 58.1
279 142 60.1
279 143 204.29999999999998
279 177 66.1
279 199 69.1
279 210 117.19999999999999
279 223 109.2
279 255 68.1
279 258 56.1
279 263 138.2
280 31 163.3
280 40 116.19999999999999
280 49 60.1
280 57 125.19999999999999
280 66 134.2
280 90 110.2
280 105 113.2
280 106 64.1
280 117 121.19999999999999
280 121 149.2
280 157 46.1
280 162 57.1
280 197 113.19999999999999
280 212 63.1
280 215 68.1
281 6 64.1
281 27 82.1
281 78 63.1
281 82 72.1
281 165 69.1
281 166 141.2
281 167 139.2
281 188 150.2
281 216 247.29999999999998
281 234 147.2
281 237 176.2
281 253 181.2
281 270 161.2
281 271 85.1
282 8 85.1
282 33 65.1
282 47 71.1
282 62 141.2
282 63 152.2
282 170 56.1
282 185 67.1
282 189 134.2
282 215 133.2
282 228 140.2
282 248 130.2
282 252 60.1
282 255 131.2
282 274 116.2
282 287 133.2
283 23 173.2
283 37 66.1
283 66 196.2
283 74 71.1
283 78 62.1
283 81 161.2
283 82 172.2
283 96 93.1
283 167 59.1
283 184 159.2
283 194 166.2
283 212 231.29999999999998
283 214 82.1
283 226 73.1
283 241 64.1
283 259 66.1
284 9 104.2
284 11 97.2
284 24 67.1
284 46 123.2
284 52 115.2
284 62 51.1
284 79 85.2
284 109 48.1
284 113 105.19999999999999
284 119 112.2
284 146 57.1
284 174 150.3
284 201 128.2
284 226 56.1
285 15 57.1
285 24 136.2
285 51 142.2
285 58 108.2
285 65 51.1
285 85 245.29999999999998
285 87 143.2
285 92 57.1
285 111 54.1
285 153 69.1
285 159 126.19999999999999
285 162 83.1
285 190 267.29999999999995
285 202 162.2
285 213 63.1
285 249 69.1
286 13 124.19999999999999
286 23 73.1
286 34 152.2
286 60 113.19999999999999
286 62 54.1
286 81 62.1
286 129 138.2
286 142 112.2
286 147 125.19999999999999
286 164 134.2
286 175 142.2
286 236 127.19999999999999
286 262 68.1
286 264 57.1
286 272 57.1
287 9 62.1
287 46 47.1
287 62 139.2
287 63 138.2
287 103 59.1
287 139 37.1
287 157 50.1
287 189 202.29999999999998
287 198 67.1
287 215 148.2
287 228 133.2
287 248 131.2
287 255 117.2
287 274 117.2
287 282 137.2
288 7 46.1
288 30 144.2
288 52 65.1
288 56 152.2
288 72 84.1
288 116 148.2
288 137 77.1
288 151 156.2
288 178 69.1
288 183 145.2
288 219 142.2
288 226 180.2
288 242 130.2
288 260 151.2
289 27 66.1
289 54 64.1
289 59 59.1
289 97 203.29999999999998
289 127 123.19999999999999
289 139 60.1
289 149 82.1
289 155 69.1
289 163 154.2
289 172 115.2
289 176 51.1
289 188 54.1
289 195 154.2
289 205 65.1
289 220 129.2
289 259 70.1
289 276 78.1
