0 1 4.2
0 2 3.2
0 3 1.2000000000000002
0 4 4.2
0 5 3.2
0 6 2.2
0 7 1.2000000000000002
0 8 0.2
0 9 5.199999999999999
0 10 2.2
0 11 1.2000000000000002
0 12 1.2000000000000002
0 13 3.2
0 14 4.199999999999999
0 15 2.2
0 16 5.2
0 17 3.2
0 18 3.2
0 19 1.2000000000000002
1 0 2.2
1 2 2.2
1 3 6.199999999999999
1 4 7.199999999999999
1 5 4.2
1 6 2.2
1 7 1.2000000000000002
1 8 2.2
1 9 3.2
1 10 0.2
1 11 2.2
1 12 1.2000000000000002
1 13 2.2
1 14 0.2
1 15 5.2
1 16 3.2
1 17 5.199999999999999
1 18 0.2
1 19 1.2000000000000002
2 0 4.2
2 1 0.2
2 3 3.2
2 4 3.2
2 5 1.2000000000000002
2 6 0.2
2 7 2.2
2 8 1.2000000000000002
2 9 3.2
2 10 3.2
2 11 6.199999999999999
2 12 5.2
2 13 1.2000000000000002
2 14 0.2
2 15 4.2
2 16 4.2
2 17 5.2
2 18 2.2
2 19 0.2
3 0 5.2
3 1 4.2
3 2 3.2
3 4 1.2000000000000002
3 5 1.2000000000000002
3 6 6.2
3 7 5.2
3 8 1.2000000000000002
3 9 1.2000000000000002
3 10 3.2
3 11 2.2
3 12 3.2
3 13 2.2
3 14 2.2
3 15 4.2
3 16 3.2
3 17 4.2
3 18 4.2
3 19 2.2
4 0 3.2
4 1 0.2
4 2 3.2
4 3 0.2
4 5 3.2
4 6 4.2
4 7 1.2000000000000002
4 8 4.2
4 9 2.2
4 10 3.2
4 11 2.2
4 12 2.2
4 13 3.2
4 14 4.2
4 15 1.2000000000000002
4 16 2.2
4 17 4.2
4 18 0.2
4 19 2.2
5 0 4.2
5 1 1.2000000000000002
5 2 2.2
5 3 4.199999999999999
5 4 3.2
5 6 4.2
5 7 3.2
5 8 0.2
5 9 2.2
5 10 0.2
5 11 2.2
5 12 2.2
5 13 3.2
5 14 0.2
5 15 3.2
5 16 2.2
5 17 4.2
5 18 1.2000000000000002
5 19 2.2
6 0 5.2
6 1 3.2
6 2 1.2000000000000002
6 3 1.2000000000000002
6 4 2.2
6 5 2.2
6 7 2.2
6 8 1.2000000000000002
6 9 2.2
6 10 1.2000000000000002
6 11 0.2
6 12 2.2
6 13 0.2
6 14 2.2
6 15 2.2
6 16 2.2
6 17 4.2
6 18 1.2000000000000002
6 19 3.2
7 0 5.2
7 1 1.2000000000000002
7 2 1.2000000000000002
7 3 4.2
7 4 2.2
7 5 2.2
7 6 2.2
7 8 0.2
7 9 2.2
7 10 2.2
7 11 2.2
7 12 0.2
7 13 6.199999999999999
7 14 1.2000000000000002
7 15 4.2
7 16 2.2
7 17 7.199999999999999
7 18 1.2000000000000002
7 19 1.2000000000000002
8 0 7.199999999999999
8 1 5.2
8 2 4.2
8 3 5.2
8 4 6.2
8 5 4.2
8 6 4.2
8 7 4.199999999999999
8 9 1.2000000000000002
8 10 5.199999999999999
8 11 3.2
8 12 2.2
8 13 3.2
8 14 4.199999999999999
8 15 5.2
8 16 11.2
8 17 5.2
8 18 7.199999999999999
8 19 8.2
9 0 10.2
9 1 2.2
9 2 2.2
9 3 2.2
9 4 2.2
9 5 5.199999999999999
9 6 4.2
9 7 6.2
9 8 1.2000000000000002
9 10 5.2
9 11 5.199999999999999
9 12 2.2
9 13 4.2
9 14 3.2
9 15 3.2
9 16 5.2
9 17 4.2
9 18 3.2
9 19 6.199999999999999
10 0 4.2
10 1 1.2000000000000002
10 2 1.2000000000000002
10 3 2.2
10 4 3.2
10 5 2.2
10 6 1.2000000000000002
10 7 1.2000000000000002
10 8 1.2000000000000002
10 9 1.2000000000000002
10 11 5.2
10 12 3.2
10 13 2.2
10 14 0.2
10 15 3.2
10 16 3.2
10 17 3.2
10 18 0.2
10 19 1.2000000000000002
11 0 3.2
11 1 2.2
11 2 2.2
11 3 3.2
11 4 6.199999999999999
11 5 3.2
11 6 1.2000000000000002
11 7 2.2
11 8 3.2
11 9 3.2
11 10 5.199999999999999
11 12 3.2
11 13 3.2
11 14 5.199999999999999
11 15 8.2
11 16 3.2
11 17 5.2
11 18 4.2
11 19 1.2000000000000002
12 0 2.2
12 1 7.199999999999999
12 2 0.2
12 3 4.2
12 4 1.2000000000000002
12 5 4.2
12 6 1.2000000000000002
12 7 3.2
12 8 1.2000000000000002
12 9 0.2
12 10 3.2
12 11 3.2
12 13 5.199999999999999
12 14 3.2
12 15 3.2
12 16 3.2
12 17 2.2
12 18 4.199999999999999
12 19 1.2000000000000002
13 0 2.2
13 1 1.2000000000000002
13 2 2.2
13 3 1.2000000000000002
13 4 6.2
13 5 5.199999999999999
13 6 5.199999999999999
13 7 2.2
13 8 4.2
13 9 2.2
13 10 2.2
13 11 1.2000000000000002
13 12 1.2000000000000002
13 14 2.2
13 15 4.2
13 16 4.2
13 17 1.2000000000000002
13 18 0.2
13 19 0.2
14 0 5.2
14 1 5.2
14 2 1.2000000000000002
14 3 0.2
14 4 1.2000000000000002
14 5 2.2
14 6 2.2
14 7 5.2
14 8 1.2000000000000002
14 9 3.2
14 10 2.2
14 11 2.2
14 12 0.2
14 13 0.2
14 15 4.2
14 16 3.2
14 17 6.199999999999999
14 18 0.2
14 19 2.2
15 0 4.2
15 1 0.2
15 2 4.2
15 3 0.2
15 4 6.199999999999999
15 5 4.2
15 6 7.199999999999999
15 7 3.2
15 8 2.2
15 9 0.2
15 10 3.2
15 11 1.2000000000000002
15 12 2.2
15 13 2.2
15 14 2.2
15 16 1.2000000000000002
15 17 4.2
15 18 0.2
15 19 1.2000000000000002
16 0 3.2
16 1 2.2
16 2 1.2000000000000002
16 3 4.199999999999999
16 4 4.2
16 5 2.2
16 6 1.2000000000000002
16 7 2.2
16 8 2.2
16 9 4.2
16 10 4.2
16 11 1.2000000000000002
16 12 3.2
16 13 2.2
16 14 6.2
16 15 4.2
16 17 4.2
16 18 1.2000000000000002
16 19 2.2
17 0 2.2
17 1 2.2
17 2 1.2000000000000002
17 3 3.2
17 4 2.2
17 5 5.2
17 6 2.2
17 7 1.2000000000000002
17 8 1.2000000000000002
17 9 1.2000000000000002
17 10 2.2
17 11 1.2000000000000002
17 12 1.2000000000000002
17 13 2.2
17 14 6.199999999999999
17 15 3.2
17 16 3.2
17 18 1.2000000000000002
17 19 1.2000000000000002
18 0 4.2
18 1 6.199999999999999
18 2 3.2
18 3 1.2000000000000002
18 4 4.2
18 5 5.199999999999999
18 6 3.2
18 7 4.2
18 8 1.2000000000000002
18 9 10.2
18 10 5.199999999999999
18 11 6.2
18 12 5.199999999999999
18 13 2.2
18 14 3.2
18 15 8.2
18 16 4.2
18 17 9.2
18 19 6.2
19 0 4.2
19 1 5.2
19 2 4.199999999999999
19 3 7.199999999999999
19 4 3.2
19 5 5.2
19 6 2.2
19 7 4.2
19 8 3.2
19 9 4.2
19 10 3.2
19 11 1.2000000000000002
19 12 2.2
19 13 1.2000000000000002
19 14 4.2
19 15 7.199999999999999
19 16 3.2
19 17 3.2
19 18 1.2000000000000002
