0 4 69.1
0 12 68.1
0 23 69.1
0 30 135.2
0 42 91.1
0 58 76.1
0 70 126.19999999999999
0 76 52.1
0 100 74.1
0 105 226.29999999999998
0 113 124.19999999999999
0 116 75.1
0 125 135.2
0 148 65.1
0 154 151.2
0 172 143.2
0 181 79.1
0 194 77.1
0 211 83.1
0 220 86.1
0 251 73.1
0 298 93.1
0 299 95.1
1 2 59.1
1 25 63.1
1 45 186.29999999999998
1 60 72.1
1 67 144.2
1 74 145.2
1 79 219.29999999999998
1 93 78.1
1 96 119.2
1 102 60.1
1 123 125.19999999999999
1 130 81.1
1 159 92.1
1 164 80.1
1 171 74.1
1 217 45.1
1 244 129.2
1 252 80.1
1 256 173.2
1 280 68.1
2 1 62.1
2 3 69.1
2 5 76.1
2 21 73.1
2 33 158.2
2 45 62.1
2 50 134.2
2 91 72.1
2 112 129.2
2 118 171.2
2 131 152.2
2 149 111.1
2 161 77.1
2 167 75.1
2 171 54.1
2 197 89.1
2 206 74.1
2 210 140.2
2 238 252.29999999999998
2 244 138.2
2 257 87.1
2 284 81.1
3 2 60.1
3 4 78.1
3 6 94.1
3 27 96.1
3 60 221.29999999999998
3 63 155.2
3 65 153.2
3 71 124.1
3 73 76.1
3 85 92.1
3 105 87.1
3 111 136.2
3 112 53.1
3 113 50.1
3 115 137.2
3 124 138.2
3 148 81.1
3 155 80.1
3 158 82.1
3 263 82.1
3 271 94.1
3 291 100.1
3 294 70.1
3 299 119.1
4 0 86.1
4 3 81.1
4 5 80.1
4 84 158.2
4 92 158.2
4 109 170.2
4 140 172.2
4 152 97.1
4 158 250.29999999999998
4 174 178.2
4 176 167.2
4 213 67.1
4 214 187.2
4 216 102.1
4 229 157.2
4 269 292.29999999999995
4 285 85.1
4 300 161.2
5 2 82.1
5 4 84.1
5 7 94.1
5 18 138.2
5 28 75.1
5 50 84.1
5 76 74.1
5 118 71.1
5 129 78.1
5 166 243.29999999999998
5 167 71.1
5 187 156.2
5 189 174.2
5 193 226.29999999999998
5 198 160.2
5 212 162.2
5 214 81.1
5 218 150.2
5 223 124.19999999999999
5 246 90.1
6 3 82.1
6 14 61.1
6 25 175.2
6 46 60.1
6 58 59.1
6 77 80.1
6 93 155.2
6 97 163.3
6 109 80.1
6 114 65.1
6 124 72.1
6 140 90.1
6 143 156.2
6 147 125.2
6 163 170.2
6 188 93.1
6 200 67.1
6 250 149.2
6 255 120.1
6 277 123.1
7 5 83.1
7 11 154.2
7 21 155.2
7 24 157.2
7 46 60.1
7 48 63.1
7 69 128.1
7 72 248.29999999999998
7 83 141.2
7 86 149.2
7 90 83.1
7 100 65.1
7 102 201.29999999999998
7 132 67.1
7 138 123.2
7 151 94.1
7 269 75.1
7 285 109.1
7 286 94.1
7 298 100.1
8 9 79.1
8 11 97.1
8 38 72.1
8 46 154.2
8 49 150.2
8 52 156.2
8 58 173.2
8 90 71.1
8 91 151.2
8 92 65.1
8 98 149.2
8 100 67.1
8 109 71.1
8 152 155.2
8 153 158.2
8 161 152.2
8 185 103.1
8 214 87.1
8 261 85.1
8 290 74.1
8 301 98.1
9 8 62.1
9 10 73.1
9 12 75.1
9 15 58.1
9 21 59.1
9 28 152.2
9 39 130.2
9 40 138.2
9 44 77.1
9 49 61.1
9 52 57.1
9 73 132.2
9 88 173.2
9 93 88.1
9 104 127.19999999999999
9 129 72.1
9 130 60.1
9 160 135.2
9 196 126.19999999999999
9 263 83.1
9 271 87.1
9 292 87.1
10 9 69.1
10 11 78.1
10 13 144.2
10 26 194.29999999999998
10 51 164.2
10 109 266.29999999999995
10 120 168.2
10 140 84.1
10 152 72.1
10 176 75.1
10 178 183.2
10 186 71.1
10 196 77.1
10 208 200.29999999999998
10 229 147.2
10 235 105.1
10 268 145.2
10 290 85.1
11 7 138.2
11 8 90.1
11 10 90.1
11 21 168.2
11 24 221.29999999999998
11 33 74.1
11 60 74.1
11 72 171.2
11 77 96.1
11 79 92.1
11 83 168.2
11 86 268.29999999999995
11 102 130.2
11 138 140.2
11 151 120.1
11 252 113.1
11 272 102.1
11 282 102.1
11 284 98.1
11 293 138.1
12 0 72.1
12 9 73.1
12 14 212.29999999999998
12 24 74.1
12 37 75.1
12 43 215.29999999999998
12 48 144.2
12 60 72.1
12 68 86.1
12 90 85.1
12 99 75.1
12 116 153.2
12 148 144.2
12 171 144.2
12 172 71.1
12 177 83.1
12 185 76.1
12 196 86.1
12 216 80.1
12 239 86.1
12 270 85.1
12 285 97.1
12 297 122.1
13 10 143.2
13 14 75.1
13 15 74.1
13 26 144.2
13 38 69.1
13 51 168.2
13 84 96.1
13 109 155.2
13 120 150.2
13 125 74.1
13 134 82.1
13 146 80.1
13 147 76.1
13 176 59.1
13 178 221.29999999999998
13 186 74.1
13 208 118.19999999999999
13 229 180.2
13 268 136.2
13 291 87.1
13 300 74.1
14 6 82.1
14 12 225.29999999999998
14 13 60.1
14 33 76.1
14 43 145.2
14 48 140.2
14 63 92.1
14 65 81.1
14 72 77.1
14 76 88.1
14 98 73.1
14 101 81.1
14 110 80.1
14 112 48.1
14 116 227.29999999999998
14 141 89.1
14 148 213.29999999999998
14 151 69.1
14 160 71.1
14 171 161.2
14 269 89.1
14 271 90.1
14 295 108.1
15 9 80.1
15 13 79.1
15 28 125.19999999999999
15 39 129.2
15 40 119.2
15 52 72.1
15 58 75.1
15 60 88.1
15 73 165.2
15 88 187.2
15 101 85.1
15 104 145.2
15 114 50.1
15 129 146.2
15 131 90.1
15 160 119.19999999999999
15 196 64.1
15 197 74.1
15 220 92.1
15 270 102.1
15 289 98.1
15 300 115.1
16 20 145.2
16 23 65.1
16 34 139.2
16 41 222.29999999999998
16 44 140.2
16 56 83.1
16 94 112.19999999999999
16 101 198.29999999999998
16 110 68.1
16 142 81.1
16 149 134.2
16 155 138.2
16 205 149.2
16 240 105.1
16 248 83.1
16 296 64.1
16 301 97.1
17 21 54.1
17 26 63.1
17 31 120.19999999999999
17 36 148.2
17 47 138.2
17 64 131.2
17 76 49.1
17 89 70.1
17 94 53.1
17 136 103.1
17 142 67.1
17 145 87.1
17 180 119.2
17 191 174.29999999999998
17 195 71.1
17 203 122.2
17 236 80.1
17 248 204.29999999999998
17 256 56.1
17 282 57.1
17 296 65.1
18 5 139.2
18 44 64.1
18 93 72.1
18 129 59.1
18 144 79.1
18 166 128.2
18 187 151.2
18 189 177.2
18 193 133.2
18 198 148.2
18 212 155.2
18 217 62.1
18 218 217.29999999999998
18 223 81.2
18 292 71.1
19 35 72.1
19 59 125.19999999999999
19 71 173.2
19 73 57.1
19 102 64.1
19 115 66.1
19 137 65.1
19 170 151.2
19 177 83.1
19 191 56.1
19 194 82.1
19 232 146.2
19 241 137.2
19 243 141.2
19 251 149.2
19 262 163.2
19 263 54.1
19 274 75.1
20 16 162.2
20 21 90.1
20 34 157.2
20 41 161.2
20 44 197.2
20 67 85.1
20 73 71.1
20 75 59.1
20 94 140.2
20 101 228.29999999999998
20 149 163.2
20 155 272.29999999999995
20 203 88.1
20 205 256.29999999999995
20 221 110.1
20 234 105.1
20 248 102.1
21 2 103.1
21 7 146.2
21 9 69.1
21 11 164.2
21 17 73.1
21 20 86.1
21 24 147.2
21 28 71.1
21 72 221.29999999999998
21 73 70.1
21 83 222.29999999999998
21 86 186.2
21 98 77.1
21 102 195.29999999999998
21 110 87.1
21 138 114.19999999999999
21 188 80.1
21 203 93.1
21 257 107.1
21 286 99.1
22 48 64.1
22 75 73.1
22 113 74.1
22 119 144.2
22 135 144.2
22 137 161.2
22 141 96.1
22 159 146.2
22 179 166.2
22 233 68.1
22 263 232.29999999999998
22 275 157.2
22 276 75.1
22 280 89.1
22 295 72.1
22 298 167.2
23 0 66.1
23 16 91.1
23 24 146.2
23 30 66.1
23 42 142.2
23 70 167.2
23 75 63.1
23 76 216.29999999999998
23 100 141.2
23 101 70.1
23 102 81.1
23 105 85.1
23 113 132.2
23 125 127.19999999999999
23 150 91.1
23 154 71.1
23 157 67.1
23 164 87.1
23 172 135.2
23 232 73.1
24 7 138.2
24 11 186.29999999999998
24 12 81.1
24 21 145.2
24 23 127.19999999999999
24 43 95.1
24 52 78.1
24 68 101.1
24 72 135.2
24 83 184.2
24 86 148.2
24 102 133.2
24 138 129.2
24 175 75.1
24 183 100.1
24 194 88.1
24 292 84.1
25 1 74.1
25 6 204.2
25 31 66.1
25 51 95.1
25 71 90.1
25 84 90.1
25 93 225.29999999999998
25 97 198.29999999999998
25 103 53.1
25 143 156.2
25 147 142.2
25 163 215.29999999999998
25 250 181.2
25 253 139.2
25 270 77.1
25 273 68.1
26 10 168.3
26 13 140.2
26 17 77.1
26 28 82.1
26 41 96.1
26 51 150.2
26 60 75.1
26 86 76.1
26 90 71.1
26 106 84.1
26 109 130.2
26 120 127.19999999999999
26 178 218.29999999999998
26 208 156.2
26 229 190.29999999999998
26 244 82.1
26 268 111.2
27 3 77.1
27 52 67.1
27 81 62.1
27 106 176.2
27 113 58.1
27 132 149.2
27 139 66.1
27 150 187.2
27 152 89.1
27 185 154.2
27 187 56.1
27 197 76.1
27 201 83.1
27 209 147.2
27 211 267.29999999999995
27 222 58.1
27 233 217.29999999999998
27 239 65.1
28 5 91.1
28 9 171.2
28 15 128.2
28 21 81.1
28 26 84.1
28 29 63.1
28 39 64.1
28 40 168.2
28 73 171.2
28 87 80.1
28 88 116.1
28 104 180.2
28 105 92.1
28 129 166.2
28 160 147.2
28 196 153.2
28 239 103.1
28 240 102.1
28 250 99.1
28 293 126.1
28 295 85.1
29 28 76.1
29 35 151.2
29 38 171.3
29 40 87.1
29 62 70.1
29 75 220.29999999999998
29 80 195.29999999999998
29 87 81.1
29 89 146.2
29 108 88.1
29 111 79.1
29 116 66.1
29 139 165.2
29 163 75.1
29 181 166.2
29 235 96.1
29 239 94.1
29 268 82.1
29 295 99.1
30 0 140.2
30 23 70.1
30 38 67.1
30 42 62.1
30 69 127.1
30 70 89.1
30 71 105.1
30 76 80.1
30 98 72.1
30 100 119.2
30 105 171.2
30 113 56.1
30 125 121.2
30 150 71.1
30 154 165.2
30 172 177.2
30 201 86.1
30 262 106.1
30 265 66.1
30 279 113.1
30 282 88.1
31 17 115.2
31 25 57.1
31 36 145.2
31 47 146.2
31 64 142.2
31 65 62.1
31 79 71.1
31 117 71.1
31 128 66.1
31 180 186.29999999999998
31 183 78.1
31 188 78.1
31 191 131.2
31 203 131.2
31 234 74.1
31 248 144.2
31 272 62.1
31 283 90.1
32 47 81.1
32 61 68.1
32 66 162.2
32 67 65.1
32 70 61.1
32 96 81.1
32 101 59.1
32 123 52.1
32 136 65.1
32 164 155.2
32 207 158.2
32 236 154.2
32 240 211.2
32 255 218.29999999999998
32 259 244.29999999999998
32 266 128.2
32 267 173.2
33 2 153.2
33 11 85.1
33 14 91.1
33 50 192.2
33 75 75.1
33 77 87.1
33 105 104.1
33 111 80.1
33 112 185.3
33 118 255.29999999999998
33 130 93.1
33 131 177.2
33 162 88.1
33 205 85.1
33 210 219.29999999999998
33 226 91.1
33 238 162.2
33 244 160.2
33 294 94.1
34 16 146.2
34 20 124.19999999999999
34 41 115.2
34 44 153.2
34 68 156.2
34 94 150.2
34 101 125.2
34 138 55.1
34 149 116.19999999999999
34 155 189.29999999999998
34 205 137.2
34 207 66.1
34 224 66.1
34 269 55.1
34 296 55.1
34 299 67.1
35 19 74.1
35 29 146.2
35 38 166.3
35 48 81.1
35 62 85.1
35 75 135.2
35 80 152.2
35 87 95.1
35 89 143.2
35 122 96.1
35 139 174.2
35 150 74.1
35 158 82.1
35 160 96.1
35 165 69.1
35 181 151.2
35 202 96.1
35 224 101.1
35 231 94.1
35 275 108.1
35 281 63.1
35 291 99.1
36 17 146.2
36 31 161.2
36 45 68.1
36 47 159.2
36 64 257.29999999999995
36 69 99.1
36 90 64.1
36 107 60.1
36 117 87.1
36 142 80.1
36 173 81.1
36 180 203.2
36 191 146.2
36 195 73.1
36 203 251.29999999999998
36 223 74.1
36 248 160.2
36 257 87.1
37 12 71.1
37 40 139.2
37 53 203.29999999999998
37 87 90.1
37 116 62.1
37 131 74.1
37 157 138.2
37 161 61.1
37 162 50.1
37 168 241.29999999999998
37 184 195.2
37 200 121.2
37 203 77.1
37 222 155.2
37 225 131.2
37 226 116.2
37 287 72.1
37 294 128.2
38 8 69.1
38 13 59.1
38 29 210.29999999999998
38 30 111.1
38 35 243.29999999999998
38 52 63.1
38 75 141.2
38 80 164.2
38 89 220.29999999999998
38 94 78.1
38 139 176.2
38 160 69.1
38 181 136.2
38 185 86.1
38 204 84.1
38 209 73.1
38 213 93.1
38 225 82.1
38 271 75.1
38 275 85.1
39 9 133.2
39 15 137.2
39 28 74.1
39 40 113.2
39 73 58.1
39 88 168.2
39 100 95.1
39 104 152.2
39 118 70.1
39 129 153.2
39 160 115.2
39 187 80.1
39 196 129.2
39 206 66.1
39 220 85.1
39 233 61.1
39 237 86.1
39 255 90.1
39 272 78.1
40 9 134.2
40 15 140.2
40 28 176.2
40 29 88.1
40 37 160.2
40 39 136.2
40 73 127.19999999999999
40 80 66.1
40 88 190.2
40 104 66.1
40 129 156.2
40 160 78.1
40 166 81.1
40 169 81.1
40 186 89.1
40 189 74.1
40 196 149.2
40 197 87.1
40 238 79.1
40 256 71.1
40 263 94.1
41 16 235.29999999999998
41 20 142.2
41 26 88.1
41 34 129.2
41 44 181.2
41 45 92.1
41 61 103.1
41 78 90.1
41 94 130.2
41 95 69.1
41 101 142.2
41 149 159.2
41 152 92.1
41 155 160.2
41 179 73.1
41 205 144.2
41 240 110.1
41 259 97.1
41 269 99.1
42 0 59.1
42 23 115.2
42 30 69.1
42 59 85.1
42 70 116.2
42 76 127.19999999999999
42 86 58.1
42 90 65.1
42 94 71.1
42 100 159.2
42 105 73.1
42 112 44.1
42 113 123.19999999999999
42 125 56.1
42 138 59.1
42 154 144.2
42 170 80.1
42 172 77.1
42 215 68.1
42 257 69.1
42 295 90.1
43 12 222.29999999999998
43 14 129.2
43 24 88.1
43 48 132.2
43 68 84.1
43 99 57.1
43 106 172.2
43 113 57.1
43 115 64.1
43 116 138.2
43 148 155.2
43 157 141.2
43 171 138.2
43 183 75.1
43 248 74.1
43 250 73.1
43 251 89.1
43 275 86.1
44 9 82.1
44 16 154.2
44 18 77.1
44 20 160.2
44 34 148.2
44 41 168.2
44 94 168.2
44 101 132.2
44 117 93.1
44 123 81.1
44 130 73.1
44 149 169.2
44 155 157.2
44 205 246.29999999999998
44 256 89.1
44 265 78.1
44 296 76.1
45 1 183.29999999999998
45 2 51.1
45 36 84.1
45 41 66.1
45 46 71.1
45 57 80.1
45 66 80.1
45 67 135.2
45 74 143.2
45 79 147.2
45 96 194.29999999999998
45 123 185.29999999999998
45 156 72.1
45 164 63.1
45 236 71.1
45 240 92.1
45 256 155.2
45 284 59.1
45 286 66.1
46 6 98.1
46 7 64.1
46 8 161.2
46 45 79.1
46 49 138.2
46 52 156.2
46 58 161.2
46 91 172.2
46 98 151.2
46 104 95.1
46 152 175.2
46 153 142.2
46 161 166.2
46 190 67.1
46 252 82.1
46 284 97.1
46 300 68.1
46 301 94.1
47 17 138.2
47 31 148.2
47 32 68.1
47 36 145.2
47 64 149.2
47 117 146.2
47 180 157.2
47 191 146.2
47 195 88.1
47 203 210.29999999999998
47 205 60.1
47 221 108.1
47 248 143.2
47 252 91.1
47 272 67.1
47 284 82.1
48 7 62.1
48 12 142.2
48 14 135.2
48 22 86.1
48 35 87.1
48 43 140.2
48 50 83.1
48 68 79.1
48 73 75.1
48 82 69.1
48 86 76.1
48 113 73.1
48 116 135.2
48 124 57.1
48 148 229.29999999999998
48 167 82.1
48 171 146.2
48 199 101.1
48 211 98.1
48 231 68.1
48 246 77.1
48 287 77.1
48 298 110.1
49 8 144.2
49 9 65.1
49 46 116.19999999999999
49 52 119.19999999999999
49 58 150.2
49 80 61.1
49 90 71.1
49 91 146.2
49 98 123.19999999999999
49 126 56.1
49 139 64.1
49 143 61.1
49 152 148.2
49 153 151.2
49 161 140.2
49 181 62.1
49 253 64.1
49 273 64.1
50 2 142.2
50 5 70.1
50 33 159.2
50 48 73.1
50 112 178.29999999999998
50 118 165.2
50 124 78.1
50 129 79.1
50 131 149.2
50 151 78.1
50 159 89.1
50 205 84.1
50 207 103.1
50 210 136.2
50 238 160.2
50 244 135.2
51 10 129.2
51 13 140.2
51 25 62.1
51 26 143.2
51 109 131.2
51 120 135.2
51 128 49.1
51 137 61.1
51 173 135.2
51 178 210.29999999999998
51 208 130.2
51 229 124.19999999999999
51 268 120.19999999999999
52 8 150.2
52 9 78.1
52 15 70.1
52 24 96.1
52 27 81.1
52 38 73.1
52 46 173.2
52 49 154.2
52 58 171.2
52 77 92.1
52 91 194.2
52 98 131.2
52 131 82.1
52 149 84.1
52 152 183.2
52 153 198.2
52 161 194.2
52 206 95.1
52 229 75.1
52 233 88.1
53 37 197.29999999999998
53 121 164.2
53 157 244.29999999999998
53 168 154.2
53 177 187.2
53 184 182.2
53 196 53.1
53 200 110.2
53 219 65.1
53 222 175.2
53 225 137.2
53 226 197.29999999999998
53 250 77.1
53 294 139.2
54 82 120.2
54 84 69.1
54 97 80.1
54 122 212.29999999999998
54 126 137.2
54 132 87.1
54 176 142.2
54 178 75.1
54 179 78.1
54 186 129.2
54 250 74.1
54 253 147.2
54 272 78.1
54 273 142.2
54 290 153.2
54 300 70.1
54 301 143.2
55 62 69.1
55 65 80.1
55 68 79.1
55 81 65.1
55 87 178.2
55 95 150.2
55 103 118.19999999999999
55 107 223.29999999999998
55 108 145.2
55 111 59.1
55 161 69.1
55 165 64.1
55 172 63.1
55 203 77.1
55 213 201.29999999999998
55 228 140.2
55 239 134.2
55 287 79.1
56 16 78.1
56 74 81.1
56 165 224.29999999999998
56 175 70.1
56 190 92.1
56 192 251.29999999999998
56 205 73.1
56 220 153.2
56 224 129.2
56 235 170.2
56 238 71.1
56 245 153.2
56 247 138.2
56 256 164.2
56 279 178.2
56 281 145.2
57 45 68.1
57 77 71.1
57 93 75.1
57 110 76.1
57 128 137.2
57 144 128.2
57 167 66.1
57 196 66.1
57 217 116.2
57 218 77.1
57 228 84.1
57 241 59.1
57 245 82.1
57 246 79.1
57 249 182.2
57 252 84.1
57 254 81.1
57 260 149.2
57 270 90.1
57 292 138.2
58 0 73.1
58 6 93.1
58 8 149.2
58 15 82.1
58 46 143.2
58 49 157.2
58 52 160.2
58 60 89.1
58 61 79.1
58 91 168.2
58 92 85.1
58 98 188.2
58 114 82.1
58 152 171.2
58 153 160.2
58 161 134.2
58 227 76.1
58 290 69.1
59 19 97.2
59 42 51.1
59 71 130.2
59 99 60.1
59 107 45.1
59 119 144.2
59 175 52.1
59 177 131.2
59 194 127.19999999999999
59 206 84.1
59 228 72.1
59 232 58.1
59 241 57.1
59 243 117.2
59 251 135.2
59 262 120.19999999999999
60 1 69.1
60 3 219.29999999999998
60 11 72.1
60 12 86.1
60 15 91.1
60 26 66.1
60 58 76.1
60 63 208.2
60 65 255.29999999999998
60 72 69.1
60 86 76.1
60 105 75.1
60 111 219.29999999999998
60 112 60.1
60 115 148.2
60 124 143.2
60 167 87.1
60 169 108.1
60 202 91.1
60 227 116.1
60 238 72.1
60 268 81.1
60 278 110.1
61 32 57.1
61 41 56.1
61 58 43.1
61 78 75.1
61 110 56.1
61 117 124.19999999999999
61 130 103.2
61 136 77.1
61 162 95.2
61 188 115.2
61 190 135.2
61 195 117.2
61 211 64.1
61 221 75.1
61 234 134.2
61 270 68.1
61 272 63.1
61 296 57.1
62 29 52.1
62 35 57.1
62 55 59.1
62 81 110.2
62 87 114.19999999999999
62 95 121.19999999999999
62 103 50.1
62 107 113.2
62 108 129.2
62 111 56.1
62 124 50.1
62 204 68.1
62 209 70.1
62 213 119.19999999999999
62 228 132.2
62 239 137.2
62 281 75.1
62 285 76.1
63 3 121.2
63 14 78.1
63 60 145.2
63 65 139.2
63 110 73.1
63 111 152.3
63 115 111.2
63 124 117.2
63 127 91.1
63 134 68.1
63 141 70.1
63 156 91.1
63 165 70.1
63 167 73.1
63 223 72.1
63 231 70.1
63 246 53.1
63 260 84.1
63 276 76.1
63 292 57.1
64 17 126.19999999999999
64 31 170.2
64 36 261.29999999999995
64 47 128.2
64 79 87.1
64 101 54.1
64 151 83.1
64 174 74.1
64 180 133.2
64 186 82.1
64 191 142.2
64 203 155.2
64 206 53.1
64 231 82.1
64 248 153.2
64 266 71.1
65 3 133.2
65 14 82.1
65 31 96.1
65 55 68.1
65 60 241.29999999999998
65 63 188.2
65 88 84.1
65 108 82.1
65 110 61.1
65 111 127.19999999999999
65 115 151.2
65 124 134.2
65 144 96.1
65 150 92.1
65 155 68.1
65 174 80.1
65 192 96.1
65 210 76.1
65 232 98.1
65 292 78.1
66 32 158.2
66 45 71.1
66 117 67.1
66 124 74.1
66 130 71.1
66 164 146.2
66 194 62.1
66 207 151.2
66 236 204.29999999999998
66 237 72.1
66 240 162.2
66 246 133.2
66 255 149.2
66 259 161.2
66 266 212.29999999999998
66 267 165.2
67 1 117.2
67 20 68.1
67 32 53.1
67 45 123.2
67 74 219.29999999999998
67 79 129.2
67 96 133.2
67 123 183.3
67 155 42.1
67 183 75.1
67 187 74.1
67 198 49.1
67 211 82.1
67 212 82.1
67 248 97.1
67 256 152.2
67 266 66.1
67 270 78.1
67 283 99.1
68 12 74.1
68 24 63.1
68 34 129.2
68 43 70.1
68 48 35.1
68 55 45.1
68 71 128.2
68 118 47.1
68 155 55.1
68 157 59.1
68 172 49.1
68 173 66.1
68 194 108.2
68 230 172.2
68 232 138.2
68 241 127.19999999999999
68 251 126.19999999999999
68 260 68.1
69 7 98.1
69 30 104.1
69 36 78.1
69 90 247.29999999999998
69 98 100.1
69 99 127.19999999999999
69 116 85.1
69 119 152.2
69 127 84.1
69 129 96.1
69 170 97.1
69 197 195.2
69 206 192.2
69 256 92.1
69 279 148.1
69 284 190.2
69 286 98.1
69 287 176.2
70 0 129.2
70 23 167.2
70 30 98.1
70 32 101.1
70 42 125.19999999999999
70 72 78.1
70 76 145.2
70 100 142.2
70 105 82.1
70 113 131.2
70 125 59.1
70 154 83.1
70 157 75.1
70 172 79.1
70 205 87.1
70 230 89.1
70 241 81.1
70 251 83.1
70 264 99.1
70 280 87.1
70 295 94.1
71 3 52.1
71 19 135.2
71 25 65.1
71 30 70.1
71 59 159.2
71 68 143.2
71 121 103.1
71 177 148.2
71 194 145.2
71 200 128.2
71 232 64.1
71 234 77.1
71 241 243.29999999999998
71 243 217.29999999999998
71 251 138.2
71 262 72.1
72 7 212.29999999999998
72 11 167.2
72 14 72.1
72 21 214.29999999999998
72 24 150.2
72 60 66.1
72 70 86.1
72 83 147.2
72 86 156.2
72 89 89.1
72 99 87.1
72 102 129.2
72 119 100.1
72 138 143.2
72 221 112.1
72 274 90.1
72 276 94.1
72 286 85.1
72 295 89.1
72 299 112.1
73 3 86.1
73 9 110.2
73 15 160.2
73 19 65.1
73 20 56.1
73 21 65.1
73 28 183.2
73 39 67.1
73 40 118.2
73 48 85.1
73 80 58.1
73 88 181.2
73 104 60.1
73 129 161.2
73 160 125.19999999999999
73 162 59.1
73 181 76.1
73 196 163.2
73 224 71.1
73 241 90.1
73 249 75.1
74 1 156.2
74 45 137.2
74 56 78.1
74 67 203.29999999999998
74 79 153.2
74 96 184.2
74 110 58.1
74 123 140.2
74 131 70.1
74 179 77.1
74 189 99.1
74 195 82.1
74 198 68.1
74 203 65.1
74 248 82.1
74 256 172.2
74 259 76.1
74 272 65.1
74 296 70.1
75 20 88.1
75 22 106.1
75 23 69.1
75 29 228.29999999999998
75 33 81.1
75 35 175.2
75 38 147.2
75 80 190.2
75 83 96.1
75 89 166.2
75 132 71.1
75 139 190.2
75 147 80.1
75 163 83.1
75 181 246.29999999999998
75 196 61.1
75 209 97.1
75 265 91.1
76 0 72.1
76 5 79.1
76 14 86.1
76 17 90.1
76 23 256.29999999999995
76 30 127.1
76 42 179.2
76 70 180.2
76 98 81.1
76 100 152.2
76 105 187.2
76 110 97.1
76 113 137.2
76 125 71.1
76 149 77.1
76 154 191.2
76 159 116.1
76 172 82.1
76 196 73.1
76 233 83.1
76 278 124.1
77 6 82.1
77 11 80.1
77 33 64.1
77 52 76.1
77 57 73.1
77 106 75.1
77 112 50.1
77 128 75.1
77 130 71.1
77 144 92.1
77 156 91.1
77 162 58.1
77 167 149.2
77 210 76.1
77 217 106.2
77 246 166.2
77 249 83.1
77 254 154.2
77 255 68.1
77 260 80.1
77 292 140.2
77 301 85.1
78 41 59.1
78 61 85.1
78 110 65.1
78 130 79.1
78 136 149.2
78 142 148.2
78 162 47.1
78 173 224.29999999999998
78 180 67.1
78 190 100.1
78 191 63.1
78 195 83.1
78 209 84.1
78 221 183.2
78 234 87.1
78 252 163.2
78 272 120.19999999999999
78 296 135.2
79 1 184.29999999999998
79 11 62.1
79 31 59.1
79 45 128.2
79 64 70.1
79 67 130.2
79 74 148.2
79 96 163.2
79 110 68.1
79 123 139.2
79 151 66.1
79 167 51.1
79 210 53.1
79 255 65.1
79 256 157.2
79 266 82.1
79 282 67.1
79 284 81.1
79 287 79.1
80 29 189.3
80 35 157.2
80 38 151.2
80 40 69.1
80 49 71.1
80 73 76.1
80 75 158.2
80 89 172.2
80 105 71.1
80 110 64.1
80 139 161.2
80 181 144.2
80 183 84.1
80 199 87.1
80 209 84.1
80 235 106.1
80 241 74.1
80 265 90.1
80 271 86.1
81 27 88.1
81 55 68.1
81 62 112.2
81 87 145.2
81 95 132.2
81 99 66.1
81 103 102.2
81 107 120.2
81 108 146.2
81 111 49.1
81 119 51.1
81 177 68.1
81 201 89.1
81 213 113.2
81 228 164.2
81 239 155.2
81 281 70.1
81 283 89.1
82 48 62.1
82 54 157.2
82 122 174.2
82 126 215.29999999999998
82 134 89.1
82 139 74.1
82 185 90.1
82 186 155.2
82 193 112.1
82 233 90.1
82 253 235.29999999999998
82 270 77.1
82 273 169.2
82 283 103.1
82 290 161.2
82 291 80.1
83 7 120.19999999999999
83 11 138.2
83 21 231.29999999999998
83 24 165.2
83 72 139.2
83 75 91.1
83 86 143.2
83 98 80.1
83 102 129.2
83 138 100.2
83 156 101.1
83 170 96.1
83 215 77.1
83 230 89.1
83 237 75.1
83 242 99.1
83 287 80.1
83 297 104.1
84 4 164.2
84 13 80.1
84 25 75.1
84 54 51.1
84 92 227.29999999999998
84 120 75.1
84 126 73.1
84 132 71.1
84 139 92.1
84 140 186.2
84 158 197.29999999999998
84 163 79.1
84 174 143.2
84 176 147.2
84 214 278.29999999999995
84 269 157.2
84 300 140.2
85 3 72.1
85 89 80.1
85 125 65.1
85 133 169.2
85 145 180.2
85 146 186.2
85 200 90.1
85 201 288.29999999999995
85 216 184.2
85 219 156.2
85 233 89.1
85 261 191.2
85 262 107.1
85 277 288.29999999999995
85 291 249.29999999999998
86 7 150.2
86 11 270.29999999999995
86 21 201.2
86 24 180.2
86 26 88.1
86 42 95.1
86 48 87.1
86 60 86.1
86 72 171.2
86 83 152.2
86 90 98.1
86 101 75.1
86 102 212.29999999999998
86 138 227.29999999999998
86 150 96.1
86 205 90.1
86 215 95.1
86 298 129.1
87 28 48.1
87 29 62.1
87 35 88.1
87 37 81.1
87 55 132.2
87 62 124.19999999999999
87 81 137.2
87 95 65.1
87 103 120.2
87 107 50.1
87 108 224.29999999999998
87 144 68.1
87 152 61.1
87 213 128.2
87 228 141.2
87 239 138.2
87 240 97.1
87 256 75.1
88 9 134.2
88 15 144.2
88 28 77.1
88 39 110.2
88 40 141.2
88 65 49.1
88 73 112.2
88 96 79.1
88 104 129.2
88 108 68.1
88 124 60.1
88 129 142.2
88 144 69.1
88 160 116.2
88 165 48.1
88 189 73.1
88 196 67.1
88 247 71.1
88 283 77.1
89 17 75.1
89 29 150.2
89 35 141.2
89 38 204.29999999999998
89 72 85.1
89 75 152.2
89 80 175.2
89 85 89.1
89 105 84.1
89 106 77.1
89 139 251.29999999999998
89 150 100.1
89 181 158.2
89 204 87.1
89 209 87.1
89 213 76.1
89 214 99.1
89 255 91.1
89 265 85.1
89 271 91.1
89 288 97.1
89 291 93.1
90 7 80.1
90 8 52.1
90 12 80.1
90 26 63.1
90 36 75.1
90 42 79.1
90 49 61.1
90 69 292.29999999999995
90 86 79.1
90 95 74.1
90 99 150.2
90 116 67.1
90 119 150.2
90 151 93.1
90 186 94.1
90 197 238.29999999999998
90 206 135.2
90 210 82.1
90 268 63.1
90 284 257.29999999999995
90 287 143.2
91 2 77.1
91 8 149.2
91 46 176.2
91 49 180.2
91 52 165.2
91 58 189.2
91 97 74.1
91 98 160.2
91 110 73.1
91 126 102.1
91 147 83.1
91 152 176.2
91 153 137.2
91 161 203.2
91 217 96.1
91 253 82.1
92 4 154.2
92 8 50.1
92 58 66.1
92 84 229.29999999999998
92 120 96.1
92 140 141.2
92 147 72.1
92 158 133.2
92 161 72.1
92 163 64.1
92 174 134.2
92 176 121.19999999999999
92 214 170.2
92 254 94.1
92 269 162.2
92 270 68.1
92 300 144.2
93 1 89.1
93 6 160.2
93 9 84.1
93 18 67.1
93 25 200.29999999999998
93 57 74.1
93 97 164.2
93 117 80.1
93 143 239.29999999999998
93 147 130.2
93 161 74.1
93 163 139.2
93 250 213.29999999999998
93 253 74.1
93 273 95.1
93 301 155.2
94 16 141.2
94 17 78.1
94 20 134.2
94 34 138.2
94 38 93.1
94 41 157.2
94 42 79.1
94 44 146.2
94 101 213.29999999999998
94 131 80.1
94 149 206.29999999999998
94 155 148.2
94 188 68.1
94 205 133.2
94 236 72.1
94 256 94.1
95 41 56.1
95 55 136.2
95 62 155.2
95 81 142.2
95 87 66.1
95 90 88.1
95 103 76.1
95 107 140.2
95 108 261.29999999999995
95 111 65.1
95 169 77.1
95 171 70.1
95 183 74.1
95 197 82.1
95 204 93.1
95 213 214.29999999999998
95 228 170.2
95 239 253.29999999999998
95 244 74.1
96 1 115.2
96 32 59.1
96 45 180.29999999999998
96 67 124.19999999999999
96 74 215.2
96 79 165.2
96 88 70.1
96 123 115.2
96 142 79.1
96 157 57.1
96 185 70.1
96 198 79.1
96 203 64.1
96 248 60.1
96 256 162.2
96 259 81.1
96 260 75.1
96 285 86.1
96 287 52.1
97 6 235.29999999999998
97 25 200.29999999999998
97 54 56.1
97 91 64.1
97 93 155.2
97 108 72.1
97 126 56.1
97 143 131.2
97 147 133.2
97 163 153.2
97 174 88.1
97 185 80.1
97 188 56.1
97 214 66.1
97 227 79.1
97 250 154.2
97 270 75.1
97 284 66.1
97 300 77.1
98 8 167.2
98 14 91.1
98 21 100.1
98 30 92.1
98 46 165.2
98 49 149.2
98 52 143.2
98 58 197.2
98 69 137.1
98 76 82.1
98 83 88.1
98 91 166.2
98 110 92.1
98 140 99.1
98 152 158.2
98 153 189.2
98 161 173.2
98 227 83.1
99 12 65.1
99 43 38.1
99 59 75.1
99 69 169.2
99 72 68.1
99 81 56.1
99 90 139.2
99 108 83.1
99 119 108.2
99 171 79.1
99 179 68.1
99 182 81.1
99 197 110.2
99 206 181.29999999999998
99 215 73.1
99 274 66.1
99 284 162.2
99 287 130.2
99 294 83.1
100 0 75.1
100 7 70.1
100 8 61.1
100 23 120.2
100 30 151.2
100 39 73.1
100 42 165.2
100 70 145.2
100 76 128.2
100 102 51.1
100 105 166.2
100 113 121.2
100 125 48.1
100 154 77.1
100 169 81.1
100 172 82.1
100 215 82.1
100 243 75.1
100 254 93.1
100 264 90.1
100 289 90.1
101 14 82.1
101 15 64.1
101 16 249.29999999999998
101 20 252.29999999999998
101 23 72.1
101 32 80.1
101 34 165.2
101 41 179.2
101 44 152.2
101 64 90.1
101 86 66.1
101 94 248.29999999999998
101 130 78.1
101 149 149.2
101 155 118.19999999999999
101 205 150.2
101 206 101.1
101 210 57.1
101 236 80.1
102 1 74.1
102 7 214.29999999999998
102 11 120.2
102 19 74.1
102 21 223.29999999999998
102 23 70.1
102 24 139.2
102 72 138.2
102 83 152.2
102 86 222.29999999999998
102 100 63.1
102 137 81.1
102 138 133.2
102 159 95.1
102 175 75.1
102 179 74.1
102 206 53.1
102 230 68.1
103 25 54.1
103 55 101.2
103 62 47.1
103 81 100.2
103 87 124.19999999999999
103 95 60.1
103 107 136.2
103 108 151.2
103 128 77.1
103 137 64.1
103 172 71.1
103 181 75.1
103 204 82.1
103 209 78.1
103 213 173.3
103 228 150.2
103 239 108.2
104 9 128.2
104 15 144.2
104 28 161.2
104 39 134.2
104 40 56.1
104 46 78.1
104 73 73.1
104 88 167.2
104 124 65.1
104 129 161.2
104 143 75.1
104 160 136.2
104 193 76.1
104 196 140.2
104 217 61.1
104 233 70.1
104 245 69.1
104 246 86.1
104 260 90.1
105 0 225.29999999999998
105 3 88.1
105 23 94.1
105 28 101.1
105 30 197.2
105 33 80.1
105 42 88.1
105 60 84.1
105 70 84.1
105 76 187.2
105 80 94.1
105 89 86.1
105 100 170.2
105 113 97.1
105 125 141.2
105 154 158.2
105 155 97.1
105 172 156.2
105 177 121.1
105 182 94.1
105 209 78.1
105 213 82.1
105 271 103.1
105 299 97.1
106 26 57.1
106 27 180.2
106 43 155.2
106 77 64.1
106 89 68.1
106 132 147.2
106 145 91.1
106 146 91.1
106 150 175.2
106 185 148.2
106 186 84.1
106 209 137.2
106 211 209.2
106 233 168.2
106 243 85.1
106 277 75.1
106 281 92.1
106 294 73.1
106 297 94.1
107 36 93.1
107 55 211.29999999999998
107 59 97.1
107 62 154.2
107 81 143.2
107 87 73.1
107 95 140.2
107 103 142.2
107 108 150.2
107 166 63.1
107 184 205.2
107 196 63.1
107 213 120.19999999999999
107 228 168.2
107 239 86.1
107 278 83.1
107 285 97.1
108 29 71.1
108 55 153.2
108 62 152.2
108 65 62.1
108 81 141.2
108 87 240.29999999999998
108 88 86.1
108 95 266.29999999999995
108 97 82.1
108 99 71.1
108 103 156.2
108 107 124.19999999999999
108 116 77.1
108 119 57.1
108 147 63.1
108 213 95.1
108 217 58.1
108 228 160.2
108 239 144.2
109 4 154.2
109 6 74.1
109 8 87.1
109 10 221.29999999999998
109 13 135.2
109 26 133.2
109 51 144.2
109 114 67.1
109 120 146.2
109 171 75.1
109 178 162.2
109 208 136.2
109 227 86.1
109 229 145.2
109 253 76.1
109 268 186.3
109 277 122.1
110 14 72.1
110 16 74.1
110 21 74.1
110 57 60.1
110 61 75.1
110 63 63.1
110 65 48.1
110 74 71.1
110 76 58.1
110 78 89.1
110 79 78.1
110 80 56.1
110 91 69.1
110 98 55.1
110 118 77.1
110 124 63.1
110 143 76.1
110 144 93.1
110 161 72.1
110 163 76.1
110 167 84.1
110 180 63.1
110 190 84.1
110 196 80.1
110 244 57.1
110 245 77.1
110 296 55.1
111 3 148.2
111 29 66.1
111 33 74.1
111 55 66.1
111 60 213.29999999999998
111 62 83.1
111 63 223.29999999999998
111 65 141.2
111 81 62.1
111 95 72.1
111 115 135.2
111 124 209.29999999999998
111 169 71.1
111 209 93.1
111 235 112.1
111 270 90.1
111 281 95.1
111 283 100.1
111 285 103.1
111 292 71.1
112 2 138.2
112 3 51.1
112 14 53.1
112 33 174.3
112 42 49.1
112 50 223.29999999999998
112 60 41.1
112 77 67.1
112 118 117.2
112 124 69.1
112 130 59.1
112 131 138.2
112 150 54.1
112 152 65.1
112 210 138.2
112 233 67.1
112 238 173.3
112 244 134.2
113 0 89.2
113 3 46.1
113 22 81.1
113 23 95.2
113 27 74.1
113 30 52.1
113 42 111.2
113 43 62.1
113 48 64.1
113 70 104.2
113 76 98.2
113 100 129.2
113 105 79.1
113 125 52.1
113 151 77.1
113 154 57.1
113 160 68.1
113 172 75.1
113 202 70.1
113 264 74.1
113 276 68.1
114 6 73.1
114 15 71.1
114 58 69.1
114 109 73.1
114 121 285.29999999999995
114 126 58.1
114 127 247.29999999999998
114 225 142.2
114 232 77.1
114 244 77.1
114 252 91.1
114 258 175.2
114 271 144.2
114 283 174.2
114 288 190.2
114 297 190.2
115 3 147.2
115 19 55.1
115 43 58.1
115 60 125.19999999999999
115 63 132.2
115 65 136.2
115 111 126.19999999999999
115 118 71.1
115 124 170.29999999999998
115 127 75.1
115 131 72.1
115 147 65.1
115 154 54.1
115 174 76.1
115 184 86.1
115 216 77.1
115 226 54.1
115 227 84.1
115 271 91.1
115 288 102.1
115 291 85.1
115 297 98.1
116 0 57.1
116 12 123.19999999999999
116 14 192.29999999999998
116 29 59.1
116 37 65.1
116 43 145.2
116 48 131.2
116 69 108.1
116 90 81.1
116 108 68.1
116 131 87.1
116 135 76.1
116 148 135.2
116 171 118.19999999999999
116 194 76.1
116 197 62.1
116 199 62.1
116 206 78.1
116 242 93.1
116 255 79.1
116 278 67.1
117 31 60.1
117 36 60.1
117 44 63.1
117 47 131.2
117 61 146.2
117 66 61.1
117 93 58.1
117 130 132.2
117 136 75.1
117 142 71.1
117 162 112.19999999999999
117 180 80.1
117 188 136.2
117 190 164.2
117 195 128.2
117 220 81.1
117 234 138.2
118 2 154.2
118 5 58.1
118 33 162.3
118 39 69.1
118 50 152.2
118 68 74.1
118 110 62.1
118 112 126.19999999999999
118 115 49.1
118 131 226.29999999999998
118 164 81.1
118 171 70.1
118 205 72.1
118 206 62.1
118 207 87.1
118 210 139.2
118 238 143.2
118 244 122.19999999999999
119 22 157.2
119 59 150.2
119 69 168.2
119 72 74.1
119 81 38.1
119 90 139.2
119 99 119.2
119 108 64.1
119 171 89.1
119 192 69.1
119 197 156.2
119 206 128.2
119 274 85.1
119 275 80.1
119 284 213.29999999999998
119 287 158.2
119 290 78.1
119 295 78.1
120 10 130.2
120 13 120.2
120 26 143.2
120 51 127.19999999999999
120 84 86.1
120 92 93.1
120 109 135.2
120 147 57.1
120 161 67.1
120 178 131.2
120 208 192.29999999999998
120 216 89.1
120 227 89.1
120 229 176.2
120 250 79.1
120 268 127.19999999999999
120 300 71.1
121 53 139.2
121 71 76.1
121 114 206.29999999999998
121 127 182.2
121 155 66.1
121 216 163.2
121 258 264.29999999999995
121 262 82.1
121 270 68.1
121 271 161.2
121 283 160.2
121 288 156.2
121 297 150.2
122 35 72.1
122 54 218.29999999999998
122 82 139.2
122 126 136.2
122 134 87.1
122 148 79.1
122 176 62.1
122 186 224.29999999999998
122 217 87.1
122 253 139.2
122 270 89.1
122 273 177.2
122 290 167.2
122 301 188.2
123 1 130.2
123 32 70.1
123 44 70.1
123 45 227.29999999999998
123 67 209.29999999999998
123 74 150.2
123 79 176.2
123 96 133.2
123 180 78.1
123 193 73.1
123 194 70.1
123 236 73.1
123 238 92.1
123 246 91.1
123 252 54.1
123 256 249.29999999999998
123 259 103.1
123 266 66.1
123 296 88.1
124 3 151.2
124 6 79.1
124 48 54.1
124 50 76.1
124 60 123.19999999999999
124 62 82.1
124 63 140.2
124 65 129.2
124 66 96.1
124 88 94.1
124 104 80.1
124 110 65.1
124 111 177.29999999999998
124 112 57.1
124 115 212.29999999999998
124 129 82.1
124 217 48.1
124 249 65.1
124 260 101.1
124 269 82.1
125 0 135.2
125 13 68.1
125 23 134.2
125 30 140.2
125 42 71.1
125 70 60.1
125 76 76.1
125 85 81.1
125 100 76.1
125 105 157.2
125 113 60.1
125 126 90.1
125 146 98.1
125 148 64.1
125 154 138.2
125 172 140.2
125 210 76.1
125 252 80.1
125 262 106.1
125 268 61.1
125 291 70.1
126 49 67.1
126 54 142.2
126 82 231.29999999999998
126 84 63.1
126 91 97.1
126 97 66.1
126 114 64.1
126 122 159.2
126 125 85.1
126 132 90.1
126 158 63.1
126 186 208.29999999999998
126 253 156.2
126 273 158.2
126 290 143.2
126 301 103.1
127 63 86.1
127 69 80.1
127 114 230.29999999999998
127 115 62.1
127 121 187.2
127 168 162.2
127 217 53.1
127 246 65.1
127 258 177.2
127 271 220.29999999999998
127 280 64.1
127 283 173.2
127 288 174.2
127 297 186.2
128 31 83.1
128 51 70.1
128 57 148.2
128 77 85.1
128 103 79.1
128 144 226.29999999999998
128 167 84.1
128 187 52.1
128 198 75.1
128 202 86.1
128 217 160.3
128 235 94.1
128 246 77.1
128 249 225.29999999999998
128 254 62.1
128 256 63.1
128 260 177.2
128 264 154.2
128 292 60.1
129 5 67.1
129 9 58.1
129 15 134.2
129 18 50.1
129 28 132.2
129 39 132.2
129 40 121.19999999999999
129 50 69.1
129 69 121.1
129 73 133.2
129 88 141.2
129 104 128.2
129 124 70.1
129 130 71.1
129 160 58.1
129 191 81.1
129 196 127.19999999999999
129 254 73.1
129 263 84.1
129 293 95.1
130 1 78.1
130 9 62.1
130 33 60.1
130 44 79.1
130 61 178.2
130 66 101.1
130 77 90.1
130 78 82.1
130 101 74.1
130 112 56.1
130 117 158.2
130 129 91.1
130 162 138.2
130 188 180.2
130 190 198.2
130 195 176.2
130 210 82.1
130 221 92.1
130 234 128.2
130 252 93.1
131 2 138.2
131 15 65.1
131 33 146.2
131 37 64.1
131 50 159.2
131 52 67.1
131 74 80.1
131 94 77.1
131 112 113.2
131 115 76.1
131 116 66.1
131 118 208.29999999999998
131 185 87.1
131 188 94.1
131 203 78.1
131 210 133.2
131 238 115.2
131 244 129.2
132 7 50.1
132 27 154.2
132 54 74.1
132 75 57.1
132 84 68.1
132 106 170.2
132 126 81.1
132 133 64.1
132 142 74.1
132 150 205.29999999999998
132 177 82.1
132 185 225.29999999999998
132 198 70.1
132 204 83.1
132 209 148.2
132 211 167.2
132 233 126.2
132 258 80.1
133 85 138.2
133 132 50.1
133 145 127.19999999999999
133 146 125.19999999999999
133 172 75.1
133 201 151.2
133 204 77.1
133 211 94.1
133 216 138.2
133 219 101.2
133 222 62.1
133 229 74.1
133 261 141.2
133 277 126.2
133 291 155.2
134 13 67.1
134 63 73.1
134 82 88.1
134 122 73.1
134 176 63.1
134 184 140.1
134 186 85.1
134 217 58.1
134 219 145.2
134 227 235.29999999999998
134 250 69.1
134 253 72.1
134 254 152.2
134 270 182.2
134 290 146.2
134 301 250.29999999999998
135 22 164.2
135 116 67.1
135 141 148.2
135 169 220.29999999999998
135 181 58.1
135 182 150.2
135 183 147.2
135 202 159.2
135 226 80.1
135 263 86.1
135 264 156.2
135 271 61.1
135 278 165.2
135 286 63.1
135 289 174.2
135 299 93.1
136 17 83.1
136 32 68.1
136 61 76.1
136 78 150.2
136 117 79.1
136 142 157.2
136 173 199.29999999999998
136 180 76.1
136 190 81.1
136 195 69.1
136 221 156.2
136 234 64.1
136 252 173.2
136 266 77.1
136 267 75.1
136 272 208.3
136 296 105.2
136 298 67.1
137 19 58.1
137 22 123.19999999999999
137 51 65.1
137 102 58.1
137 103 62.1
137 138 66.1
137 159 62.1
137 170 122.19999999999999
137 179 51.1
137 230 74.1
137 263 116.19999999999999
137 275 57.1
137 276 134.2
137 280 140.2
137 287 66.1
137 295 167.2
137 298 150.2
138 7 81.2
138 11 119.19999999999999
138 21 126.19999999999999
138 24 123.19999999999999
138 34 75.1
138 42 83.1
138 72 115.19999999999999
138 83 122.2
138 86 167.3
138 102 112.2
138 137 77.1
138 170 96.1
138 185 66.1
138 230 98.1
138 241 70.1
138 275 81.1
138 276 69.1
138 293 60.1
139 27 85.1
139 29 139.2
139 35 166.2
139 38 130.2
139 49 67.1
139 75 154.2
139 80 161.2
139 82 72.1
139 84 91.1
139 89 212.29999999999998
139 145 88.1
139 178 78.1
139 180 96.1
139 181 154.2
139 199 93.1
139 261 97.1
139 268 75.1
139 273 87.1
139 281 100.1
140 4 132.2
140 6 82.1
140 10 63.1
140 84 159.2
140 92 131.2
140 98 65.1
140 143 77.1
140 147 65.1
140 158 127.19999999999999
140 174 131.2
140 176 144.2
140 208 83.1
140 214 226.29999999999998
140 216 68.1
140 227 80.1
140 269 135.2
140 300 146.2
141 14 75.1
141 22 91.1
141 63 65.1
141 135 136.2
141 159 135.2
141 169 146.2
141 182 212.29999999999998
141 183 123.19999999999999
141 196 49.1
141 202 226.29999999999998
141 226 77.1
141 235 84.1
141 250 55.1
141 251 75.1
141 264 143.2
141 278 171.2
141 289 146.2
142 16 75.1
142 17 54.1
142 36 73.1
142 78 179.2
142 96 84.1
142 117 80.1
142 132 75.1
142 136 185.2
142 173 139.2
142 185 82.1
142 188 60.1
142 190 73.1
142 195 75.1
142 221 182.2
142 248 79.1
142 252 155.2
142 272 144.2
142 287 92.1
142 296 205.29999999999998
143 6 141.2
143 25 125.19999999999999
143 49 80.1
143 93 226.29999999999998
143 97 125.19999999999999
143 104 60.1
143 110 73.1
143 140 80.1
143 144 80.1
143 147 226.29999999999998
143 163 148.2
143 174 72.1
143 185 65.1
143 208 75.1
143 227 84.1
143 250 145.2
143 294 80.1
143 300 79.1
144 18 59.1
144 57 108.2
144 65 73.1
144 77 71.1
144 87 61.1
144 88 70.1
144 110 63.1
144 128 187.29999999999998
144 143 71.1
144 167 75.1
144 217 113.2
144 223 60.1
144 239 72.1
144 246 75.1
144 249 147.2
144 254 75.1
144 260 137.2
144 270 56.1
144 275 75.1
144 292 68.1
145 17 65.1
145 85 139.2
145 106 99.1
145 133 147.2
145 139 70.1
145 146 141.2
145 201 131.2
145 209 74.1
145 216 163.2
145 219 128.2
145 261 153.2
145 277 235.29999999999998
145 282 76.1
145 291 146.2
146 13 53.1
146 85 150.2
146 106 61.1
146 125 58.1
146 133 124.19999999999999
146 145 111.2
146 184 100.1
146 201 163.2
146 216 142.2
146 219 141.2
146 261 234.29999999999998
146 262 77.1
146 277 152.2
146 279 100.1
146 291 141.2
147 6 162.2
147 13 55.1
147 25 156.2
147 75 75.1
147 91 88.1
147 92 74.1
147 93 134.2
147 97 152.2
147 108 80.1
147 115 80.1
147 120 81.1
147 140 79.1
147 143 240.29999999999998
147 161 75.1
147 163 163.2
147 250 130.2
147 270 82.1
147 280 86.1
148 0 60.1
148 3 71.1
148 12 154.2
148 14 212.29999999999998
148 43 143.2
148 48 215.29999999999998
148 116 152.2
148 122 76.1
148 125 66.1
148 154 79.1
148 171 187.29999999999998
148 172 76.1
148 184 100.1
148 202 77.1
148 262 89.1
148 263 69.1
148 291 155.2
148 294 85.1
149 2 104.1
149 16 171.2
149 20 145.2
149 34 159.2
149 41 163.2
149 44 169.2
149 52 94.1
149 76 71.1
149 94 229.29999999999998
149 101 148.2
149 155 154.2
149 162 67.1
149 179 89.1
149 198 83.1
149 205 150.2
149 207 103.1
149 252 88.1
150 23 73.1
150 27 192.2
150 30 80.1
150 35 102.1
150 65 99.1
150 86 92.1
150 89 75.1
150 106 216.2
150 112 70.1
150 132 274.29999999999995
150 153 86.1
150 185 213.2
150 209 191.2
150 211 209.2
150 219 105.1
150 222 97.1
150 225 84.1
150 233 276.29999999999995
150 277 95.1
151 7 66.1
151 11 73.1
151 14 81.1
151 50 81.1
151 64 84.1
151 79 73.1
151 90 75.1
151 113 60.1
151 156 78.1
151 170 218.29999999999998
151 175 134.2
151 199 130.2
151 215 148.2
151 230 185.2
151 242 130.2
151 255 69.1
151 274 179.2
151 282 146.2
152 4 84.1
152 8 141.2
152 10 70.1
152 27 95.1
152 41 72.1
152 46 160.2
152 49 152.2
152 52 153.2
152 58 132.2
152 87 69.1
152 91 160.2
152 98 135.2
152 112 54.1
152 153 149.2
152 161 170.2
152 209 91.1
152 222 78.1
152 270 93.1
152 281 82.1
153 8 144.2
153 46 149.2
153 49 146.2
153 52 187.2
153 58 175.2
153 91 159.2
153 98 161.2
153 150 81.1
153 152 160.2
153 161 171.2
153 193 78.1
153 227 106.1
153 229 70.1
153 253 77.1
153 273 87.1
153 288 105.1
154 0 136.2
154 23 77.1
154 30 151.2
154 42 161.2
154 70 77.1
154 76 145.2
154 100 59.1
154 105 170.2
154 113 61.1
154 115 60.1
154 125 146.2
154 148 81.1
154 172 163.2
154 181 75.1
154 218 74.1
154 279 95.1
154 280 77.1
154 288 102.1
154 299 83.1
155 3 83.1
155 16 142.2
155 20 239.29999999999998
155 34 201.29999999999998
155 41 176.2
155 44 165.2
155 65 74.1
155 67 47.1
155 68 70.1
155 94 153.2
155 101 137.2
155 105 79.1
155 121 83.1
155 149 156.2
155 205 126.19999999999999
155 237 85.1
155 293 99.1
156 45 61.1
156 63 82.1
156 77 75.1
156 83 60.1
156 151 64.1
156 181 61.1
156 197 69.1
156 203 62.1
156 231 153.2
156 237 142.2
156 243 49.1
156 257 124.2
156 265 120.2
156 284 90.1
156 285 168.2
156 286 207.29999999999998
156 293 146.2
156 299 174.2
157 23 68.1
157 37 156.2
157 43 138.2
157 53 234.29999999999998
157 68 81.1
157 70 68.1
157 96 61.1
157 168 160.2
157 184 181.2
157 200 128.2
157 222 147.2
157 225 148.2
157 226 172.2
157 232 89.1
157 294 147.2
158 3 73.1
158 4 234.29999999999998
158 35 71.1
158 84 212.29999999999998
158 92 142.2
158 126 65.1
158 140 152.2
158 160 60.1
158 174 217.29999999999998
158 176 127.19999999999999
158 214 152.2
158 227 58.1
158 265 69.1
158 269 149.2
158 292 71.1
158 300 145.2
159 1 102.1
159 22 156.2
159 50 82.1
159 76 75.1
159 102 59.1
159 137 76.1
159 141 177.2
159 179 144.2
159 181 81.1
159 189 174.2
159 263 156.2
159 275 245.29999999999998
159 276 68.1
159 278 92.1
159 280 186.2
159 295 73.1
159 298 219.2
160 9 140.2
160 14 85.1
160 15 111.2
160 28 147.2
160 35 91.1
160 38 70.1
160 39 150.2
160 40 69.1
160 73 143.2
160 88 181.2
160 104 175.2
160 113 78.1
160 129 67.1
160 158 70.1
160 196 149.2
160 218 117.1
160 249 92.1
160 254 111.1
160 292 80.1
161 2 70.1
161 8 127.19999999999999
161 37 78.1
161 46 172.2
161 49 120.2
161 52 167.2
161 55 64.1
161 58 159.2
161 91 169.2
161 92 66.1
161 93 71.1
161 98 145.2
161 110 69.1
161 120 72.1
161 147 85.1
161 152 173.2
161 153 160.2
161 214 73.1
162 33 67.1
162 37 43.1
162 61 133.2
162 73 37.1
162 77 49.1
162 78 83.1
162 117 113.2
162 130 107.2
162 149 65.1
162 185 71.1
162 188 146.2
162 190 159.2
162 192 62.1
162 195 141.2
162 210 38.1
162 221 70.1
162 234 109.2
162 238 79.1
163 6 181.2
163 25 200.3
163 29 55.1
163 75 65.1
163 84 54.1
163 92 55.1
163 93 130.2
163 97 130.2
163 110 90.1
163 143 145.2
163 147 126.19999999999999
163 214 70.1
163 227 90.1
163 234 72.1
163 239 98.1
163 250 129.2
163 301 169.2
164 1 62.1
164 23 72.1
164 32 135.2
164 45 65.1
164 66 131.2
164 118 71.1
164 175 48.1
164 207 162.2
164 220 77.1
164 231 79.1
164 236 192.29999999999998
164 240 192.2
164 255 148.2
164 259 148.2
164 266 151.2
164 267 221.29999999999998
164 272 52.1
165 35 62.1
165 55 58.1
165 56 222.29999999999998
165 63 77.1
165 88 80.1
165 192 157.2
165 220 140.2
165 224 161.2
165 235 184.2
165 245 216.29999999999998
165 247 141.2
165 260 168.2
165 279 180.2
165 281 150.2
166 5 201.29999999999998
166 18 121.19999999999999
166 40 90.1
166 107 51.1
166 178 75.1
166 187 117.2
166 189 141.2
166 192 66.1
166 193 129.2
166 198 132.2
166 199 63.1
166 212 145.2
166 218 142.2
166 223 127.19999999999999
166 235 89.1
166 249 75.1
166 292 79.1
167 2 88.1
167 5 90.1
167 48 55.1
167 57 81.1
167 60 80.1
167 63 99.1
167 77 159.2
167 79 86.1
167 110 73.1
167 128 106.1
167 144 81.1
167 217 76.1
167 223 89.1
167 227 101.1
167 246 245.29999999999998
167 248 85.1
167 249 93.1
167 254 177.2
167 260 96.1
167 282 77.1
167 292 144.2
168 37 181.3
168 53 120.19999999999999
168 127 140.2
168 157 152.2
168 178 64.1
168 184 251.29999999999998
168 197 52.1
168 200 102.2
168 222 109.2
168 225 102.2
168 226 143.2
168 278 153.2
168 294 113.2
169 40 64.1
169 60 73.1
169 95 72.1
169 100 78.1
169 111 54.1
169 135 234.29999999999998
169 141 137.2
169 182 242.29999999999998
169 183 166.2
169 202 156.2
169 243 150.2
169 245 69.1
169 264 242.29999999999998
169 278 128.2
169 289 141.2
170 19 137.2
170 42 65.1
170 69 95.1
170 83 69.1
170 137 139.2
170 138 66.1
170 151 244.29999999999998
170 175 205.29999999999998
170 199 190.29999999999998
170 215 134.2
170 230 176.2
170 242 158.2
170 257 70.1
170 274 171.2
170 276 81.1
170 282 149.2
171 1 71.1
171 2 73.1
171 12 135.2
171 14 143.2
171 43 141.2
171 48 143.2
171 95 76.1
171 99 92.1
171 109 78.1
171 116 157.2
171 118 79.1
171 119 77.1
171 148 192.29999999999998
171 179 146.2
171 188 76.1
171 197 77.1
171 274 101.1
171 275 92.1
171 276 70.1
172 0 110.2
172 12 62.1
172 23 116.2
172 30 183.2
172 42 72.1
172 55 61.1
172 68 77.1
172 70 51.1
172 76 65.1
172 100 75.1
172 103 70.1
172 105 146.2
172 113 61.1
172 125 94.2
172 133 91.1
172 148 69.1
172 154 151.2
172 201 70.1
172 204 89.1
172 231 75.1
172 293 90.1
173 36 79.1
173 51 136.2
173 68 83.1
173 78 233.29999999999998
173 136 228.29999999999998
173 142 155.2
173 188 53.1
173 191 64.1
173 194 104.1
173 206 65.1
173 221 162.2
173 237 62.1
173 252 223.29999999999998
173 272 131.2
173 287 86.1
173 296 132.2
173 298 101.1
174 4 178.2
174 64 92.1
174 65 62.1
174 84 147.2
174 92 140.2
174 97 77.1
174 115 59.1
174 140 141.2
174 143 91.1
174 158 188.29999999999998
174 176 112.2
174 214 137.2
174 250 70.1
174 259 77.1
174 269 149.2
174 300 140.2
174 301 83.1
175 24 65.1
175 56 68.1
175 59 72.1
175 102 55.1
175 151 143.2
175 164 75.1
175 170 242.29999999999998
175 187 47.1
175 195 82.1
175 199 141.2
175 215 159.2
175 230 263.29999999999995
175 242 244.29999999999998
175 274 166.2
175 275 77.1
175 282 150.2
175 286 73.1
175 287 84.1
176 4 175.2
176 10 71.1
176 13 83.1
176 54 134.2
176 84 148.2
176 92 132.2
176 122 67.1
176 134 76.1
176 140 187.2
176 158 139.2
176 174 139.2
176 214 259.29999999999995
176 269 139.2
176 300 160.2
176 301 106.1
177 12 65.1
177 19 62.1
177 53 146.2
177 59 153.2
177 71 149.2
177 81 59.1
177 105 94.1
177 132 56.1
177 194 163.2
177 232 146.2
177 241 189.2
177 243 149.2
177 251 169.2
177 262 187.2
177 277 207.2
177 288 85.1
178 10 136.2
178 13 223.29999999999998
178 26 222.29999999999998
178 51 240.29999999999998
178 54 89.1
178 109 142.2
178 120 130.2
178 139 57.1
178 166 79.1
178 168 86.1
178 183 90.1
178 208 138.2
178 212 64.1
178 229 155.2
178 268 142.2
178 284 75.1
179 22 162.2
179 41 65.1
179 54 64.1
179 74 88.1
179 99 78.1
179 102 62.1
179 137 70.1
179 149 66.1
179 159 154.2
179 171 133.2
179 221 96.1
179 263 62.1
179 275 150.2
179 276 136.2
179 280 52.1
179 295 142.2
179 298 158.2
180 17 95.2
180 31 225.29999999999998
180 36 181.2
180 47 158.2
180 64 127.19999999999999
180 78 66.1
180 110 52.1
180 117 70.1
180 123 57.1
180 136 96.1
180 139 77.1
180 190 82.1
180 191 227.29999999999998
180 203 122.19999999999999
180 234 54.1
180 248 142.2
180 296 75.1
181 0 48.1
181 29 152.2
181 35 131.2
181 38 120.19999999999999
181 49 63.1
181 73 69.1
181 75 186.29999999999998
181 80 121.2
181 89 153.2
181 103 51.1
181 135 71.1
181 139 119.19999999999999
181 154 78.1
181 156 93.1
181 159 87.1
181 265 66.1
181 281 80.1
182 99 73.1
182 105 69.1
182 135 140.2
182 141 241.29999999999998
182 169 268.29999999999995
182 183 166.2
182 202 144.2
182 247 48.1
182 264 185.2
182 278 188.2
182 279 107.1
182 283 197.2
182 289 251.29999999999998
182 297 116.1
183 24 75.1
183 31 92.1
183 43 48.1
183 67 82.1
183 80 77.1
183 95 72.1
183 135 146.2
183 141 125.19999999999999
183 169 153.2
183 178 70.1
183 182 134.2
183 202 121.19999999999999
183 260 173.2
183 264 147.2
183 278 136.2
183 289 141.2
184 37 178.2
184 53 178.2
184 107 132.2
184 115 105.1
184 134 72.1
184 146 86.1
184 148 76.1
184 157 188.2
184 168 232.29999999999998
184 200 149.2
184 222 157.2
184 225 126.19999999999999
184 226 142.2
184 258 106.1
184 294 201.2
184 297 156.1
185 8 73.1
185 12 74.1
185 27 153.2
185 38 56.1
185 82 78.1
185 96 76.1
185 97 68.1
185 106 167.2
185 131 68.1
185 132 206.29999999999998
185 138 41.1
185 142 96.1
185 143 78.1
185 150 170.2
185 162 66.1
185 201 97.1
185 204 60.1
185 209 146.2
185 211 156.2
185 233 143.2
185 294 76.1
186 10 54.1
186 13 86.1
186 40 75.1
186 54 137.2
186 64 70.1
186 82 165.2
186 90 86.1
186 106 109.1
186 122 230.29999999999998
186 126 228.29999999999998
186 134 94.1
186 253 143.2
186 259 83.1
186 268 56.1
186 273 155.2
186 290 157.2
187 5 119.2
187 18 123.19999999999999
187 27 66.1
187 39 45.1
187 67 64.1
187 128 72.1
187 166 103.2
187 175 44.1
187 189 126.19999999999999
187 193 120.19999999999999
187 198 132.2
187 212 134.2
187 218 142.2
187 223 88.2
187 247 53.1
187 254 66.1
188 6 81.1
188 21 38.1
188 31 87.1
188 61 127.19999999999999
188 94 61.1
188 97 43.1
188 117 133.2
188 130 138.2
188 131 71.1
188 142 61.1
188 162 126.19999999999999
188 171 53.1
188 173 61.1
188 190 165.2
188 195 130.2
188 221 95.1
188 227 81.1
188 234 148.2
188 238 65.1
189 5 112.2
189 18 125.19999999999999
189 40 66.1
189 74 95.1
189 88 68.1
189 159 156.2
189 166 106.2
189 187 114.2
189 193 143.2
189 198 123.19999999999999
189 212 118.2
189 218 122.19999999999999
189 223 97.2
189 292 57.1
190 46 55.1
190 56 94.1
190 61 150.2
190 78 89.1
190 110 53.1
190 117 128.2
190 130 127.19999999999999
190 136 68.1
190 142 80.1
190 162 123.19999999999999
190 180 56.1
190 188 120.19999999999999
190 195 134.2
190 221 87.1
190 234 143.2
190 252 61.1
190 272 78.1
190 273 78.1
191 17 204.29999999999998
191 19 51.1
191 31 145.2
191 36 173.2
191 47 173.2
191 64 147.2
191 78 86.1
191 129 74.1
191 173 82.1
191 180 294.29999999999995
191 199 89.1
191 203 223.29999999999998
191 210 73.1
191 236 68.1
191 248 134.2
191 266 69.1
191 282 64.1
191 296 64.1
192 56 235.29999999999998
192 65 73.1
192 119 63.1
192 162 45.1
192 165 134.2
192 166 58.1
192 220 168.2
192 224 221.29999999999998
192 235 141.2
192 245 143.2
192 247 159.2
192 278 138.2
192 279 178.2
192 281 141.2
193 5 223.29999999999998
193 18 153.2
193 82 64.1
193 104 92.1
193 123 71.1
193 153 82.1
193 166 147.2
193 187 148.2
193 189 165.2
193 198 162.2
193 212 219.29999999999998
193 218 208.29999999999998
193 223 118.19999999999999
193 234 71.1
193 271 81.1
194 0 54.1
194 19 53.1
194 24 41.1
194 59 138.2
194 66 80.1
194 68 124.2
194 71 141.2
194 116 67.1
194 123 57.1
194 173 67.1
194 177 149.2
194 203 57.1
194 222 86.1
194 232 194.29999999999998
194 241 214.29999999999998
194 243 65.1
194 251 169.2
194 262 204.29999999999998
195 17 63.1
195 36 64.1
195 47 79.1
195 61 151.2
195 74 57.1
195 78 74.1
195 117 123.19999999999999
195 130 136.2
195 136 66.1
195 142 68.1
195 162 128.2
195 175 65.1
195 188 123.2
195 190 141.2
195 234 133.2
195 248 54.1
195 252 56.1
195 267 79.1
196 9 102.2
196 10 72.1
196 12 68.1
196 15 54.1
196 28 165.2
196 39 144.2
196 40 148.2
196 53 77.1
196 57 89.1
196 73 156.2
196 75 80.1
196 76 70.1
196 88 88.1
196 104 145.2
196 107 84.1
196 110 79.1
196 129 159.2
196 141 92.1
196 160 150.2
196 202 79.1
196 223 92.1
197 2 75.1
197 15 68.1
197 27 74.1
197 40 91.1
197 69 204.2
197 90 235.29999999999998
197 95 80.1
197 99 126.19999999999999
197 116 64.1
197 119 163.2
197 156 78.1
197 168 70.1
197 171 74.1
197 199 80.1
197 206 233.29999999999998
197 276 72.1
197 284 161.2
197 287 219.29999999999998
197 293 101.1
198 5 126.19999999999999
198 18 149.2
198 67 50.1
198 74 80.1
198 96 86.1
198 128 56.1
198 132 57.1
198 149 50.1
198 166 114.2
198 187 130.2
198 189 138.2
198 193 120.19999999999999
198 202 74.1
198 212 130.2
198 218 150.2
198 223 177.3
198 254 70.1
199 48 70.1
199 80 76.1
199 116 45.1
199 139 77.1
199 151 142.2
199 166 69.1
199 170 191.29999999999998
199 175 117.2
199 191 68.1
199 197 86.1
199 215 113.19999999999999
199 230 136.2
199 242 132.2
199 263 62.1
199 274 153.2
199 282 173.3
200 6 65.1
200 37 120.2
200 53 129.2
200 71 144.2
200 85 85.1
200 157 123.19999999999999
200 168 116.19999999999999
200 184 157.2
200 211 161.2
200 222 121.19999999999999
200 225 161.3
200 226 99.2
200 294 115.2
200 301 63.1
201 27 76.1
201 30 71.1
201 81 64.1
201 85 244.29999999999998
201 133 162.2
201 145 132.2
201 146 148.2
201 172 76.1
201 185 68.1
201 216 163.2
201 219 120.2
201 222 81.1
201 258 81.1
201 261 161.2
201 277 181.2
201 288 107.1
201 291 160.2
202 35 55.1
202 60 59.1
202 113 52.1
202 128 69.1
202 135 137.2
202 141 215.29999999999998
202 148 86.1
202 169 167.2
202 182 146.2
202 183 154.2
202 196 62.1
202 198 83.1
202 264 166.2
202 274 89.1
202 278 142.2
202 289 152.2
203 17 148.2
203 20 70.1
203 21 70.1
203 31 152.2
203 36 251.29999999999998
203 37 70.1
203 47 221.29999999999998
203 55 82.1
203 64 139.2
203 74 79.1
203 96 84.1
203 131 66.1
203 156 78.1
203 180 144.2
203 191 196.29999999999998
203 194 69.1
203 248 119.2
203 256 67.1
204 38 45.1
204 62 61.1
204 89 53.1
204 95 71.1
204 103 62.1
204 132 72.1
204 133 73.1
204 172 53.1
204 185 58.1
204 209 59.1
204 213 54.1
204 219 81.1
204 226 71.1
204 228 64.1
204 233 71.1
204 245 66.1
204 261 152.2
204 264 155.2
204 275 73.1
204 278 70.1
204 290 75.1
204 301 89.1
205 16 153.2
205 20 215.29999999999998
205 33 57.1
205 34 135.2
205 41 146.2
205 44 251.29999999999998
205 47 82.1
205 50 80.1
205 56 75.1
205 70 86.1
205 86 67.1
205 94 137.2
205 101 145.2
205 118 76.1
205 149 135.2
205 155 106.2
205 207 69.1
206 2 78.1
206 39 53.1
206 52 68.1
206 59 60.1
206 64 57.1
206 69 187.2
206 90 106.2
206 99 171.3
206 101 70.1
206 102 49.1
206 116 72.1
206 118 56.1
206 119 125.19999999999999
206 173 60.1
206 197 218.29999999999998
206 242 66.1
206 284 152.2
206 287 137.2
206 298 105.1
207 32 146.2
207 34 51.1
207 50 62.1
207 66 114.2
207 118 58.1
207 149 67.1
207 164 143.2
207 205 59.1
207 236 123.19999999999999
207 240 245.29999999999998
207 247 59.1
207 255 139.2
207 259 150.2
207 266 131.2
207 267 152.2
207 282 76.1
207 284 82.1
208 10 170.3
208 13 115.2
208 26 120.2
208 51 122.19999999999999
208 109 114.19999999999999
208 120 194.29999999999998
208 140 73.1
208 143 67.1
208 178 142.2
208 227 68.1
208 229 132.2
208 250 61.1
208 268 106.2
208 270 67.1
209 27 150.2
209 38 51.1
209 62 77.1
209 75 58.1
209 78 88.1
209 80 68.1
209 89 60.1
209 103 67.1
209 105 66.1
209 106 149.2
209 111 69.1
209 132 126.19999999999999
209 145 81.1
209 150 124.19999999999999
209 152 83.1
209 185 124.19999999999999
209 204 70.1
209 211 176.2
209 233 208.29999999999998
210 2 144.2
210 33 177.3
210 50 140.2
210 65 66.1
210 77 83.1
210 79 83.1
210 90 92.1
210 101 60.1
210 112 137.2
210 118 157.2
210 125 66.1
210 130 92.1
210 131 155.2
210 162 58.1
210 191 78.1
210 238 141.2
210 244 201.3
210 266 62.1
211 0 64.1
211 27 289.29999999999995
211 48 84.1
211 61 66.1
211 67 91.1
211 106 194.2
211 132 175.2
211 133 111.1
211 150 201.2
211 185 152.2
211 200 165.2
211 209 192.2
211 213 95.1
211 233 196.2
211 249 120.1
211 288 115.1
211 289 100.1
212 5 134.2
212 18 151.2
212 67 59.1
212 166 153.2
212 178 79.1
212 187 161.2
212 189 151.2
212 193 216.29999999999998
212 198 144.2
212 218 133.2
212 223 125.19999999999999
212 232 73.1
212 239 86.1
212 244 55.1
212 270 74.1
213 4 85.1
213 38 88.1
213 55 236.29999999999998
213 62 147.2
213 81 140.2
213 87 175.2
213 89 61.1
213 95 200.29999999999998
213 103 223.29999999999998
213 105 63.1
213 107 136.2
213 108 79.1
213 204 99.1
213 211 107.1
213 226 70.1
213 228 79.1
213 239 146.2
213 261 77.1
214 4 157.2
214 5 72.1
214 8 58.1
214 84 231.29999999999998
214 89 77.1
214 92 160.2
214 97 69.1
214 140 235.29999999999998
214 158 149.2
214 161 89.1
214 163 73.1
214 174 135.2
214 176 230.29999999999998
214 227 89.1
214 250 75.1
214 269 162.2
214 300 168.2
215 42 66.1
215 83 57.1
215 86 77.1
215 99 60.1
215 100 44.1
215 151 146.2
215 170 119.2
215 175 121.19999999999999
215 199 130.2
215 230 158.2
215 242 180.29999999999998
215 243 61.1
215 274 153.2
215 279 93.1
215 282 128.2
216 4 63.1
216 12 70.1
216 85 143.2
216 115 62.1
216 120 67.1
216 121 170.2
216 133 147.2
216 140 74.1
216 145 149.2
216 146 143.2
216 201 175.2
216 219 146.2
216 261 147.2
216 277 148.2
216 291 199.29999999999998
217 1 62.1
217 18 69.1
217 57 104.2
217 77 131.2
217 91 71.1
217 104 57.1
217 108 64.1
217 122 81.1
217 124 50.1
217 127 75.1
217 128 185.3
217 134 65.1
217 144 139.2
217 167 55.1
217 228 74.1
217 246 148.2
217 249 130.2
217 254 70.1
217 260 142.2
217 292 55.1
217 293 76.1
218 5 155.2
218 18 242.29999999999998
218 57 85.1
218 154 82.1
218 160 95.1
218 166 163.2
218 187 143.2
218 189 169.2
218 193 216.29999999999998
218 198 156.2
218 212 124.2
218 223 189.29999999999998
218 226 77.1
218 228 88.1
218 265 75.1
219 53 66.1
219 85 131.2
219 133 116.2
219 134 113.19999999999999
219 145 127.19999999999999
219 146 137.2
219 150 60.1
219 201 116.2
219 204 65.1
219 216 133.2
219 261 141.2
219 277 151.2
219 290 54.1
219 291 130.2
220 0 39.1
220 15 56.1
220 39 62.1
220 56 128.2
220 117 75.1
220 164 58.1
220 165 115.19999999999999
220 192 153.2
220 224 157.2
220 231 84.1
220 235 190.2
220 245 106.2
220 247 133.2
220 267 159.2
220 279 171.2
220 281 137.2
221 20 48.1
221 47 69.1
221 61 78.1
221 72 84.1
221 78 126.19999999999999
221 130 57.1
221 136 135.2
221 142 158.2
221 162 52.1
221 173 132.2
221 179 81.1
221 188 68.1
221 190 83.1
221 234 69.1
221 252 200.29999999999998
221 272 166.3
221 296 140.2
222 27 64.1
222 37 120.19999999999999
222 53 162.2
222 133 67.1
222 150 54.1
222 152 80.1
222 157 138.2
222 168 131.2
222 184 157.2
222 194 56.1
222 200 111.2
222 201 65.1
222 225 114.2
222 226 129.2
222 294 187.29999999999998
223 5 144.2
223 18 112.2
223 36 71.1
223 63 81.1
223 144 71.1
223 166 124.2
223 167 70.1
223 187 156.2
223 189 145.2
223 193 160.2
223 196 77.1
223 198 220.29999999999998
223 212 137.2
223 218 195.3
223 246 69.1
223 274 69.1
224 34 48.1
224 35 60.1
224 56 114.2
224 73 53.1
224 165 155.2
224 192 181.3
224 220 124.19999999999999
224 235 141.2
224 245 123.19999999999999
224 247 108.2
224 249 74.1
224 260 154.2
224 279 142.2
224 281 137.2
225 37 118.19999999999999
225 38 72.1
225 53 112.2
225 114 134.2
225 150 73.1
225 157 142.2
225 168 145.2
225 184 136.2
225 200 196.29999999999998
225 222 115.2
225 226 176.29999999999998
225 229 61.1
225 243 56.1
225 294 131.2
226 33 72.1
226 37 148.2
226 53 233.29999999999998
226 115 78.1
226 135 86.1
226 141 82.1
226 157 164.2
226 168 180.2
226 184 178.2
226 200 131.2
226 204 83.1
226 213 68.1
226 218 84.1
226 222 172.2
226 225 212.29999999999998
226 294 257.29999999999995
227 58 65.1
227 60 54.1
227 97 72.1
227 98 60.1
227 109 73.1
227 115 62.1
227 120 56.1
227 134 207.29999999999998
227 140 71.1
227 143 69.1
227 153 59.1
227 158 64.1
227 163 80.1
227 167 65.1
227 188 72.1
227 208 73.1
227 214 73.1
227 250 52.1
227 269 79.1
227 270 275.29999999999995
227 301 180.2
228 55 119.2
228 57 67.1
228 59 94.1
228 62 135.2
228 81 132.2
228 87 157.2
228 95 144.2
228 103 152.2
228 107 130.2
228 108 139.2
228 204 70.1
228 213 66.1
228 217 53.1
228 218 80.1
228 239 77.1
228 241 74.1
228 280 85.1
229 4 160.2
229 10 136.2
229 13 178.2
229 26 202.29999999999998
229 51 164.2
229 52 61.1
229 109 146.2
229 120 170.2
229 133 76.1
229 153 54.1
229 178 159.2
229 208 156.2
229 225 77.1
229 268 145.2
230 68 139.2
230 70 56.1
230 83 46.1
230 102 54.1
230 137 78.1
230 138 71.1
230 151 187.2
230 170 147.2
230 175 193.29999999999998
230 199 153.2
230 215 134.2
230 242 144.2
230 243 84.1
230 251 80.1
230 274 170.2
230 282 129.2
231 35 52.1
231 48 53.1
231 63 60.1
231 64 80.1
231 156 146.2
231 164 68.1
231 172 61.1
231 220 79.1
231 237 110.2
231 257 122.19999999999999
231 259 78.1
231 265 186.29999999999998
231 267 105.1
231 285 155.2
231 286 135.2
231 293 126.19999999999999
231 299 249.29999999999998
232 19 121.2
232 23 64.1
232 59 78.1
232 65 69.1
232 68 129.2
232 71 67.1
232 114 91.1
232 157 77.1
232 177 177.2
232 194 193.29999999999998
232 212 66.1
232 241 174.2
232 242 87.1
232 243 173.2
232 251 161.2
232 262 173.2
232 276 70.1
233 22 106.1
233 27 276.29999999999995
233 39 67.1
233 52 82.1
233 76 68.1
233 82 77.1
233 85 102.1
233 104 65.1
233 106 218.2
233 112 64.1
233 132 139.2
233 150 268.29999999999995
233 185 159.2
233 204 84.1
233 209 275.29999999999995
233 211 213.2
233 297 107.1
234 20 53.1
234 31 66.1
234 61 137.2
234 71 72.1
234 78 82.1
234 117 121.2
234 130 112.2
234 136 61.1
234 162 77.2
234 163 59.1
234 180 60.1
234 188 143.2
234 190 138.2
234 193 44.1
234 195 143.2
234 221 82.1
234 267 77.1
234 283 69.1
235 10 38.1
235 29 47.1
235 56 154.2
235 80 72.1
235 111 71.1
235 128 66.1
235 141 70.1
235 165 142.2
235 166 66.1
235 192 134.2
235 220 192.2
235 224 163.2
235 245 141.2
235 247 173.2
235 249 81.1
235 279 233.2
235 281 137.2
236 17 78.1
236 32 152.2
236 45 83.1
236 66 228.29999999999998
236 94 59.1
236 101 68.1
236 123 68.1
236 164 203.29999999999998
236 191 64.1
236 207 166.2
236 240 185.2
236 255 209.3
236 259 162.2
236 266 140.2
236 267 164.2
236 284 81.1
237 39 55.1
237 66 65.1
237 83 53.1
237 155 46.1
237 156 156.2
237 173 51.1
237 231 142.2
237 240 101.1
237 257 126.19999999999999
237 265 102.2
237 267 74.1
237 285 215.29999999999998
237 286 137.2
237 293 137.2
237 299 163.2
238 2 257.29999999999995
238 33 130.2
238 40 67.1
238 50 163.2
238 56 68.1
238 60 61.1
238 112 156.3
238 118 159.2
238 123 90.1
238 131 149.2
238 162 70.1
238 188 79.1
238 210 113.2
238 244 149.2
238 245 75.1
238 259 73.1
238 267 97.1
238 272 87.1
239 12 72.1
239 27 85.1
239 28 68.1
239 29 69.1
239 55 109.2
239 62 157.2
239 81 142.2
239 87 160.2
239 95 207.29999999999998
239 103 129.2
239 107 72.1
239 108 146.2
239 144 60.1
239 163 99.1
239 212 68.1
239 213 136.2
239 228 83.1
239 261 105.1
240 16 88.1
240 28 72.1
240 32 168.2
240 41 72.1
240 45 69.1
240 66 152.2
240 87 80.1
240 164 160.2
240 207 255.29999999999998
240 236 160.2
240 237 71.1
240 255 229.29999999999998
240 259 166.2
240 266 134.2
240 267 187.2
240 293 85.1
241 19 139.2
241 57 74.1
241 59 77.1
241 68 161.2
241 70 71.1
241 71 218.29999999999998
241 73 66.1
241 80 73.1
241 138 51.1
241 177 197.2
241 194 216.29999999999998
241 228 81.1
241 232 166.2
241 243 167.2
241 251 172.2
241 262 156.2
242 83 62.1
242 116 66.1
242 151 147.2
242 170 144.2
242 175 189.3
242 199 109.2
242 206 64.1
242 215 201.29999999999998
242 230 166.2
242 232 78.1
242 274 151.2
242 282 109.2
242 289 60.1
242 298 99.1
243 19 115.19999999999999
243 59 147.2
243 71 236.29999999999998
243 100 51.1
243 106 76.1
243 156 78.1
243 169 151.2
243 177 159.2
243 194 69.1
243 215 65.1
243 225 54.1
243 230 81.1
243 232 142.2
243 241 167.2
243 251 74.1
243 262 183.2
244 1 141.2
244 2 151.2
244 26 72.1
244 33 138.2
244 50 148.2
244 95 72.1
244 110 54.1
244 112 135.2
244 114 79.1
244 118 141.2
244 131 126.19999999999999
244 210 210.29999999999998
244 212 64.1
244 238 149.2
244 256 171.2
244 272 88.1
244 275 76.1
245 56 149.2
245 57 80.1
245 104 51.1
245 110 69.1
245 165 245.29999999999998
245 169 73.1
245 192 154.2
245 204 81.1
245 220 154.2
245 224 151.2
245 235 197.2
245 238 60.1
245 247 224.29999999999998
245 279 175.2
245 281 138.2
246 5 56.1
246 48 74.1
246 57 83.1
246 63 74.1
246 66 129.2
246 77 155.2
246 104 63.1
246 123 46.1
246 127 74.1
246 128 68.1
246 144 69.1
246 167 219.29999999999998
246 217 120.2
246 223 61.1
246 247 56.1
246 249 83.1
246 254 248.29999999999998
246 260 76.1
246 292 233.29999999999998
246 297 90.1
247 56 142.2
247 88 62.1
247 165 147.2
247 182 53.1
247 187 69.1
247 192 155.2
247 207 61.1
247 220 124.2
247 224 120.19999999999999
247 235 161.2
247 245 189.3
247 246 62.1
247 256 78.1
247 279 247.29999999999998
247 281 136.2
248 16 78.1
248 17 190.29999999999998
248 20 77.1
248 31 127.19999999999999
248 36 162.2
248 43 56.1
248 47 143.2
248 64 156.2
248 67 88.1
248 74 86.1
248 96 83.1
248 142 69.1
248 167 68.1
248 180 139.2
248 191 114.19999999999999
248 195 69.1
248 203 119.2
248 251 69.1
249 57 184.2
249 73 60.1
249 77 77.1
249 124 67.1
249 128 243.29999999999998
249 144 169.2
249 160 78.1
249 166 72.1
249 167 90.1
249 211 105.1
249 217 149.2
249 224 103.1
249 235 96.1
249 246 94.1
249 254 87.1
249 260 165.2
249 265 69.1
249 280 176.2
249 292 85.1
250 6 171.2
250 25 128.2
250 28 63.1
250 43 60.1
250 53 62.1
250 54 53.1
250 93 181.29999999999998
250 97 127.19999999999999
250 120 76.1
250 134 84.1
250 141 61.1
250 143 143.2
250 147 123.19999999999999
250 163 128.2
250 174 63.1
250 208 58.1
250 214 68.1
250 227 68.1
251 0 60.1
251 19 136.2
251 43 64.1
251 59 143.2
251 68 143.2
251 70 52.1
251 71 161.2
251 141 74.1
251 177 183.2
251 194 158.2
251 230 86.1
251 232 145.2
251 241 171.2
251 243 73.1
251 248 62.1
251 262 160.2
251 269 90.1
252 1 76.1
252 11 53.1
252 46 70.1
252 47 95.1
252 57 74.1
252 78 188.2
252 114 87.1
252 123 51.1
252 125 76.1
252 130 58.1
252 136 186.2
252 142 153.2
252 149 53.1
252 173 200.29999999999998
252 190 78.1
252 195 66.1
252 221 278.29999999999995
252 272 144.2
252 296 245.29999999999998
253 25 113.2
253 49 44.1
253 54 138.2
253 82 201.29999999999998
253 91 55.1
253 93 70.1
253 109 54.1
253 122 128.2
253 126 135.2
253 134 86.1
253 153 87.1
253 186 127.19999999999999
253 270 87.1
253 273 134.2
253 290 145.2
254 57 78.1
254 77 148.2
254 92 85.1
254 100 64.1
254 128 64.1
254 129 75.1
254 134 152.2
254 144 73.1
254 160 68.1
254 167 144.2
254 187 57.1
254 198 84.1
254 217 58.1
254 246 215.29999999999998
254 249 72.1
254 260 87.1
254 292 122.19999999999999
254 297 92.1
254 301 70.1
255 6 91.1
255 32 238.29999999999998
255 39 60.1
255 66 153.2
255 77 65.1
255 79 78.1
255 89 67.1
255 116 55.1
255 151 68.1
255 164 161.2
255 207 175.2
255 236 211.29999999999998
255 240 242.29999999999998
255 259 173.2
255 266 143.2
255 267 187.2
256 1 138.2
256 17 51.1
256 40 60.1
256 44 56.1
256 45 132.2
256 56 129.2
256 67 158.2
256 69 100.1
256 74 141.2
256 79 141.2
256 87 72.1
256 94 74.1
256 96 151.2
256 123 167.3
256 128 60.1
256 203 56.1
256 244 124.2
256 247 61.1
256 284 96.1
257 2 65.1
257 21 61.1
257 36 66.1
257 42 62.1
257 156 128.2
257 170 44.1
257 231 142.2
257 237 141.2
257 265 147.2
257 274 68.1
257 276 60.1
257 285 158.2
257 286 169.3
257 293 259.29999999999995
257 299 160.2
258 114 165.2
258 121 272.29999999999995
258 127 192.2
258 132 71.1
258 184 117.1
258 201 78.1
258 262 205.2
258 271 156.2
258 283 176.2
258 288 171.2
258 289 141.2
258 297 214.2
259 32 217.29999999999998
259 41 83.1
259 66 158.2
259 74 80.1
259 96 73.1
259 123 64.1
259 164 155.2
259 174 74.1
259 186 57.1
259 207 151.2
259 231 69.1
259 236 120.19999999999999
259 238 70.1
259 240 176.2
259 255 156.2
259 266 115.2
259 267 162.2
260 57 123.19999999999999
260 63 70.1
260 68 59.1
260 77 51.1
260 96 58.1
260 104 64.1
260 124 59.1
260 128 135.2
260 144 164.2
260 165 132.2
260 167 76.1
260 183 161.2
260 217 101.2
260 224 150.2
260 246 74.1
260 249 145.2
260 254 64.1
260 292 59.1
261 8 87.1
261 85 159.2
261 133 150.2
261 139 60.1
261 145 156.2
261 146 245.29999999999998
261 201 188.2
261 204 137.2
261 213 57.1
261 216 145.2
261 219 155.2
261 239 99.1
261 277 184.2
261 291 207.29999999999998
262 19 138.2
262 30 80.1
262 59 114.2
262 71 96.1
262 85 87.1
262 121 87.1
262 125 67.1
262 146 73.1
262 148 62.1
262 177 190.2
262 194 217.29999999999998
262 232 156.2
262 241 189.2
262 243 155.2
262 251 172.2
262 258 217.2
263 3 76.1
263 9 71.1
263 19 56.1
263 22 240.29999999999998
263 40 77.1
263 129 83.1
263 135 75.1
263 137 177.2
263 148 63.1
263 159 163.2
263 179 71.1
263 199 64.1
263 275 68.1
263 276 143.2
263 280 235.29999999999998
263 288 88.1
263 295 207.29999999999998
263 298 63.1
264 70 72.1
264 100 56.1
264 113 54.1
264 128 127.19999999999999
264 135 174.2
264 141 147.2
264 169 224.29999999999998
264 182 169.2
264 183 147.2
264 202 126.19999999999999
264 204 153.2
264 278 155.2
264 289 155.2
265 30 69.1
265 44 73.1
265 75 69.1
265 80 62.1
265 89 74.1
265 156 148.2
265 158 63.1
265 181 56.1
265 218 76.1
265 231 237.29999999999998
265 237 130.2
265 249 56.1
265 257 165.2
265 285 231.29999999999998
265 286 203.29999999999998
265 293 158.2
265 299 176.2
266 32 137.2
266 64 77.1
266 66 217.29999999999998
266 67 48.1
266 79 74.1
266 123 59.1
266 136 76.1
266 164 155.2
266 191 53.1
266 207 164.2
266 210 71.1
266 236 130.2
266 240 130.2
266 255 153.2
266 259 153.2
266 267 166.2
266 268 47.1
267 32 120.19999999999999
267 66 155.2
267 136 83.1
267 164 224.29999999999998
267 195 68.1
267 207 172.2
267 220 151.2
267 231 103.1
267 234 87.1
267 236 137.2
267 237 78.1
267 238 50.1
267 240 170.2
267 255 144.2
267 259 156.2
267 266 145.2
268 10 143.2
268 13 124.19999999999999
268 26 116.19999999999999
268 29 63.1
268 51 140.2
268 60 80.1
268 90 61.1
268 109 192.3
268 120 138.2
268 125 57.1
268 139 69.1
268 178 150.2
268 186 58.1
268 208 115.19999999999999
268 229 125.19999999999999
268 266 52.1
269 4 250.29999999999998
269 7 65.1
269 14 72.1
269 34 56.1
269 41 79.1
269 84 130.2
269 92 166.2
269 124 74.1
269 140 149.2
269 158 165.2
269 174 138.2
269 176 141.2
269 214 153.2
269 227 91.1
269 251 103.1
269 287 83.1
269 300 232.29999999999998
270 12 73.1
270 15 84.1
270 25 72.1
270 57 62.1
270 61 77.1
270 67 63.1
270 82 60.1
270 92 59.1
270 97 57.1
270 111 49.1
270 121 74.1
270 122 59.1
270 134 119.19999999999999
270 144 68.1
270 147 53.1
270 152 54.1
270 208 61.1
270 212 64.1
270 227 215.29999999999998
270 253 72.1
270 273 132.2
270 301 149.2
271 3 59.1
271 9 81.1
271 14 64.1
271 38 57.1
271 80 72.1
271 89 70.1
271 105 87.1
271 114 131.2
271 115 87.1
271 121 157.2
271 127 198.29999999999998
271 135 78.1
271 193 68.1
271 258 175.2
271 283 173.2
271 288 174.2
271 291 153.2
271 297 267.29999999999995
272 11 64.1
272 31 52.1
272 39 55.1
272 47 66.1
272 54 64.1
272 61 58.1
272 74 62.1
272 78 134.2
272 136 239.29999999999998
272 142 152.2
272 164 49.1
272 173 132.2
272 190 89.1
272 221 244.29999999999998
272 238 72.1
272 244 75.1
272 252 129.2
272 296 150.2
273 25 58.1
273 49 48.1
273 54 126.19999999999999
273 82 124.19999999999999
273 93 77.1
273 122 136.2
273 126 141.2
273 139 67.1
273 153 59.1
273 186 133.2
273 190 74.1
273 253 116.2
273 270 136.2
273 290 131.2
273 301 92.1
274 19 72.1
274 72 78.1
274 99 65.1
274 119 62.1
274 151 158.2
274 170 140.2
274 171 72.1
274 175 136.2
274 199 133.2
274 202 63.1
274 215 121.19999999999999
274 223 62.1
274 230 165.2
274 242 145.2
274 257 75.1
274 282 142.2
275 22 142.2
275 35 71.1
275 38 58.1
275 43 71.1
275 119 78.1
275 137 74.1
275 138 66.1
275 144 84.1
275 159 242.29999999999998
275 171 68.1
275 175 71.1
275 179 146.2
275 204 68.1
275 244 32.1
275 263 54.1
275 276 138.2
275 280 60.1
275 295 236.29999999999998
275 298 177.2
276 22 66.1
276 63 61.1
276 72 73.1
276 113 51.1
276 137 141.2
276 138 63.1
276 159 77.1
276 170 72.1
276 171 52.1
276 179 135.2
276 197 79.1
276 232 66.1
276 257 56.1
276 263 137.2
276 275 149.2
276 280 116.2
276 295 149.2
276 298 60.1
277 6 103.1
277 85 250.29999999999998
277 106 80.1
277 109 105.1
277 133 146.2
277 145 241.29999999999998
277 146 174.2
277 150 94.1
277 177 202.2
277 201 163.2
277 216 198.2
277 219 157.2
277 261 167.2
277 291 166.2
278 60 56.1
278 76 50.1
278 107 41.1
278 116 60.1
278 135 140.2
278 141 163.2
278 159 84.1
278 168 137.2
278 169 123.19999999999999
278 182 143.2
278 183 125.19999999999999
278 192 102.2
278 202 141.2
278 204 83.1
278 264 139.2
278 289 142.2
279 30 78.1
279 56 183.2
279 69 132.1
279 146 63.1
279 154 71.1
279 165 172.2
279 182 97.1
279 192 183.2
279 215 86.1
279 220 195.2
279 224 169.2
279 235 236.2
279 245 176.2
279 247 217.29999999999998
279 281 171.2
280 1 62.1
280 22 72.1
280 70 57.1
280 127 61.1
280 137 121.2
280 147 66.1
280 154 45.1
280 159 116.2
280 179 59.1
280 228 66.1
280 249 154.2
280 263 198.29999999999998
280 275 53.1
280 276 123.2
280 295 138.2
280 298 173.2
281 35 60.1
281 56 135.2
281 62 61.1
281 81 57.1
281 106 89.1
281 111 68.1
281 139 92.1
281 152 74.1
281 165 143.2
281 181 48.1
281 192 120.2
281 220 151.2
281 224 146.2
281 235 180.2
281 245 129.2
281 247 115.2
281 279 151.2
282 11 77.1
282 17 60.1
282 30 67.1
282 79 60.1
282 145 72.1
282 151 155.2
282 167 58.1
282 170 131.2
282 175 147.2
282 191 48.1
282 199 176.3
282 207 63.1
282 215 135.2
282 230 134.2
282 242 114.2
282 274 150.2
282 293 70.1
283 31 79.1
283 67 75.1
283 81 57.1
283 82 73.1
283 88 66.1
283 111 70.1
283 114 165.2
283 121 182.2
283 127 172.2
283 182 170.2
283 234 56.1
283 258 161.2
283 271 179.2
283 288 152.2
283 297 175.2
284 2 63.1
284 11 77.1
284 45 62.1
284 46 71.1
284 47 80.1
284 69 211.2
284 79 68.1
284 90 223.29999999999998
284 97 58.1
284 99 121.19999999999999
284 119 226.29999999999998
284 156 76.1
284 178 67.1
284 197 170.2
284 206 167.2
284 207 80.1
284 236 53.1
284 256 84.1
284 287 131.2
285 4 55.1
285 7 49.1
285 12 66.1
285 62 74.1
285 96 85.1
285 107 62.1
285 111 49.1
285 156 188.2
285 231 161.2
285 237 225.29999999999998
285 257 151.2
285 265 183.3
285 286 157.2
285 293 187.2
285 299 180.2
286 7 50.1
286 21 56.1
286 45 52.1
286 69 90.1
286 72 81.1
286 135 60.1
286 156 210.29999999999998
286 175 56.1
286 231 136.2
286 237 131.2
286 257 195.29999999999998
286 265 187.29999999999998
286 285 172.2
286 293 129.2
286 299 136.2
287 37 61.1
287 48 53.1
287 55 68.1
287 69 201.2
287 79 76.1
287 83 64.1
287 90 128.2
287 96 72.1
287 99 104.2
287 119 133.2
287 137 64.1
287 142 87.1
287 173 70.1
287 175 71.1
287 197 179.29999999999998
287 206 139.2
287 269 74.1
287 284 156.2
287 298 95.1
288 89 68.1
288 114 164.2
288 115 95.1
288 121 173.2
288 127 167.2
288 153 66.1
288 154 62.1
288 177 74.1
288 201 86.1
288 211 88.1
288 258 181.2
288 263 68.1
288 271 158.2
288 283 174.2
288 297 169.2
289 15 57.1
289 100 93.1
289 135 162.2
289 141 154.2
289 169 134.2
289 182 215.29999999999998
289 183 128.2
289 202 135.2
289 211 78.1
289 242 57.1
289 258 146.2
289 264 140.2
289 278 133.2
290 8 50.1
290 10 52.1
290 54 138.2
290 58 66.1
290 82 143.2
290 119 56.1
290 122 166.2
290 126 130.2
290 134 133.2
290 186 130.2
290 204 58.1
290 219 43.1
290 253 142.2
290 273 128.2
291 3 79.1
291 13 69.1
291 35 77.1
291 82 68.1
291 85 242.29999999999998
291 89 68.1
291 115 67.1
291 125 56.1
291 133 197.2
291 145 140.2
291 146 141.2
291 148 120.19999999999999
291 201 154.2
291 216 220.29999999999998
291 219 165.2
291 261 215.29999999999998
291 271 156.2
291 277 172.2
292 9 76.1
292 18 53.1
292 24 83.1
292 57 147.2
292 63 75.1
292 65 47.1
292 77 157.2
292 111 60.1
292 128 68.1
292 144 76.1
292 158 64.1
292 160 63.1
292 166 77.1
292 167 128.2
292 189 56.1
292 217 53.1
292 246 204.29999999999998
292 249 91.1
292 254 150.2
292 260 69.1
293 11 72.1
293 28 79.1
293 129 74.1
293 138 40.1
293 155 63.1
293 156 142.2
293 172 68.1
293 197 74.1
293 217 45.1
293 231 146.2
293 237 144.2
293 240 82.1
293 257 220.29999999999998
293 265 105.2
293 282 61.1
293 285 145.2
293 286 124.19999999999999
293 299 163.2
294 3 66.1
294 33 63.1
294 37 110.2
294 53 116.2
294 99 63.1
294 106 65.1
294 143 73.1
294 148 78.1
294 157 149.2
294 168 114.2
294 184 177.2
294 185 69.1
294 200 111.2
294 222 207.3
294 225 111.2
294 226 228.29999999999998
295 14 76.1
295 22 76.1
295 28 60.1
295 29 66.1
295 42 68.1
295 70 67.1
295 72 63.1
295 119 69.1
295 137 158.2
295 159 65.1
295 179 147.2
295 263 195.29999999999998
295 275 256.29999999999995
295 276 152.2
295 280 160.2
295 298 90.1
296 16 60.1
296 17 52.1
296 34 43.1
296 44 65.1
296 61 85.1
296 74 60.1
296 78 138.2
296 110 62.1
296 123 48.1
296 136 161.2
296 142 208.29999999999998
296 173 116.2
296 180 61.1
296 191 57.1
296 221 156.2
296 252 215.29999999999998
296 272 108.2
297 12 58.1
297 83 56.1
297 106 71.1
297 114 119.19999999999999
297 115 59.1
297 121 148.2
297 127 147.2
297 182 97.1
297 184 114.1
297 233 56.1
297 246 65.1
297 254 69.1
297 258 159.2
297 271 211.29999999999998
297 283 181.2
297 288 142.2
298 0 67.1
298 7 73.1
298 22 149.2
298 48 75.1
298 86 89.1
298 136 91.1
298 137 144.2
298 159 149.2
298 173 83.1
298 179 156.2
298 206 85.1
298 242 93.1
298 263 72.1
298 275 178.2
298 276 59.1
298 280 155.2
298 287 86.1
298 295 77.1
299 0 48.1
299 3 54.1
299 34 53.1
299 72 56.1
299 105 57.1
299 135 80.1
299 154 70.1
299 156 153.2
299 231 238.29999999999998
299 237 155.2
299 257 141.2
299 265 130.2
299 285 164.2
299 286 123.19999999999999
299 293 161.2
300 4 157.2
300 13 61.1
300 15 68.1
300 46 52.1
300 54 61.1
300 84 126.19999999999999
300 92 106.2
300 97 66.1
300 120 65.1
300 140 146.2
300 143 59.1
300 158 114.19999999999999
300 174 117.19999999999999
300 176 131.2
300 214 144.2
300 269 211.29999999999998
301 8 43.1
301 16 60.1
301 46 52.1
301 54 103.19999999999999
301 77 49.1
301 93 114.19999999999999
301 122 102.2
301 126 54.1
301 134 174.3
301 163 115.19999999999999
301 174 50.1
301 176 63.1
301 200 45.1
301 204 58.1
301 227 135.2
301 254 64.1
301 270 120.19999999999999
301 273 40.1
