0 2 2.0
0 5 4.0
0 15 5.0
0 44 5.0
0 180 5.0
0 197 4.0
0 217 3.0
0 263 5.0
0 269 3.0
0 337 3.0
0 347 5.0
0 350 1.0
0 358 7.0
0 385 2.0
0 409 4.0
0 416 2.0
0 418 3.0
0 436 3.0
0 457 2.0
0 486 3.0
0 498 6.0
0 520 8.0
1 7 3.0
1 68 1.0
1 72 1.0
2 72 7.0
2 92 1.0
2 106 5.0
2 157 5.0
2 184 2.0
2 280 4.0
2 311 3.0
2 386 3.0
2 424 3.0
2 576 9.0
3 202 4.0
3 266 6.0
3 277 5.0
3 392 5.0
3 409 4.0
3 423 5.0
3 487 3.0
4 7 11.0
4 11 1.0
4 12 15.0
4 14 7.0
4 24 5.0
4 28 3.0
4 34 9.0
4 45 8.0
4 51 17.0
4 56 12.0
4 66 2.0
4 69 4.0
4 72 2.0
4 84 10.0
4 87 15.0
4 88 24.0
4 93 11.0
4 102 4.0
4 104 6.0
4 112 2.0
4 113 13.0
4 126 8.0
4 136 2.0
4 145 7.0
4 148 4.0
4 152 18.0
4 155 22.0
4 207 5.0
4 212 16.0
4 213 13.0
4 215 7.0
4 223 7.0
4 238 2.0
4 253 5.0
4 254 33.0
4 260 32.0
4 263 2.0
4 267 26.0
4 268 2.0
4 282 8.0
4 322 6.0
4 347 3.0
4 359 11.0
4 386 6.0
4 390 3.0
4 400 9.0
4 454 13.0
4 461 3.0
4 487 16.0
4 550 10.0
4 596 4.0
5 12 7.0
5 15 4.0
5 27 13.0
5 54 2.0
5 72 3.0
5 92 4.0
5 175 9.0
5 194 7.0
5 225 5.0
5 263 2.0
5 264 7.0
5 288 2.0
5 292 2.0
5 299 1.0
5 306 10.0
5 318 1.0
5 326 6.0
5 430 6.0
5 447 3.0
5 460 3.0
5 526 4.0
5 567 3.0
5 570 7.0
6 2 1.0
6 9 4.0
6 10 7.0
6 13 3.0
6 19 7.0
6 27 16.0
6 29 19.0
6 30 3.0
6 45 6.0
6 71 4.0
6 85 2.0
6 126 12.0
6 130 3.0
6 158 15.0
6 203 7.0
6 213 14.0
6 229 2.0
6 238 3.0
6 239 5.0
6 247 6.0
6 263 7.0
6 308 7.0
6 354 1.0
6 359 12.0
6 382 7.0
7 23 2.0
7 42 2.0
7 50 1.0
7 109 1.0
7 226 3.0
7 243 6.0
7 445 1.0
8 12 2.0
8 15 9.0
8 27 5.0
8 31 5.0
8 48 18.0
8 50 6.0
8 58 3.0
8 71 8.0
8 76 3.0
8 82 7.0
8 87 13.0
8 90 17.0
8 93 6.0
8 126 5.0
8 144 1.0
8 153 8.0
8 172 6.0
8 216 3.0
8 295 5.0
8 381 5.0
8 430 5.0
8 442 9.0
8 482 1.0
8 514 1.0
9 199 4.0
9 347 5.0
9 425 11.0
9 515 7.0
9 549 2.0
10 33 5.0
10 112 4.0
10 186 1.0
10 196 3.0
10 223 1.0
10 295 2.0
10 344 6.0
10 361 2.0
10 445 5.0
10 447 8.0
10 489 3.0
10 590 3.0
11 5 3.0
11 27 4.0
11 30 1.0
11 34 4.0
11 45 6.0
11 52 5.0
11 126 10.0
11 169 6.0
11 252 9.0
11 263 1.0
11 286 4.0
11 542 5.0
12 1 4.0
12 10 7.0
12 14 1.0
12 19 1.0
12 34 6.0
12 47 5.0
12 91 3.0
12 95 10.0
12 132 7.0
12 136 3.0
12 146 2.0
12 158 8.0
12 169 4.0
12 179 4.0
12 193 4.0
12 202 7.0
12 216 1.0
12 253 1.0
12 471 4.0
12 554 3.0
13 1 2.0
13 15 7.0
13 41 3.0
13 57 1.0
13 71 2.0
13 87 1.0
13 93 4.0
13 130 2.0
13 188 1.0
13 204 3.0
13 213 15.0
13 224 2.0
13 244 2.0
13 260 3.0
13 270 7.0
13 283 6.0
13 328 5.0
13 330 6.0
13 385 1.0
13 412 7.0
13 430 7.0
13 436 6.0
13 447 1.0
13 451 6.0
13 457 2.0
13 482 4.0
13 487 4.0
13 592 6.0
13 595 3.0
14 9 6.0
14 12 1.0
14 20 6.0
14 34 1.0
14 43 7.0
14 49 7.0
14 58 2.0
14 72 2.0
14 79 5.0
14 90 1.0
14 92 7.0
14 96 1.0
14 109 6.0
14 120 4.0
14 121 5.0
14 126 10.0
14 137 7.0
14 170 4.0
14 176 7.0
14 186 3.0
14 211 2.0
14 215 8.0
14 222 2.0
14 233 1.0
14 245 3.0
14 260 2.0
14 347 6.0
14 398 7.0
14 444 7.0
14 550 4.0
15 36 3.0
15 321 2.0
15 520 23.0
16 33 2.0
16 57 2.0
16 132 4.0
16 171 3.0
16 181 2.0
16 229 3.0
16 366 1.0
17 6 4.0
17 24 1.0
17 109 3.0
17 110 2.0
17 137 8.0
17 142 5.0
17 145 1.0
17 180 4.0
17 216 6.0
17 220 1.0
17 228 5.0
17 565 5.0
18 12 2.0
18 124 1.0
18 211 4.0
19 15 1.0
19 148 1.0
19 169 1.0
19 249 2.0
19 274 4.0
19 330 5.0
19 457 4.0
19 551 5.0
20 291 5.0
20 337 5.0
20 491 3.0
21 10 4.0
21 31 3.0
21 38 6.0
21 54 6.0
21 75 2.0
21 129 5.0
21 130 6.0
21 177 6.0
21 200 1.0
21 201 5.0
21 206 1.0
21 216 7.0
21 256 4.0
21 282 2.0
21 328 1.0
21 411 1.0
21 433 7.0
21 487 5.0
21 506 3.0
21 512 13.0
21 517 7.0
22 100 3.0
23 12 2.0
23 33 10.0
23 41 6.0
23 102 2.0
23 106 3.0
23 109 2.0
23 115 3.0
23 176 7.0
23 206 7.0
23 238 1.0
23 240 4.0
23 249 7.0
23 268 5.0
23 312 4.0
23 319 7.0
23 330 7.0
23 347 4.0
23 382 1.0
23 394 1.0
23 412 9.0
23 452 4.0
23 460 14.0
23 471 5.0
23 487 7.0
23 491 5.0
23 493 1.0
23 542 4.0
24 23 4.0
24 33 2.0
24 34 5.0
24 40 1.0
24 44 8.0
24 54 2.0
24 107 4.0
24 263 2.0
24 266 5.0
24 271 1.0
24 272 6.0
24 382 7.0
24 434 9.0
24 436 3.0
24 439 1.0
24 446 2.0
24 479 3.0
24 526 4.0
24 535 3.0
25 30 1.0
25 41 1.0
25 132 5.0
25 136 3.0
25 155 2.0
25 167 5.0
25 252 7.0
25 394 4.0
26 3 2.0
26 7 10.0
26 75 2.0
26 89 4.0
26 107 2.0
26 123 3.0
26 130 6.0
26 144 6.0
26 174 7.0
26 185 7.0
26 219 5.0
26 233 4.0
26 277 3.0
26 337 1.0
26 385 13.0
26 391 4.0
26 404 12.0
26 433 7.0
26 436 1.0
26 550 3.0
26 594 4.0
27 7 2.0
27 53 8.0
27 80 2.0
27 87 1.0
27 109 3.0
27 127 1.0
27 157 1.0
27 179 2.0
27 187 5.0
27 198 1.0
27 207 3.0
27 229 1.0
27 233 2.0
27 270 4.0
27 280 2.0
27 563 5.0
28 4 2.0
28 13 3.0
28 30 10.0
28 42 2.0
28 43 4.0
28 45 7.0
28 85 4.0
28 88 6.0
28 139 10.0
28 156 5.0
28 175 10.0
28 178 5.0
28 204 5.0
28 207 7.0
28 217 8.0
28 234 2.0
28 321 2.0
28 405 3.0
28 509 10.0
29 11 1.0
29 111 1.0
29 142 3.0
29 156 2.0
29 170 2.0
29 262 5.0
30 6 2.0
30 7 2.0
30 34 3.0
30 39 5.0
30 126 5.0
30 127 4.0
30 144 5.0
30 159 1.0
30 170 3.0
30 222 4.0
30 299 2.0
30 509 5.0
30 518 8.0
31 8 2.0
31 10 1.0
31 23 6.0
31 38 2.0
31 80 6.0
31 104 2.0
31 231 5.0
31 282 1.0
31 404 9.0
31 412 8.0
31 435 7.0
31 444 2.0
31 466 1.0
31 498 6.0
31 552 7.0
32 26 5.0
32 253 6.0
32 262 3.0
32 285 3.0
32 330 7.0
32 344 7.0
32 433 5.0
32 491 3.0
32 512 6.0
33 5 4.0
33 19 2.0
33 28 2.0
33 80 1.0
33 230 3.0
33 306 7.0
33 309 3.0
33 335 3.0
33 386 5.0
33 415 3.0
33 473 1.0
33 499 2.0
33 531 4.0
33 581 7.0
34 7 9.0
34 70 4.0
34 79 3.0
34 87 7.0
34 98 7.0
34 109 6.0
34 113 7.0
34 126 9.0
34 128 6.0
34 140 6.0
34 149 5.0
34 207 7.0
34 278 8.0
34 298 10.0
34 307 7.0
34 314 4.0
34 364 7.0
34 413 1.0
34 446 4.0
34 447 5.0
34 492 4.0
34 502 4.0
34 571 4.0
35 213 4.0
35 444 10.0
36 24 1.0
36 242 4.0
36 260 4.0
36 320 1.0
36 381 3.0
36 552 2.0
37 28 2.0
37 43 7.0
37 61 1.0
37 83 3.0
37 104 10.0
37 127 5.0
37 149 3.0
37 150 1.0
37 191 6.0
37 200 1.0
37 251 8.0
37 304 6.0
37 312 7.0
37 379 1.0
37 382 5.0
37 423 5.0
37 433 6.0
37 436 3.0
37 462 2.0
37 531 7.0
37 553 1.0
37 560 1.0
38 21 5.0
38 80 2.0
38 431 1.0
38 433 6.0
39 129 4.0
39 253 1.0
39 347 3.0
39 358 2.0
39 445 1.0
40 7 15.0
40 8 1.0
40 85 5.0
40 204 1.0
40 223 3.0
40 515 4.0
41 19 3.0
41 45 5.0
41 59 10.0
41 72 6.0
41 87 1.0
41 113 2.0
41 155 3.0
41 165 7.0
41 178 1.0
41 191 7.0
41 195 5.0
41 233 7.0
41 251 6.0
41 257 1.0
41 263 5.0
41 274 6.0
41 275 6.0
41 301 3.0
41 308 5.0
41 335 11.0
41 368 9.0
41 380 6.0
41 386 5.0
41 400 10.0
41 414 4.0
41 425 6.0
41 447 3.0
41 454 5.0
41 455 1.0
41 473 3.0
41 482 3.0
41 486 2.0
41 534 6.0
42 27 7.0
42 551 4.0
43 162 1.0
43 203 10.0
43 350 6.0
44 10 3.0
44 11 2.0
44 23 5.0
44 31 6.0
44 34 4.0
44 100 6.0
44 138 1.0
44 194 3.0
44 209 4.0
44 229 4.0
44 334 5.0
44 352 9.0
44 402 4.0
44 487 4.0
44 510 6.0
44 551 8.0
45 13 6.0
45 23 7.0
45 25 8.0
45 33 1.0
45 41 8.0
45 50 4.0
45 56 1.0
45 79 2.0
45 88 1.0
45 93 4.0
45 109 14.0
45 126 4.0
45 139 2.0
45 144 5.0
45 155 1.0
45 175 5.0
45 186 6.0
45 192 4.0
45 217 1.0
45 220 7.0
45 229 6.0
45 233 6.0
45 252 5.0
45 260 10.0
45 275 3.0
45 305 1.0
45 308 14.0
45 320 6.0
45 330 8.0
45 359 1.0
45 390 3.0
45 400 11.0
45 416 9.0
45 417 10.0
45 428 3.0
45 466 3.0
46 52 2.0
47 53 5.0
47 131 6.0
47 134 6.0
47 141 5.0
47 152 3.0
47 161 3.0
47 257 3.0
47 266 7.0
47 482 26.0
47 498 1.0
48 8 12.0
48 18 2.0
48 23 7.0
48 28 1.0
48 34 11.0
48 45 6.0
48 50 6.0
48 51 4.0
48 55 6.0
48 56 4.0
48 82 7.0
48 88 2.0
48 103 3.0
48 105 7.0
48 107 5.0
48 133 7.0
48 146 5.0
48 152 4.0
48 155 28.0
48 159 2.0
48 168 4.0
48 172 13.0
48 196 5.0
48 206 5.0
48 228 5.0
48 256 5.0
48 259 4.0
48 265 3.0
48 278 4.0
48 282 3.0
48 313 8.0
48 319 2.0
48 321 9.0
48 396 2.0
48 400 2.0
48 401 6.0
48 404 7.0
48 430 7.0
48 518 4.0
48 553 2.0
48 555 6.0
49 7 6.0
49 72 1.0
49 118 1.0
49 177 7.0
49 264 5.0
49 272 1.0
49 392 4.0
49 418 7.0
49 447 2.0
49 451 5.0
49 531 7.0
50 57 1.0
50 87 1.0
50 191 3.0
50 195 1.0
50 209 2.0
50 228 1.0
50 264 3.0
50 290 5.0
50 350 1.0
50 515 3.0
50 524 4.0
51 0 7.0
51 7 6.0
51 14 2.0
51 26 2.0
51 30 7.0
51 45 2.0
51 52 6.0
51 64 4.0
51 79 2.0
51 82 6.0
51 84 5.0
51 87 2.0
51 89 5.0
51 105 2.0
51 108 4.0
51 109 6.0
51 126 4.0
51 145 4.0
51 149 1.0
51 152 1.0
51 155 10.0
51 180 5.0
51 203 4.0
51 206 4.0
51 217 6.0
51 237 7.0
51 241 4.0
51 244 6.0
51 263 5.0
51 265 1.0
51 278 7.0
51 282 7.0
51 319 5.0
51 322 6.0
51 330 7.0
51 395 6.0
51 412 5.0
51 417 12.0
51 420 5.0
51 433 7.0
51 450 5.0
51 457 3.0
51 461 3.0
51 462 5.0
51 492 7.0
51 517 6.0
52 11 3.0
52 33 4.0
52 66 2.0
52 77 3.0
52 79 4.0
52 80 4.0
52 97 12.0
52 109 6.0
52 126 7.0
52 137 4.0
52 143 6.0
52 148 5.0
52 159 6.0
52 179 2.0
52 183 11.0
52 190 1.0
52 202 4.0
52 226 4.0
52 229 7.0
52 231 5.0
52 252 6.0
52 263 7.0
52 264 6.0
52 265 6.0
52 286 1.0
52 297 2.0
52 301 3.0
52 306 5.0
52 330 4.0
52 358 6.0
52 360 2.0
52 400 4.0
52 433 2.0
52 454 1.0
52 490 5.0
52 521 7.0
53 24 7.0
53 25 9.0
53 26 2.0
53 71 1.0
53 89 1.0
53 90 4.0
53 203 6.0
53 252 3.0
53 317 5.0
53 321 8.0
53 385 8.0
53 565 3.0
54 6 2.0
54 27 5.0
54 30 4.0
54 41 7.0
54 49 5.0
54 68 2.0
54 101 5.0
54 126 10.0
54 138 1.0
54 141 2.0
54 145 4.0
54 182 7.0
54 187 10.0
54 213 5.0
54 219 5.0
54 224 8.0
54 260 8.0
54 269 4.0
54 277 4.0
54 286 7.0
54 330 6.0
54 345 7.0
54 355 2.0
54 361 14.0
54 378 7.0
54 423 12.0
54 473 2.0
54 542 2.0
54 573 3.0
55 52 2.0
56 34 2.0
56 45 5.0
56 48 1.0
56 61 2.0
56 75 6.0
56 84 4.0
56 87 3.0
56 91 2.0
56 112 7.0
56 116 2.0
56 122 1.0
56 133 2.0
56 144 7.0
56 152 2.0
56 159 8.0
56 163 6.0
56 176 5.0
56 178 7.0
56 200 1.0
56 206 1.0
56 212 1.0
56 233 8.0
56 259 3.0
56 264 3.0
56 292 1.0
56 295 2.0
56 417 11.0
56 433 5.0
56 450 13.0
56 472 6.0
56 499 4.0
56 510 2.0
56 567 32.0
57 24 1.0
57 56 9.0
57 109 3.0
57 141 6.0
57 159 5.0
57 259 1.0
57 286 1.0
57 360 5.0
57 550 1.0
58 32 3.0
58 233 10.0
58 366 4.0
58 389 4.0
58 500 2.0
59 133 6.0
59 252 3.0
59 265 2.0
59 300 7.0
59 319 5.0
59 405 6.0
59 470 9.0
59 541 4.0
60 75 3.0
61 13 8.0
61 56 6.0
61 62 7.0
61 160 2.0
61 175 8.0
61 195 3.0
61 300 5.0
61 351 4.0
61 352 6.0
61 546 6.0
62 71 2.0
62 506 1.0
63 61 4.0
63 278 4.0
64 10 4.0
64 39 6.0
64 257 6.0
64 402 6.0
64 439 3.0
64 512 6.0
65 339 9.0
65 345 6.0
65 357 6.0
65 550 5.0
66 18 2.0
66 195 2.0
66 447 1.0
67 58 2.0
67 327 10.0
67 362 3.0
68 10 16.0
68 26 4.0
68 51 2.0
68 84 4.0
68 110 2.0
68 126 5.0
68 187 6.0
68 209 1.0
68 213 8.0
68 218 5.0
68 264 2.0
68 319 6.0
68 361 6.0
68 378 1.0
68 417 1.0
68 443 4.0
68 517 10.0
69 24 6.0
69 87 5.0
69 97 4.0
69 201 6.0
69 220 5.0
69 222 2.0
69 264 3.0
69 286 3.0
69 290 2.0
69 338 1.0
69 358 7.0
69 382 7.0
69 385 4.0
69 386 1.0
69 512 7.0
70 147 1.0
70 197 9.0
70 321 1.0
70 557 2.0
71 14 4.0
71 33 2.0
71 56 5.0
71 57 3.0
71 87 2.0
71 191 2.0
71 241 1.0
71 357 6.0
71 432 4.0
71 445 6.0
71 486 2.0
72 23 4.0
72 24 4.0
72 26 5.0
72 44 3.0
72 49 1.0
72 50 7.0
72 74 1.0
72 76 10.0
72 78 3.0
72 95 3.0
72 112 2.0
72 113 11.0
72 127 6.0
72 157 6.0
72 159 6.0
72 161 2.0
72 162 2.0
72 164 3.0
72 199 10.0
72 223 6.0
72 226 2.0
72 233 4.0
72 248 2.0
72 258 2.0
72 263 5.0
72 286 3.0
72 297 4.0
72 305 3.0
72 334 6.0
72 339 5.0
72 356 4.0
72 359 1.0
72 363 5.0
72 366 5.0
72 401 4.0
72 415 2.0
72 439 6.0
72 441 5.0
72 445 3.0
72 449 1.0
72 499 2.0
72 503 4.0
72 511 6.0
72 548 4.0
73 4 3.0
73 7 5.0
73 27 7.0
73 44 7.0
73 56 2.0
73 72 5.0
73 76 5.0
73 80 3.0
73 109 6.0
73 139 2.0
73 156 6.0
73 168 5.0
73 172 8.0
73 195 7.0
73 231 8.0
73 243 2.0
73 275 9.0
73 278 2.0
73 280 5.0
73 386 3.0
73 491 4.0
74 126 2.0
74 200 3.0
74 203 2.0
74 268 1.0
74 334 1.0
74 484 5.0
75 9 1.0
75 14 2.0
75 52 11.0
75 62 1.0
75 64 1.0
75 96 2.0
75 148 10.0
75 150 2.0
75 176 1.0
75 218 6.0
75 282 5.0
75 290 5.0
75 319 1.0
75 347 6.0
76 70 1.0
76 88 1.0
76 107 1.0
76 108 3.0
76 147 7.0
76 191 1.0
76 247 4.0
76 344 9.0
76 347 3.0
76 351 2.0
76 354 2.0
76 434 4.0
77 137 2.0
77 160 6.0
77 216 3.0
77 258 6.0
77 544 3.0
78 70 10.0
78 169 1.0
78 178 8.0
78 263 3.0
78 283 6.0
78 297 4.0
78 322 2.0
78 346 6.0
78 433 4.0
78 446 6.0
78 473 2.0
78 482 5.0
78 547 1.0
79 81 3.0
79 149 1.0
79 176 1.0
79 182 5.0
79 244 4.0
79 281 2.0
79 282 11.0
79 351 2.0
79 509 3.0
79 581 6.0
80 10 8.0
80 41 4.0
80 58 5.0
80 130 1.0
80 178 5.0
80 266 7.0
80 363 1.0
80 366 1.0
80 488 2.0
80 510 2.0
80 512 5.0
80 536 4.0
81 10 3.0
81 41 4.0
81 66 1.0
81 70 15.0
81 76 5.0
81 83 3.0
81 85 1.0
81 95 5.0
81 126 1.0
81 129 8.0
81 133 3.0
81 138 2.0
81 145 2.0
81 167 6.0
81 203 6.0
81 219 4.0
81 246 4.0
81 260 8.0
81 282 4.0
81 328 6.0
81 343 1.0
81 377 5.0
81 378 1.0
81 402 3.0
81 407 2.0
81 497 6.0
81 503 6.0
81 505 4.0
81 572 3.0
81 575 1.0
82 8 5.0
82 16 5.0
82 38 4.0
82 56 8.0
82 64 7.0
82 69 3.0
82 71 1.0
82 76 9.0
82 81 3.0
82 124 7.0
82 139 8.0
82 150 4.0
82 169 3.0
82 212 3.0
82 213 2.0
82 229 12.0
82 233 8.0
82 237 4.0
82 253 4.0
82 255 2.0
82 257 1.0
82 340 5.0
82 347 3.0
82 382 3.0
82 431 5.0
82 433 6.0
82 443 3.0
82 452 7.0
82 563 8.0
82 569 2.0
83 73 1.0
83 358 1.0
84 72 1.0
84 73 3.0
84 76 2.0
84 97 7.0
84 102 1.0
84 136 1.0
84 197 2.0
84 212 3.0
84 248 1.0
84 261 2.0
84 521 6.0
84 536 6.0
85 19 5.0
85 24 10.0
85 29 7.0
85 64 8.0
85 88 6.0
85 141 6.0
85 158 2.0
85 159 5.0
85 160 9.0
85 179 7.0
85 190 3.0
85 217 1.0
85 224 5.0
85 252 4.0
85 267 6.0
85 281 3.0
85 290 7.0
85 297 2.0
85 307 6.0
85 344 4.0
85 364 3.0
85 483 2.0
85 500 2.0
86 10 7.0
86 21 5.0
86 143 3.0
86 229 5.0
86 431 2.0
86 453 4.0
87 0 2.0
87 7 14.0
87 8 1.0
87 10 4.0
87 16 1.0
87 21 2.0
87 23 3.0
87 26 2.0
87 31 5.0
87 47 5.0
87 48 6.0
87 50 6.0
87 64 2.0
87 66 9.0
87 72 2.0
87 73 1.0
87 75 1.0
87 85 2.0
87 97 3.0
87 109 5.0
87 116 6.0
87 124 2.0
87 126 15.0
87 133 3.0
87 144 4.0
87 153 7.0
87 156 12.0
87 159 4.0
87 168 1.0
87 191 2.0
87 200 3.0
87 208 2.0
87 209 2.0
87 212 1.0
87 229 6.0
87 233 4.0
87 235 3.0
87 247 3.0
87 252 2.0
87 255 2.0
87 258 1.0
87 265 1.0
87 277 4.0
87 286 7.0
87 301 4.0
87 327 3.0
87 347 1.0
87 357 1.0
87 412 7.0
87 439 2.0
87 472 6.0
88 4 17.0
88 16 4.0
88 34 4.0
88 36 1.0
88 41 1.0
88 45 2.0
88 48 4.0
88 56 2.0
88 68 6.0
88 72 18.0
88 82 4.0
88 85 19.0
88 87 19.0
88 89 4.0
88 93 2.0
88 101 6.0
88 108 2.0
88 110 4.0
88 113 6.0
88 116 8.0
88 119 4.0
88 127 1.0
88 136 3.0
88 152 20.0
88 155 1.0
88 172 9.0
88 175 3.0
88 180 2.0
88 193 9.0
88 200 8.0
88 201 10.0
88 207 5.0
88 220 7.0
88 229 6.0
88 254 7.0
88 258 12.0
88 259 5.0
88 306 5.0
88 311 14.0
88 320 3.0
88 325 6.0
88 330 4.0
88 335 1.0
88 366 7.0
88 400 7.0
88 454 9.0
88 507 2.0
89 44 7.0
89 74 8.0
89 85 6.0
89 88 2.0
89 95 9.0
89 122 2.0
89 175 11.0
89 229 10.0
89 335 6.0
89 361 3.0
90 23 6.0
90 31 3.0
90 42 3.0
90 109 7.0
90 130 6.0
90 201 3.0
90 296 5.0
90 351 6.0
90 385 5.0
90 431 7.0
90 460 11.0
90 475 3.0
90 532 1.0
90 593 5.0
91 82 2.0
91 119 5.0
92 84 1.0
92 105 7.0
92 109 2.0
92 132 5.0
92 197 3.0
92 301 2.0
92 358 1.0
92 412 5.0
92 506 7.0
93 112 4.0
93 129 4.0
93 159 5.0
93 181 4.0
93 206 4.0
93 212 2.0
93 231 1.0
93 233 11.0
93 246 4.0
93 299 5.0
93 362 4.0
93 376 2.0
93 467 1.0
93 484 3.0
93 561 6.0
94 6 7.0
94 49 2.0
94 71 4.0
94 103 3.0
94 320 5.0
94 364 3.0
94 439 2.0
94 445 7.0
94 448 7.0
94 452 7.0
94 487 6.0
95 22 5.0
95 161 1.0
95 233 6.0
95 246 7.0
95 327 2.0
95 520 5.0
96 42 4.0
96 400 4.0
97 110 2.0
97 139 3.0
97 415 2.0
98 120 2.0
98 446 7.0
99 40 5.0
99 155 31.0
99 192 1.0
99 201 4.0
99 213 12.0
99 256 5.0
99 286 6.0
100 66 1.0
100 299 2.0
100 330 2.0
100 362 2.0
100 484 7.0
101 8 2.0
101 21 6.0
101 109 3.0
101 275 6.0
101 366 10.0
101 394 2.0
102 26 7.0
102 105 4.0
102 106 3.0
102 204 3.0
102 213 3.0
102 272 7.0
102 312 8.0
102 436 7.0
102 439 2.0
102 457 1.0
102 529 10.0
103 34 5.0
103 83 3.0
103 114 4.0
103 118 6.0
103 124 2.0
103 152 3.0
103 153 5.0
103 155 4.0
103 547 6.0
104 61 5.0
104 208 2.0
104 290 1.0
104 550 2.0
105 174 1.0
105 176 1.0
105 260 6.0
105 264 3.0
105 326 1.0
105 433 6.0
105 468 10.0
105 475 1.0
105 479 1.0
105 526 4.0
106 68 3.0
106 111 6.0
106 260 3.0
106 344 5.0
106 396 4.0
106 405 2.0
106 460 5.0
107 26 6.0
107 78 3.0
107 114 1.0
107 118 3.0
107 120 3.0
107 156 1.0
107 159 7.0
107 191 7.0
107 192 5.0
107 213 8.0
107 217 6.0
107 245 5.0
107 249 7.0
107 271 2.0
107 272 4.0
107 280 4.0
107 300 5.0
107 312 8.0
107 335 1.0
107 337 4.0
107 347 2.0
107 354 1.0
107 362 3.0
107 385 6.0
107 413 5.0
107 418 7.0
107 420 3.0
107 433 7.0
107 439 3.0
107 491 10.0
107 517 7.0
108 80 4.0
108 130 1.0
108 160 4.0
108 204 5.0
108 216 1.0
108 307 3.0
108 381 2.0
108 390 11.0
108 438 5.0
109 1 1.0
109 8 1.0
109 10 5.0
109 27 1.0
109 45 1.0
109 50 3.0
109 72 2.0
109 78 2.0
109 79 8.0
109 87 3.0
109 106 6.0
109 115 4.0
109 157 2.0
109 163 4.0
109 183 2.0
109 195 7.0
109 231 6.0
109 239 2.0
109 254 3.0
109 262 7.0
109 279 2.0
109 284 3.0
109 297 1.0
109 308 2.0
109 346 7.0
109 347 2.0
109 382 6.0
109 392 2.0
109 399 6.0
109 430 7.0
109 446 1.0
109 460 1.0
109 487 7.0
109 555 5.0
110 62 5.0
110 115 5.0
110 159 20.0
110 263 8.0
110 448 12.0
111 32 5.0
111 42 6.0
111 277 2.0
112 4 1.0
112 10 7.0
112 90 4.0
112 196 2.0
112 278 5.0
112 307 5.0
112 394 5.0
112 405 4.0
113 16 2.0
113 76 3.0
113 79 4.0
113 115 6.0
113 119 7.0
113 124 5.0
113 191 1.0
113 197 3.0
113 201 6.0
113 220 4.0
113 247 12.0
113 311 2.0
113 340 9.0
113 347 4.0
113 367 1.0
113 378 9.0
113 439 2.0
113 443 5.0
113 470 8.0
113 527 13.0
113 578 4.0
114 3 2.0
114 87 9.0
114 191 1.0
114 231 2.0
114 303 6.0
115 90 7.0
115 192 1.0
115 282 4.0
115 305 3.0
115 320 4.0
115 365 3.0
115 521 11.0
116 18 4.0
116 21 10.0
116 31 3.0
116 115 4.0
116 133 1.0
116 141 8.0
116 175 2.0
116 201 7.0
116 205 10.0
116 212 1.0
116 217 6.0
116 220 8.0
116 320 10.0
116 325 1.0
116 333 6.0
116 335 5.0
116 345 2.0
116 382 1.0
116 400 4.0
116 445 5.0
117 120 4.0
117 142 5.0
117 219 1.0
117 255 7.0
117 551 4.0
117 571 3.0
118 33 2.0
118 233 6.0
118 319 4.0
118 581 4.0
119 61 5.0
119 66 2.0
119 72 4.0
119 74 2.0
119 151 5.0
119 197 9.0
119 200 5.0
119 272 7.0
119 280 1.0
119 359 7.0
119 360 3.0
119 388 7.0
119 400 2.0
119 403 7.0
119 491 1.0
119 563 3.0
119 589 6.0
120 73 1.0
120 115 6.0
120 126 7.0
120 228 2.0
120 269 1.0
120 358 5.0
120 384 3.0
121 364 4.0
122 132 2.0
122 194 1.0
122 202 4.0
122 229 2.0
122 315 1.0
122 340 3.0
122 351 6.0
122 470 2.0
123 143 4.0
123 262 5.0
123 365 7.0
123 460 6.0
124 143 1.0
124 144 1.0
124 161 11.0
125 132 2.0
125 181 7.0
125 567 11.0
126 14 3.0
126 16 4.0
126 33 1.0
126 45 2.0
126 66 3.0
126 80 2.0
126 84 3.0
126 124 8.0
126 153 7.0
126 157 2.0
126 176 1.0
126 190 6.0
126 197 4.0
126 213 4.0
126 222 3.0
126 232 3.0
126 252 9.0
126 260 2.0
126 297 2.0
126 314 4.0
126 330 9.0
126 361 6.0
126 370 4.0
126 381 7.0
126 394 7.0
126 487 7.0
126 519 7.0
126 544 4.0
127 36 2.0
127 109 2.0
127 124 4.0
127 143 3.0
127 233 1.0
127 359 2.0
127 429 2.0
127 482 1.0
127 521 7.0
127 550 9.0
127 551 1.0
128 34 1.0
128 233 5.0
128 488 7.0
129 556 1.0
130 6 1.0
130 35 7.0
130 69 4.0
130 71 5.0
130 76 5.0
130 88 3.0
130 89 3.0
130 103 5.0
130 252 6.0
130 392 2.0
130 446 7.0
130 470 13.0
130 499 7.0
130 506 3.0
130 567 13.0
130 596 5.0
131 13 4.0
131 21 2.0
131 49 2.0
131 145 5.0
131 148 3.0
131 155 2.0
131 185 6.0
131 206 2.0
131 216 7.0
131 217 12.0
131 433 6.0
131 479 3.0
131 502 9.0
132 13 4.0
132 72 1.0
132 415 4.0
132 465 1.0
133 6 5.0
133 13 5.0
133 36 6.0
133 41 1.0
133 47 3.0
133 50 7.0
133 73 4.0
133 107 4.0
133 112 5.0
133 115 4.0
133 130 5.0
133 139 1.0
133 143 7.0
133 155 3.0
133 176 4.0
133 195 7.0
133 213 3.0
133 226 5.0
133 229 5.0
133 244 5.0
133 252 5.0
133 263 7.0
133 308 5.0
133 380 2.0
133 394 5.0
133 438 12.0
134 15 1.0
134 72 1.0
134 119 3.0
134 237 1.0
134 550 7.0
135 140 9.0
135 172 7.0
135 174 10.0
135 417 3.0
136 27 2.0
136 155 3.0
136 192 2.0
136 398 7.0
136 492 1.0
137 14 7.0
137 185 3.0
137 233 5.0
138 54 1.0
138 82 3.0
138 182 4.0
138 213 8.0
138 218 1.0
138 260 7.0
138 264 6.0
138 286 5.0
138 289 2.0
138 354 6.0
138 361 1.0
138 367 6.0
138 378 5.0
138 380 1.0
138 381 4.0
138 386 3.0
138 409 6.0
138 436 6.0
138 457 3.0
139 81 6.0
139 284 6.0
139 334 7.0
139 418 4.0
139 484 2.0
139 550 7.0
140 135 1.0
140 143 1.0
141 13 1.0
141 33 6.0
141 54 2.0
141 124 7.0
141 126 4.0
141 167 2.0
141 172 5.0
141 216 3.0
141 229 18.0
141 261 4.0
141 293 6.0
141 361 6.0
141 388 1.0
141 391 1.0
141 392 9.0
141 420 1.0
142 27 5.0
142 195 2.0
143 47 2.0
143 73 6.0
143 197 4.0
143 296 1.0
143 348 1.0
143 412 1.0
144 30 6.0
144 66 1.0
144 219 4.0
144 259 1.0
144 402 1.0
144 518 1.0
144 551 8.0
145 0 6.0
145 6 2.0
145 33 7.0
145 51 5.0
145 72 3.0
145 82 14.0
145 87 1.0
145 131 3.0
145 146 3.0
145 190 7.0
145 204 5.0
145 223 1.0
145 293 5.0
145 347 6.0
145 364 1.0
145 367 1.0
145 439 1.0
146 1 4.0
146 14 14.0
146 112 4.0
146 124 5.0
146 131 5.0
146 150 5.0
146 160 10.0
146 182 5.0
146 191 5.0
146 203 7.0
146 266 8.0
146 284 3.0
146 314 1.0
146 485 87.0
146 563 3.0
147 27 11.0
147 32 3.0
147 127 3.0
147 172 5.0
147 182 3.0
147 517 1.0
148 23 7.0
148 90 2.0
148 160 1.0
148 203 7.0
148 382 6.0
148 431 1.0
148 564 8.0
149 27 6.0
149 76 4.0
149 109 7.0
149 143 7.0
149 183 4.0
149 193 3.0
149 473 2.0
150 10 5.0
150 37 5.0
150 138 2.0
150 161 1.0
150 167 10.0
150 228 1.0
150 270 7.0
150 282 1.0
150 360 12.0
150 368 7.0
150 416 2.0
150 422 1.0
150 515 5.0
151 21 8.0
151 34 3.0
151 87 3.0
151 169 2.0
151 314 5.0
151 382 2.0
151 546 3.0
152 4 5.0
152 8 3.0
152 24 2.0
152 26 6.0
152 31 3.0
152 33 3.0
152 41 8.0
152 45 9.0
152 48 4.0
152 49 14.0
152 51 4.0
152 56 10.0
152 57 6.0
152 81 6.0
152 105 7.0
152 107 7.0
152 109 15.0
152 113 4.0
152 114 3.0
152 126 8.0
152 130 4.0
152 155 5.0
152 168 9.0
152 171 8.0
152 195 13.0
152 217 12.0
152 253 8.0
152 263 6.0
152 295 1.0
152 307 9.0
152 340 6.0
152 438 2.0
152 453 11.0
152 499 6.0
152 542 4.0
152 558 4.0
153 45 3.0
153 97 3.0
153 106 6.0
153 260 6.0
153 346 4.0
153 405 12.0
153 406 5.0
153 461 3.0
153 487 3.0
153 495 6.0
154 43 1.0
154 159 5.0
154 407 5.0
155 1 2.0
155 5 6.0
155 21 6.0
155 33 5.0
155 40 3.0
155 41 5.0
155 44 7.0
155 45 4.0
155 52 3.0
155 71 5.0
155 87 2.0
155 88 9.0
155 89 6.0
155 93 1.0
155 106 7.0
155 109 6.0
155 111 2.0
155 113 7.0
155 116 4.0
155 122 1.0
155 126 10.0
155 136 2.0
155 144 4.0
155 161 8.0
155 169 6.0
155 174 3.0
155 175 7.0
155 179 6.0
155 182 5.0
155 186 9.0
155 190 4.0
155 195 6.0
155 197 10.0
155 202 4.0
155 206 2.0
155 224 2.0
155 239 6.0
155 262 3.0
155 263 6.0
155 290 2.0
155 306 7.0
155 309 6.0
155 322 1.0
155 344 7.0
155 347 11.0
155 351 5.0
155 364 6.0
155 365 4.0
155 371 9.0
155 378 7.0
155 391 7.0
155 404 7.0
155 405 2.0
155 416 6.0
155 424 6.0
155 430 6.0
155 431 7.0
155 435 4.0
155 461 5.0
155 470 4.0
155 482 7.0
155 486 7.0
155 487 12.0
155 489 5.0
155 518 1.0
155 534 7.0
155 537 7.0
155 577 8.0
155 600 2.0
156 10 7.0
156 27 4.0
156 61 7.0
156 76 6.0
156 127 4.0
156 136 2.0
156 160 5.0
156 183 1.0
156 191 5.0
156 216 1.0
156 233 6.0
156 241 1.0
156 345 2.0
156 407 2.0
156 583 6.0
157 10 6.0
157 126 6.0
157 143 7.0
157 145 1.0
157 179 2.0
157 236 4.0
157 240 1.0
157 247 1.0
157 269 1.0
157 275 3.0
157 277 1.0
157 283 1.0
157 311 1.0
157 337 2.0
157 395 3.0
157 397 13.0
157 401 2.0
157 404 2.0
157 490 6.0
157 493 3.0
158 10 1.0
158 85 2.0
158 405 3.0
159 33 9.0
159 56 2.0
159 72 2.0
159 78 4.0
159 130 1.0
159 160 4.0
159 201 4.0
159 204 2.0
159 206 6.0
159 233 5.0
159 270 5.0
159 282 2.0
159 286 4.0
159 289 2.0
159 306 1.0
159 440 1.0
160 93 2.0
160 126 3.0
160 224 2.0
160 233 8.0
160 266 7.0
160 269 4.0
160 413 5.0
160 446 4.0
160 491 2.0
160 544 2.0
160 576 2.0
161 72 4.0
161 102 6.0
161 141 4.0
161 143 8.0
161 213 2.0
161 269 3.0
161 290 5.0
161 348 4.0
161 357 3.0
161 412 1.0
161 468 7.0
161 566 4.0
162 30 2.0
162 166 3.0
162 517 2.0
163 70 7.0
163 81 6.0
163 176 5.0
163 195 2.0
163 213 1.0
163 217 4.0
163 352 1.0
163 423 4.0
163 445 12.0
164 1 3.0
164 56 5.0
164 69 1.0
164 87 5.0
164 107 3.0
164 124 1.0
164 133 5.0
164 161 7.0
164 200 3.0
164 252 10.0
164 270 6.0
164 280 5.0
164 301 3.0
164 315 7.0
164 344 7.0
164 380 6.0
164 405 7.0
164 460 7.0
164 482 23.0
164 513 6.0
164 570 2.0
165 5 5.0
165 43 7.0
165 55 7.0
165 107 5.0
165 110 6.0
165 129 4.0
165 197 3.0
165 213 15.0
165 356 7.0
165 455 6.0
165 474 6.0
165 529 7.0
166 56 1.0
166 70 8.0
166 93 4.0
166 131 2.0
166 176 5.0
166 188 3.0
166 222 5.0
166 224 5.0
166 234 1.0
166 279 4.0
166 350 3.0
167 40 1.0
167 141 3.0
167 174 4.0
167 176 12.0
167 262 1.0
167 570 2.0
168 24 9.0
168 28 1.0
168 51 4.0
168 69 2.0
168 72 2.0
168 73 1.0
168 76 4.0
168 85 7.0
168 155 2.0
168 157 7.0
168 159 2.0
168 256 2.0
168 412 2.0
168 439 4.0
169 12 3.0
169 27 5.0
169 29 1.0
169 82 3.0
169 84 11.0
169 139 5.0
169 150 2.0
169 163 2.0
169 185 7.0
169 233 2.0
169 471 4.0
169 563 5.0
170 8 1.0
170 21 6.0
170 72 4.0
170 87 2.0
170 105 6.0
170 126 7.0
170 148 9.0
170 173 7.0
170 208 2.0
170 209 7.0
170 263 4.0
170 282 7.0
170 317 6.0
170 448 7.0
170 460 5.0
170 509 6.0
170 511 10.0
171 4 4.0
171 14 7.0
171 56 4.0
171 82 16.0
171 106 1.0
171 119 2.0
171 179 1.0
171 184 7.0
171 191 3.0
171 200 4.0
171 239 8.0
171 286 5.0
171 305 3.0
171 412 6.0
171 413 3.0
171 430 4.0
171 563 7.0
172 24 6.0
172 79 2.0
172 89 2.0
172 110 2.0
172 193 3.0
172 300 5.0
172 309 11.0
172 571 6.0
173 113 12.0
173 197 4.0
173 352 4.0
174 149 2.0
174 168 4.0
174 270 6.0
174 385 7.0
175 126 11.0
175 189 1.0
175 202 1.0
175 228 5.0
175 320 2.0
175 332 7.0
176 27 4.0
176 31 2.0
176 37 6.0
176 57 6.0
176 64 7.0
176 81 7.0
176 122 9.0
176 138 2.0
176 156 3.0
176 160 2.0
176 190 5.0
176 213 17.0
176 307 1.0
176 350 2.0
176 388 4.0
176 390 1.0
176 445 2.0
176 475 4.0
177 172 1.0
177 189 3.0
177 514 1.0
178 280 3.0
179 27 2.0
179 89 12.0
179 159 1.0
179 230 2.0
179 247 5.0
179 251 2.0
179 252 6.0
179 274 3.0
179 282 4.0
179 286 12.0
179 366 6.0
179 401 2.0
179 405 1.0
179 424 2.0
179 503 5.0
179 509 2.0
180 3 7.0
180 20 3.0
180 111 7.0
180 229 9.0
180 307 7.0
180 491 6.0
180 506 5.0
181 209 5.0
181 347 3.0
181 409 4.0
181 433 4.0
181 434 1.0
182 27 6.0
182 100 2.0
182 167 5.0
182 197 4.0
182 263 2.0
182 344 4.0
182 374 7.0
182 385 1.0
182 412 3.0
182 413 3.0
182 416 1.0
182 431 5.0
182 511 4.0
182 522 4.0
182 537 1.0
182 544 2.0
183 88 2.0
183 92 5.0
183 106 7.0
183 117 9.0
183 126 2.0
183 258 5.0
183 265 1.0
183 448 6.0
183 469 1.0
184 31 2.0
184 33 2.0
184 41 1.0
184 64 6.0
184 330 2.0
184 357 2.0
184 416 4.0
184 457 5.0
184 460 4.0
185 1 1.0
185 70 1.0
185 231 4.0
186 1 4.0
186 18 4.0
186 24 1.0
186 141 3.0
186 155 1.0
186 182 1.0
186 200 2.0
186 217 3.0
186 262 5.0
186 412 4.0
186 436 2.0
186 482 14.0
186 494 4.0
186 512 7.0
186 567 31.0
187 68 2.0
187 87 3.0
187 198 2.0
187 308 1.0
187 550 6.0
188 126 8.0
188 487 1.0
189 175 1.0
189 381 5.0
190 82 1.0
190 103 4.0
190 155 2.0
190 176 5.0
190 296 9.0
190 321 4.0
190 440 3.0
190 441 12.0
191 9 2.0
191 24 3.0
191 90 4.0
191 102 3.0
191 110 9.0
191 130 7.0
191 138 5.0
191 152 4.0
191 178 4.0
191 180 3.0
191 182 2.0
191 204 2.0
191 214 3.0
191 235 1.0
191 272 6.0
191 286 3.0
191 319 7.0
191 330 6.0
191 354 4.0
191 359 10.0
191 416 6.0
191 429 2.0
191 431 4.0
191 449 5.0
191 461 9.0
191 462 6.0
191 521 13.0
192 138 4.0
192 451 4.0
192 487 2.0
193 149 1.0
193 330 5.0
194 169 1.0
194 252 1.0
194 514 5.0
195 33 6.0
195 61 2.0
195 126 3.0
195 129 1.0
195 148 5.0
195 200 1.0
195 233 1.0
195 272 2.0
195 351 7.0
195 394 3.0
195 430 1.0
195 482 22.0
195 541 6.0
196 213 1.0
197 50 5.0
197 56 10.0
197 176 1.0
197 206 1.0
197 282 5.0
197 298 4.0
197 386 2.0
197 428 3.0
197 510 13.0
198 97 2.0
198 516 7.0
199 209 2.0
200 87 2.0
200 126 4.0
200 186 4.0
200 197 9.0
200 262 6.0
200 270 2.0
200 288 5.0
200 290 9.0
200 350 2.0
200 460 3.0
201 10 13.0
201 102 7.0
201 153 6.0
201 159 3.0
201 330 1.0
201 369 6.0
201 433 6.0
201 509 1.0
202 175 5.0
202 195 1.0
202 204 8.0
202 270 5.0
202 335 6.0
202 418 2.0
203 81 5.0
203 109 6.0
203 147 1.0
203 211 3.0
203 247 5.0
203 370 3.0
203 430 2.0
203 436 2.0
203 440 3.0
203 450 3.0
203 521 5.0
204 41 6.0
204 186 1.0
204 213 1.0
204 397 3.0
205 170 1.0
206 21 2.0
206 157 9.0
206 166 1.0
206 181 2.0
206 183 5.0
206 198 6.0
206 217 5.0
206 219 1.0
206 220 7.0
206 311 3.0
206 317 1.0
206 319 4.0
206 381 1.0
206 413 3.0
206 439 3.0
206 451 7.0
206 502 5.0
206 540 4.0
206 596 7.0
207 190 4.0
207 214 1.0
207 223 4.0
208 5 4.0
208 28 4.0
208 40 1.0
208 223 10.0
208 265 5.0
208 322 4.0
208 418 7.0
209 7 10.0
209 23 5.0
209 24 10.0
209 33 6.0
209 41 5.0
209 45 3.0
209 56 5.0
209 95 1.0
209 119 6.0
209 122 3.0
209 126 7.0
209 206 5.0
209 213 7.0
209 219 2.0
209 245 1.0
209 255 4.0
209 268 5.0
209 290 15.0
209 294 7.0
209 303 7.0
209 310 3.0
209 314 8.0
209 360 4.0
209 364 3.0
209 413 13.0
209 436 10.0
209 447 3.0
209 458 19.0
209 544 6.0
210 24 6.0
210 209 4.0
210 225 4.0
210 264 9.0
210 466 8.0
210 509 6.0
210 559 5.0
211 203 1.0
212 5 2.0
212 17 1.0
212 27 5.0
212 30 6.0
212 34 3.0
212 52 2.0
212 74 2.0
212 87 2.0
212 109 5.0
212 116 5.0
212 161 7.0
212 200 1.0
212 238 1.0
212 248 2.0
212 290 6.0
212 294 11.0
212 300 11.0
212 329 10.0
212 347 7.0
212 348 7.0
212 406 5.0
212 413 6.0
212 439 5.0
212 472 5.0
213 6 1.0
213 23 3.0
213 40 5.0
213 51 2.0
213 54 3.0
213 72 8.0
213 93 2.0
213 179 3.0
213 181 4.0
213 182 6.0
213 191 7.0
213 204 4.0
213 233 3.0
213 236 5.0
213 241 7.0
213 245 1.0
213 247 14.0
213 262 8.0
213 286 4.0
213 300 4.0
213 320 1.0
213 322 13.0
213 328 2.0
213 348 21.0
213 359 6.0
213 364 5.0
213 366 4.0
213 382 6.0
213 416 7.0
213 429 3.0
213 430 7.0
213 436 5.0
213 438 5.0
213 440 6.0
213 450 4.0
213 461 3.0
213 516 6.0
213 520 36.0
213 574 3.0
214 39 5.0
214 197 1.0
215 233 7.0
215 290 5.0
216 0 1.0
216 34 2.0
216 50 9.0
216 82 1.0
216 97 4.0
216 122 2.0
216 141 14.0
216 347 1.0
216 348 4.0
216 378 3.0
216 382 8.0
216 416 5.0
216 433 7.0
216 448 1.0
216 452 3.0
216 460 7.0
216 506 7.0
216 559 3.0
217 7 4.0
217 10 2.0
217 113 2.0
217 159 1.0
217 176 3.0
217 213 5.0
217 238 2.0
217 254 4.0
217 317 3.0
217 330 6.0
217 354 5.0
218 27 3.0
218 528 5.0
218 546 3.0
219 23 1.0
219 26 3.0
219 27 1.0
219 47 5.0
219 105 8.0
219 142 2.0
219 156 2.0
219 252 10.0
219 269 7.0
219 286 6.0
219 433 5.0
220 115 2.0
220 167 6.0
220 186 7.0
220 202 7.0
220 263 1.0
220 282 8.0
220 328 3.0
220 346 6.0
220 354 3.0
221 307 4.0
222 144 5.0
222 382 5.0
222 467 2.0
222 470 3.0
222 473 10.0
222 484 7.0
223 100 5.0
223 227 7.0
223 320 3.0
223 337 3.0
224 33 2.0
224 50 7.0
224 67 6.0
224 76 7.0
224 109 3.0
224 116 6.0
224 155 6.0
224 161 7.0
224 167 7.0
224 191 5.0
224 197 7.0
224 231 3.0
224 247 9.0
224 249 6.0
224 260 7.0
224 286 16.0
224 290 5.0
224 355 9.0
224 378 7.0
224 381 3.0
224 382 3.0
224 390 5.0
224 396 3.0
224 399 6.0
224 412 5.0
224 429 7.0
224 517 5.0
224 527 5.0
224 545 8.0
224 579 7.0
225 127 8.0
225 169 1.0
225 203 1.0
225 204 10.0
225 211 3.0
225 220 3.0
225 266 1.0
225 330 4.0
225 464 5.0
226 127 6.0
226 252 2.0
227 7 2.0
227 126 6.0
227 292 2.0
227 303 4.0
228 18 4.0
228 50 3.0
228 126 3.0
228 176 10.0
228 206 5.0
228 251 5.0
228 252 3.0
228 264 2.0
228 352 5.0
228 460 3.0
228 562 1.0
229 1 6.0
229 6 9.0
229 13 6.0
229 21 5.0
229 26 6.0
229 27 1.0
229 33 8.0
229 44 3.0
229 78 5.0
229 85 2.0
229 93 1.0
229 112 13.0
229 115 6.0
229 155 4.0
229 160 4.0
229 165 3.0
229 179 3.0
229 200 4.0
229 212 8.0
229 213 7.0
229 233 1.0
229 237 21.0
229 260 2.0
229 265 6.0
229 266 9.0
229 290 2.0
229 294 6.0
229 299 11.0
229 301 4.0
229 320 1.0
229 336 5.0
229 343 7.0
229 347 2.0
229 366 7.0
229 376 7.0
229 381 7.0
229 388 1.0
229 429 1.0
229 439 3.0
229 440 5.0
229 455 6.0
229 479 1.0
229 490 6.0
229 570 1.0
230 109 3.0
230 169 1.0
230 223 2.0
230 241 1.0
230 452 5.0
231 1 5.0
231 54 2.0
231 68 5.0
231 184 4.0
231 185 1.0
231 195 1.0
231 256 5.0
231 301 2.0
231 517 7.0
231 526 3.0
232 56 2.0
232 87 1.0
232 134 5.0
232 290 6.0
232 385 13.0
233 4 4.0
233 7 6.0
233 29 1.0
233 34 8.0
233 43 1.0
233 199 1.0
233 282 5.0
233 289 4.0
233 319 1.0
233 352 3.0
233 359 3.0
233 378 4.0
233 404 6.0
233 451 6.0
233 473 7.0
233 506 6.0
233 567 37.0
234 6 2.0
234 134 3.0
234 159 5.0
234 275 1.0
234 515 5.0
235 112 3.0
235 195 4.0
235 209 1.0
235 248 9.0
235 471 7.0
236 6 2.0
236 40 10.0
236 107 1.0
236 117 5.0
236 186 5.0
236 201 7.0
236 219 3.0
236 239 4.0
236 286 4.0
236 446 3.0
237 143 4.0
237 144 4.0
237 161 2.0
237 213 6.0
237 296 2.0
237 321 2.0
237 514 4.0
238 127 2.0
238 216 1.0
238 262 1.0
238 274 6.0
238 388 3.0
238 436 4.0
239 143 7.0
239 158 1.0
239 252 1.0
239 355 5.0
239 385 1.0
239 440 4.0
240 139 2.0
240 229 1.0
240 381 2.0
241 85 2.0
241 118 5.0
241 124 3.0
241 155 4.0
241 161 5.0
241 167 7.0
241 247 7.0
241 293 1.0
241 347 3.0
241 359 2.0
241 377 5.0
241 423 3.0
241 437 1.0
242 126 6.0
242 252 5.0
242 271 5.0
243 176 1.0
243 263 5.0
243 364 3.0
243 563 5.0
244 13 3.0
244 27 4.0
244 29 6.0
244 36 5.0
244 50 1.0
244 79 3.0
244 86 4.0
244 112 3.0
244 170 2.0
244 425 6.0
244 471 3.0
244 487 1.0
245 33 6.0
245 48 2.0
245 90 6.0
245 203 5.0
245 286 3.0
246 74 1.0
246 212 2.0
246 326 2.0
246 495 8.0
247 296 1.0
247 324 1.0
247 330 1.0
247 365 6.0
247 418 2.0
247 433 8.0
247 517 2.0
248 24 18.0
248 45 3.0
248 109 4.0
248 124 2.0
248 159 4.0
248 252 5.0
248 253 1.0
248 268 2.0
248 356 4.0
248 520 4.0
248 542 4.0
249 212 1.0
249 252 2.0
249 321 4.0
250 7 8.0
250 56 1.0
250 172 1.0
250 257 3.0
250 281 9.0
251 18 4.0
251 104 1.0
251 106 2.0
251 112 6.0
251 229 3.0
251 290 3.0
251 301 1.0
251 317 7.0
251 346 5.0
251 461 5.0
252 4 5.0
252 45 1.0
252 49 2.0
252 50 7.0
252 118 9.0
252 124 1.0
252 169 1.0
252 171 4.0
252 176 7.0
252 211 4.0
252 224 4.0
252 225 3.0
252 244 1.0
252 250 1.0
252 256 3.0
252 260 1.0
252 262 3.0
252 282 5.0
252 299 1.0
252 306 9.0
252 321 3.0
252 327 7.0
252 336 4.0
252 374 2.0
252 507 4.0
253 233 2.0
253 252 4.0
253 566 3.0
253 570 1.0
254 10 16.0
254 23 8.0
254 25 6.0
254 27 6.0
254 29 3.0
254 40 5.0
254 50 10.0
254 54 2.0
254 56 3.0
254 72 3.0
254 81 5.0
254 109 3.0
254 157 1.0
254 161 3.0
254 164 4.0
254 165 9.0
254 188 7.0
254 210 8.0
254 263 6.0
254 264 3.0
254 297 3.0
254 308 8.0
254 330 7.0
254 359 3.0
254 381 4.0
254 382 6.0
254 424 12.0
254 526 7.0
254 529 1.0
254 554 5.0
255 24 4.0
256 127 3.0
256 139 3.0
256 161 8.0
256 213 7.0
256 377 1.0
256 381 1.0
256 413 4.0
256 487 5.0
256 503 4.0
256 520 53.0
257 80 7.0
257 86 4.0
257 225 2.0
257 349 3.0
257 378 2.0
257 409 5.0
257 431 3.0
257 435 4.0
257 457 5.0
257 464 2.0
257 471 6.0
257 477 1.0
257 516 5.0
257 526 6.0
258 103 4.0
258 105 9.0
258 119 4.0
258 137 3.0
258 159 14.0
258 205 2.0
258 225 2.0
258 251 1.0
258 265 5.0
258 314 5.0
258 351 1.0
258 491 5.0
259 10 8.0
259 69 5.0
259 72 3.0
259 92 2.0
259 97 4.0
259 106 7.0
259 177 2.0
259 195 6.0
259 203 4.0
259 280 5.0
259 294 2.0
259 322 3.0
259 416 1.0
259 430 3.0
259 542 2.0
260 23 7.0
260 41 2.0
260 44 4.0
260 50 12.0
260 79 5.0
260 106 2.0
260 115 2.0
260 124 3.0
260 138 6.0
260 150 6.0
260 157 7.0
260 161 9.0
260 183 3.0
260 191 2.0
260 201 7.0
260 213 2.0
260 233 5.0
260 252 1.0
260 290 7.0
260 294 6.0
260 330 10.0
260 333 8.0
260 334 11.0
260 346 2.0
260 355 6.0
260 362 4.0
260 381 2.0
260 395 6.0
260 403 5.0
260 409 12.0
260 433 4.0
260 436 4.0
260 443 4.0
260 450 6.0
260 531 5.0
261 81 7.0
261 144 4.0
261 260 2.0
261 332 1.0
261 374 6.0
262 5 1.0
262 96 7.0
262 115 4.0
262 270 3.0
262 271 2.0
262 321 6.0
262 388 2.0
262 446 2.0
262 460 7.0
262 483 3.0
262 567 5.0
263 6 1.0
263 10 4.0
263 16 2.0
263 20 7.0
263 24 7.0
263 26 5.0
263 27 19.0
263 34 6.0
263 40 6.0
263 72 9.0
263 75 6.0
263 76 5.0
263 95 1.0
263 97 5.0
263 99 2.0
263 112 1.0
263 168 3.0
263 182 4.0
263 195 5.0
263 252 6.0
263 255 6.0
263 273 5.0
263 297 7.0
263 309 8.0
263 385 7.0
263 388 4.0
263 405 6.0
263 433 9.0
263 436 2.0
263 438 6.0
263 445 2.0
263 446 3.0
263 517 3.0
264 7 5.0
264 10 3.0
264 64 3.0
264 87 3.0
264 172 3.0
264 179 2.0
264 209 1.0
264 255 5.0
264 256 2.0
264 329 5.0
264 347 7.0
264 395 5.0
264 405 7.0
264 422 2.0
264 491 4.0
264 544 6.0
265 84 1.0
265 118 4.0
265 155 4.0
265 275 3.0
265 297 5.0
265 299 4.0
265 314 3.0
265 327 2.0
265 382 3.0
265 471 4.0
266 254 1.0
267 200 6.0
267 259 1.0
268 33 7.0
268 52 4.0
268 72 8.0
268 159 2.0
268 248 1.0
268 394 4.0
268 567 4.0
269 262 2.0
270 256 5.0
270 296 5.0
270 299 10.0
270 347 6.0
270 395 4.0
270 447 1.0
271 180 6.0
271 242 2.0
271 412 1.0
271 433 1.0
271 460 7.0
272 72 3.0
272 85 3.0
272 195 18.0
272 306 3.0
272 330 7.0
272 360 6.0
272 375 4.0
272 412 5.0
272 494 6.0
273 2 5.0
273 49 12.0
273 72 4.0
273 102 7.0
273 114 1.0
273 119 2.0
273 260 4.0
273 263 16.0
273 351 7.0
273 382 6.0
273 391 1.0
273 433 16.0
273 438 12.0
273 491 4.0
273 547 5.0
274 23 5.0
274 26 2.0
274 46 1.0
274 49 4.0
274 214 2.0
274 247 7.0
274 296 8.0
274 418 6.0
274 435 6.0
274 446 5.0
274 465 6.0
275 110 1.0
275 126 1.0
275 191 5.0
275 220 5.0
275 482 1.0
276 69 10.0
276 231 6.0
276 267 4.0
276 512 11.0
277 260 8.0
278 220 3.0
278 234 2.0
278 264 1.0
278 330 7.0
279 16 5.0
279 217 7.0
279 234 4.0
279 314 5.0
279 433 6.0
280 68 1.0
280 72 3.0
280 92 8.0
280 114 2.0
280 127 4.0
280 203 6.0
280 256 4.0
280 268 1.0
280 323 6.0
280 336 5.0
280 412 1.0
280 433 7.0
280 445 15.0
281 0 6.0
281 7 1.0
281 252 4.0
281 504 5.0
282 21 1.0
282 101 2.0
282 179 4.0
282 182 7.0
282 194 2.0
282 206 2.0
282 460 5.0
282 493 1.0
283 167 6.0
283 212 1.0
283 251 4.0
283 264 1.0
283 277 7.0
283 340 2.0
283 401 1.0
283 529 7.0
284 16 7.0
284 179 1.0
284 322 4.0
284 562 1.0
285 72 7.0
285 82 6.0
285 195 5.0
285 330 6.0
285 471 6.0
286 16 1.0
286 52 2.0
286 78 5.0
286 107 2.0
286 113 4.0
286 129 4.0
286 135 6.0
286 143 3.0
286 147 3.0
286 185 1.0
286 209 4.0
286 233 4.0
286 299 4.0
286 319 3.0
286 355 8.0
286 356 3.0
286 384 7.0
286 385 7.0
286 403 6.0
286 405 3.0
286 411 5.0
286 412 6.0
286 433 4.0
286 439 4.0
286 453 2.0
286 460 1.0
286 473 3.0
286 515 5.0
286 520 42.0
286 527 5.0
286 552 6.0
286 598 1.0
287 4 4.0
287 290 1.0
288 61 1.0
288 381 2.0
289 13 4.0
289 307 5.0
289 507 3.0
290 21 4.0
290 36 1.0
290 37 7.0
290 71 3.0
290 81 3.0
290 100 1.0
290 141 5.0
290 156 6.0
290 201 2.0
290 274 6.0
290 295 7.0
290 298 2.0
290 330 12.0
290 348 7.0
290 398 3.0
290 502 4.0
291 9 13.0
291 252 6.0
291 534 7.0
292 5 6.0
292 24 8.0
292 40 5.0
292 45 4.0
292 56 3.0
292 68 3.0
292 72 1.0
292 79 6.0
292 109 7.0
292 209 4.0
292 244 3.0
292 252 5.0
292 258 7.0
292 275 4.0
292 319 6.0
293 63 9.0
293 399 3.0
293 430 1.0
294 103 5.0
294 195 1.0
294 291 10.0
294 352 3.0
294 574 3.0
294 585 5.0
295 31 3.0
295 34 8.0
295 168 1.0
295 252 3.0
295 255 9.0
295 260 5.0
295 263 4.0
295 275 5.0
295 299 1.0
295 309 4.0
295 386 4.0
295 404 6.0
295 405 2.0
295 430 3.0
295 433 6.0
295 455 2.0
295 461 7.0
295 466 5.0
295 529 4.0
295 568 2.0
295 570 8.0
296 126 2.0
296 171 3.0
296 265 3.0
296 452 2.0
297 5 1.0
297 184 5.0
297 206 5.0
297 212 2.0
297 403 4.0
297 572 2.0
298 329 5.0
299 87 6.0
299 90 5.0
299 135 4.0
299 229 2.0
299 242 2.0
299 243 4.0
299 247 1.0
299 381 3.0
299 405 1.0
299 439 1.0
299 460 5.0
300 190 5.0
300 195 2.0
300 248 3.0
300 253 3.0
300 270 5.0
300 307 1.0
300 339 7.0
300 436 5.0
300 455 3.0
301 0 5.0
301 7 5.0
301 27 7.0
301 90 6.0
301 92 3.0
301 143 11.0
301 146 2.0
301 164 7.0
301 216 6.0
301 219 1.0
301 231 2.0
301 263 6.0
301 282 7.0
301 283 4.0
301 335 11.0
301 366 1.0
301 395 6.0
301 400 5.0
301 417 1.0
301 423 7.0
301 460 4.0
301 491 10.0
301 507 1.0
301 508 1.0
302 290 7.0
303 14 6.0
303 41 2.0
303 49 7.0
303 78 12.0
303 107 6.0
303 179 4.0
303 263 6.0
303 274 5.0
303 301 2.0
303 364 5.0
303 397 3.0
303 430 4.0
303 433 7.0
303 442 6.0
303 489 7.0
304 1 1.0
304 200 1.0
305 92 3.0
305 115 1.0
305 171 5.0
305 244 4.0
305 509 6.0
306 33 2.0
306 113 6.0
306 203 3.0
306 213 8.0
306 247 3.0
306 263 2.0
306 290 4.0
306 293 1.0
306 334 6.0
306 335 1.0
306 357 3.0
306 388 1.0
306 460 1.0
307 195 1.0
307 286 4.0
307 296 6.0
307 358 4.0
307 395 7.0
307 435 4.0
308 260 1.0
309 33 8.0
309 295 2.0
309 307 1.0
309 447 4.0
310 122 5.0
310 157 1.0
310 299 5.0
310 364 3.0
310 388 3.0
310 449 4.0
311 7 1.0
311 109 1.0
311 113 5.0
311 139 2.0
311 157 1.0
311 172 1.0
311 226 2.0
311 254 1.0
311 260 1.0
311 325 4.0
311 407 5.0
311 461 6.0
311 574 6.0
312 0 7.0
312 7 6.0
312 51 5.0
312 78 18.0
312 88 5.0
312 102 2.0
312 110 1.0
312 116 2.0
312 121 5.0
312 159 3.0
312 209 1.0
312 218 5.0
312 226 10.0
312 229 10.0
312 245 5.0
312 248 19.0
312 282 13.0
312 290 10.0
312 300 5.0
312 400 3.0
312 403 1.0
312 529 1.0
313 10 4.0
313 31 1.0
313 56 1.0
313 87 4.0
313 155 1.0
313 161 1.0
313 191 10.0
313 259 2.0
313 260 4.0
313 280 1.0
313 314 7.0
313 317 1.0
313 351 2.0
313 377 3.0
313 392 1.0
313 576 4.0
314 178 5.0
314 194 1.0
314 195 1.0
314 252 5.0
314 415 2.0
314 529 4.0
315 216 1.0
315 570 6.0
316 87 3.0
316 175 5.0
316 265 1.0
316 305 1.0
317 72 2.0
317 130 4.0
317 358 20.0
317 440 3.0
317 458 6.0
317 511 4.0
317 571 1.0
318 50 5.0
318 109 1.0
318 212 4.0
318 382 6.0
319 1 1.0
319 48 3.0
319 51 4.0
319 103 2.0
319 115 7.0
319 191 7.0
319 258 1.0
319 312 7.0
319 314 6.0
319 339 5.0
319 340 2.0
319 347 3.0
319 385 6.0
319 468 5.0
319 515 5.0
320 51 1.0
320 74 1.0
320 79 4.0
320 108 4.0
320 109 1.0
320 141 8.0
320 194 6.0
320 213 6.0
320 229 9.0
320 260 1.0
320 294 12.0
320 330 4.0
320 366 3.0
320 440 3.0
320 447 3.0
320 453 2.0
321 95 6.0
321 248 1.0
321 280 1.0
321 439 1.0
321 509 4.0
321 567 39.0
322 86 6.0
322 114 4.0
322 121 2.0
322 174 6.0
322 195 5.0
322 213 5.0
322 237 6.0
322 272 3.0
322 282 4.0
322 347 5.0
322 386 2.0
322 395 5.0
322 405 6.0
322 411 2.0
322 447 7.0
322 473 4.0
322 491 8.0
322 498 5.0
322 586 7.0
322 587 5.0
323 79 5.0
323 175 2.0
324 50 9.0
325 115 10.0
325 116 4.0
325 205 3.0
325 220 4.0
325 294 6.0
325 320 6.0
325 333 7.0
325 336 1.0
325 461 6.0
325 475 2.0
326 14 5.0
326 36 3.0
326 229 1.0
326 353 1.0
326 422 7.0
327 23 4.0
327 100 2.0
327 192 4.0
327 247 5.0
327 286 2.0
327 330 4.0
327 343 2.0
327 352 3.0
327 415 2.0
327 418 8.0
327 571 2.0
327 576 4.0
328 5 1.0
328 50 2.0
328 78 2.0
328 87 4.0
328 100 17.0
328 105 8.0
328 186 4.0
328 295 1.0
328 306 4.0
328 339 7.0
328 350 2.0
328 352 2.0
328 371 1.0
328 450 2.0
328 518 4.0
328 571 2.0
329 330 5.0
330 201 4.0
330 204 1.0
330 229 4.0
330 327 1.0
330 385 3.0
330 394 5.0
330 446 2.0
330 468 6.0
331 320 4.0
332 72 1.0
332 87 1.0
332 106 3.0
332 124 5.0
332 167 3.0
332 171 1.0
332 173 1.0
332 229 1.0
332 260 4.0
332 337 1.0
332 353 2.0
333 330 3.0
333 572 1.0
334 24 6.0
334 141 2.0
334 280 1.0
334 332 2.0
334 403 6.0
334 416 4.0
334 525 4.0
335 27 3.0
335 132 4.0
335 141 4.0
335 258 6.0
335 294 1.0
335 320 2.0
335 361 8.0
335 498 3.0
336 64 6.0
336 282 3.0
336 483 5.0
336 551 7.0
336 572 4.0
337 0 5.0
337 72 6.0
337 73 5.0
337 115 2.0
337 157 2.0
337 223 8.0
337 332 4.0
338 50 5.0
338 63 7.0
338 106 10.0
338 352 4.0
338 405 3.0
338 406 5.0
338 408 4.0
338 524 5.0
338 577 7.0
339 44 4.0
339 72 3.0
339 100 7.0
339 242 4.0
339 263 3.0
339 330 10.0
339 334 7.0
339 342 1.0
339 377 2.0
339 459 8.0
340 33 1.0
340 56 9.0
340 100 3.0
340 296 8.0
340 330 7.0
340 335 3.0
340 352 7.0
340 378 3.0
340 419 1.0
340 456 1.0
340 487 2.0
340 522 1.0
340 531 7.0
341 50 1.0
341 339 10.0
341 352 4.0
341 413 2.0
341 423 2.0
342 81 1.0
343 260 2.0
343 352 1.0
344 85 2.0
344 244 1.0
344 376 3.0
344 422 3.0
344 459 2.0
345 81 2.0
345 82 7.0
345 85 6.0
345 109 3.0
345 126 7.0
345 161 7.0
345 180 2.0
345 327 6.0
345 351 3.0
345 354 4.0
345 355 8.0
345 467 10.0
345 500 7.0
345 550 6.0
346 10 7.0
346 349 2.0
346 413 2.0
347 0 5.0
347 16 6.0
347 48 4.0
347 57 6.0
347 61 5.0
347 81 2.0
347 85 3.0
347 107 5.0
347 130 2.0
347 147 4.0
347 161 6.0
347 202 11.0
347 234 2.0
347 247 6.0
347 260 1.0
347 283 6.0
347 294 3.0
347 351 5.0
347 393 1.0
347 407 6.0
347 416 1.0
347 418 6.0
347 428 3.0
347 430 7.0
347 450 1.0
347 455 1.0
347 459 7.0
347 531 5.0
347 581 1.0
347 585 5.0
348 33 4.0
348 116 5.0
348 343 2.0
348 349 5.0
348 350 1.0
348 355 2.0
348 385 1.0
348 460 3.0
348 479 3.0
349 63 2.0
349 257 1.0
350 15 5.0
350 63 2.0
350 327 2.0
351 34 5.0
351 61 5.0
351 89 3.0
351 105 1.0
351 161 6.0
351 213 8.0
351 258 7.0
351 273 7.0
351 290 7.0
351 306 1.0
351 307 4.0
351 330 5.0
351 345 1.0
351 347 2.0
351 359 6.0
351 388 5.0
351 418 2.0
351 434 5.0
351 520 21.0
352 63 4.0
352 76 2.0
352 233 2.0
353 72 2.0
353 85 7.0
353 90 7.0
353 119 1.0
353 138 3.0
353 233 9.0
353 355 9.0
353 376 1.0
353 433 7.0
354 57 3.0
354 85 1.0
354 100 1.0
354 109 2.0
354 160 4.0
354 180 3.0
354 199 6.0
354 312 11.0
354 326 2.0
354 411 7.0
354 430 3.0
354 450 4.0
354 457 3.0
354 460 3.0
354 473 4.0
354 485 1.0
354 489 3.0
354 491 8.0
354 496 2.0
355 201 5.0
355 239 3.0
355 260 2.0
355 286 1.0
355 317 5.0
355 330 3.0
355 358 2.0
355 407 6.0
355 586 6.0
356 49 4.0
356 179 2.0
356 233 3.0
356 355 1.0
356 384 7.0
356 405 7.0
356 418 6.0
356 422 4.0
356 487 1.0
356 591 4.0
357 50 6.0
357 106 4.0
357 201 7.0
357 229 4.0
357 306 3.0
357 327 3.0
357 347 5.0
357 461 7.0
357 577 7.0
358 167 1.0
359 6 5.0
359 26 7.0
359 37 5.0
359 105 5.0
359 109 4.0
359 113 1.0
359 114 3.0
359 120 6.0
359 124 2.0
359 130 3.0
359 154 8.0
359 168 3.0
359 176 2.0
359 217 16.0
359 241 2.0
359 247 12.0
359 261 5.0
359 272 5.0
359 296 6.0
359 306 12.0
359 327 10.0
359 351 4.0
359 354 3.0
359 360 11.0
359 361 13.0
359 376 4.0
359 423 5.0
359 436 8.0
359 460 2.0
360 127 3.0
360 131 3.0
360 202 2.0
360 216 1.0
360 328 4.0
360 418 2.0
360 521 9.0
361 167 7.0
361 261 1.0
361 353 3.0
362 361 6.0
363 319 14.0
363 399 1.0
363 458 3.0
364 23 4.0
364 141 2.0
364 171 6.0
364 204 3.0
364 238 10.0
364 260 2.0
364 310 3.0
364 328 3.0
364 361 3.0
364 367 6.0
364 417 2.0
364 473 1.0
364 491 2.0
364 571 7.0
364 577 4.0
365 89 10.0
365 103 5.0
365 351 4.0
366 113 1.0
366 132 1.0
366 355 1.0
366 374 1.0
366 382 3.0
366 412 5.0
366 574 5.0
367 100 4.0
367 138 1.0
367 412 8.0
368 167 7.0
368 330 4.0
368 388 4.0
368 477 2.0
369 126 3.0
369 201 7.0
369 361 4.0
369 373 4.0
369 376 2.0
370 213 11.0
370 310 1.0
370 354 4.0
370 360 7.0
370 411 7.0
370 426 14.0
370 443 3.0
371 2 4.0
371 37 4.0
371 78 5.0
371 265 6.0
371 306 3.0
371 351 3.0
371 465 2.0
372 31 10.0
372 72 4.0
372 87 1.0
372 159 18.0
372 191 4.0
372 229 1.0
372 230 2.0
372 265 3.0
372 330 2.0
372 395 3.0
373 80 5.0
373 260 2.0
373 526 6.0
374 95 1.0
374 111 5.0
374 307 4.0
374 423 1.0
375 213 4.0
375 364 5.0
376 23 1.0
376 61 3.0
376 190 6.0
376 388 5.0
376 433 5.0
377 33 2.0
377 191 7.0
377 203 5.0
377 213 10.0
377 370 4.0
377 409 6.0
377 487 5.0
378 10 9.0
378 21 1.0
378 43 5.0
378 51 4.0
378 96 7.0
378 108 6.0
378 109 1.0
378 126 6.0
378 138 2.0
378 156 4.0
378 157 3.0
378 213 14.0
378 222 12.0
378 233 3.0
378 247 6.0
378 260 2.0
378 268 7.0
378 299 2.0
378 340 2.0
378 354 5.0
378 356 6.0
378 376 10.0
378 377 14.0
378 384 6.0
378 403 5.0
378 411 6.0
378 417 4.0
378 452 8.0
378 458 1.0
378 527 2.0
379 34 4.0
379 51 4.0
379 141 3.0
379 376 3.0
379 433 6.0
380 254 2.0
380 388 3.0
380 517 3.0
381 47 3.0
381 86 1.0
381 204 5.0
381 311 2.0
381 335 4.0
381 407 7.0
382 10 5.0
382 27 5.0
382 132 2.0
382 166 7.0
382 186 2.0
382 204 9.0
382 223 3.0
382 233 3.0
382 321 3.0
382 449 2.0
382 481 5.0
382 509 6.0
382 514 7.0
382 517 3.0
382 520 6.0
382 547 4.0
382 599 4.0
383 468 5.0
384 109 1.0
384 161 6.0
384 544 6.0
385 111 6.0
385 447 1.0
386 10 4.0
386 41 9.0
386 73 6.0
386 203 2.0
386 282 7.0
386 335 5.0
386 394 2.0
386 397 9.0
386 439 3.0
386 447 2.0
386 450 7.0
386 513 7.0
386 520 4.0
386 529 7.0
387 147 3.0
387 337 1.0
387 382 5.0
388 306 2.0
388 330 6.0
388 443 2.0
389 229 17.0
390 4 6.0
390 13 4.0
390 29 3.0
390 37 4.0
390 47 7.0
390 81 11.0
390 109 6.0
390 118 7.0
390 126 4.0
390 133 3.0
390 145 4.0
390 146 1.0
390 150 9.0
390 155 4.0
390 176 8.0
390 184 2.0
390 202 5.0
390 224 7.0
390 244 3.0
390 247 6.0
390 298 2.0
390 340 6.0
390 347 12.0
390 357 1.0
390 378 3.0
390 416 4.0
390 417 5.0
390 418 4.0
390 430 3.0
391 44 1.0
391 157 1.0
391 405 3.0
391 413 5.0
391 497 2.0
391 549 6.0
392 0 8.0
393 69 1.0
394 43 4.0
394 271 3.0
394 446 4.0
395 8 2.0
395 167 7.0
395 247 1.0
395 251 2.0
395 334 2.0
395 353 5.0
395 358 1.0
395 461 3.0
395 544 4.0
396 14 4.0
396 41 4.0
396 72 5.0
396 87 7.0
396 113 7.0
396 138 2.0
396 171 4.0
396 224 5.0
396 265 10.0
396 282 2.0
396 297 10.0
396 334 3.0
396 395 12.0
396 460 5.0
397 15 2.0
397 50 9.0
397 58 4.0
397 337 6.0
397 375 4.0
397 400 3.0
398 283 2.0
399 9 6.0
399 50 3.0
399 87 4.0
400 31 6.0
400 41 2.0
400 72 8.0
400 155 1.0
400 180 5.0
400 190 1.0
400 201 2.0
400 290 7.0
400 297 9.0
400 301 4.0
400 482 4.0
401 290 2.0
401 295 3.0
401 346 3.0
401 407 7.0
401 518 5.0
401 534 6.0
401 576 3.0
402 399 1.0
403 182 5.0
403 203 1.0
403 236 6.0
403 401 3.0
403 436 7.0
403 440 6.0
404 63 5.0
404 447 2.0
404 515 4.0
405 147 8.0
405 153 1.0
405 247 2.0
405 290 1.0
405 337 4.0
405 351 10.0
405 391 1.0
405 406 2.0
405 409 6.0
405 412 4.0
405 429 4.0
405 461 1.0
405 539 5.0
405 545 4.0
406 141 1.0
406 351 5.0
406 405 5.0
406 408 4.0
406 576 5.0
407 201 1.0
407 392 1.0
407 406 4.0
407 518 6.0
408 34 2.0
408 74 7.0
408 406 4.0
408 497 5.0
409 63 6.0
409 179 1.0
409 360 1.0
409 550 14.0
410 141 3.0
410 201 6.0
410 294 1.0
410 309 7.0
410 405 1.0
411 100 6.0
412 80 6.0
412 164 1.0
412 186 5.0
412 384 1.0
412 440 6.0
412 445 5.0
412 503 3.0
412 577 2.0
413 29 3.0
413 41 2.0
413 81 2.0
413 100 9.0
413 347 6.0
413 428 3.0
413 443 3.0
414 405 5.0
414 461 1.0
415 50 6.0
415 79 4.0
415 171 2.0
415 247 6.0
415 320 5.0
415 418 4.0
415 419 2.0
415 484 2.0
415 496 2.0
416 0 13.0
416 13 7.0
416 21 5.0
416 33 7.0
416 43 6.0
416 57 3.0
416 68 7.0
416 105 3.0
416 108 5.0
416 155 4.0
416 161 14.0
416 213 1.0
416 260 4.0
416 322 4.0
416 327 7.0
416 330 4.0
416 337 10.0
416 344 5.0
416 347 3.0
416 360 6.0
416 414 4.0
416 418 13.0
416 422 12.0
416 429 2.0
416 574 5.0
416 583 10.0
417 33 11.0
417 56 1.0
417 72 6.0
417 182 1.0
417 247 7.0
417 283 3.0
417 296 13.0
417 311 7.0
417 345 8.0
417 521 6.0
418 167 4.0
418 201 2.0
418 330 5.0
418 340 5.0
418 347 3.0
418 430 1.0
419 330 6.0
420 119 4.0
420 176 8.0
420 224 6.0
421 424 5.0
421 511 4.0
421 563 5.0
422 299 5.0
422 330 3.0
422 401 2.0
422 412 1.0
423 27 8.0
423 158 5.0
423 203 7.0
423 304 4.0
423 379 2.0
423 459 5.0
423 520 14.0
424 360 8.0
424 368 16.0
424 425 5.0
424 473 2.0
425 167 3.0
425 259 1.0
425 330 5.0
425 415 3.0
425 520 6.0
426 231 1.0
426 236 3.0
426 370 3.0
426 534 5.0
427 76 4.0
427 306 7.0
427 525 3.0
428 203 3.0
428 332 5.0
428 408 2.0
428 457 3.0
429 93 3.0
429 112 13.0
429 119 2.0
429 191 1.0
429 432 6.0
429 433 7.0
430 150 5.0
430 155 5.0
430 176 1.0
430 228 1.0
430 282 4.0
430 320 7.0
430 360 7.0
430 378 2.0
430 395 1.0
430 512 2.0
431 0 10.0
431 191 5.0
431 263 6.0
431 306 6.0
431 317 4.0
431 340 3.0
431 460 12.0
431 526 5.0
431 551 7.0
432 330 5.0
433 15 12.0
433 86 2.0
433 101 4.0
433 152 2.0
433 167 4.0
433 192 5.0
433 233 7.0
433 237 4.0
433 271 7.0
433 366 2.0
433 392 5.0
433 402 1.0
433 441 4.0
433 497 11.0
433 498 4.0
433 586 2.0
434 14 6.0
434 32 6.0
434 71 7.0
434 72 5.0
434 76 3.0
434 160 14.0
434 204 8.0
434 252 8.0
434 263 8.0
434 271 6.0
434 282 16.0
434 310 2.0
434 347 6.0
434 354 4.0
434 400 1.0
434 405 6.0
434 438 2.0
434 452 7.0
434 453 8.0
434 491 5.0
434 521 6.0
434 524 6.0
435 73 1.0
435 119 1.0
435 129 5.0
435 144 6.0
435 190 2.0
435 247 6.0
435 257 5.0
435 299 6.0
435 380 5.0
435 544 5.0
436 0 12.0
436 13 7.0
436 24 5.0
436 56 7.0
436 72 1.0
436 89 8.0
436 109 5.0
436 150 4.0
436 159 1.0
436 191 6.0
436 236 7.0
436 238 10.0
436 322 4.0
436 340 6.0
436 355 5.0
436 361 3.0
436 378 5.0
436 390 4.0
436 421 6.0
436 424 6.0
436 431 4.0
436 435 7.0
436 447 5.0
436 458 7.0
436 475 3.0
436 512 3.0
436 527 1.0
436 529 1.0
436 583 3.0
436 597 5.0
437 108 5.0
437 148 3.0
437 412 4.0
438 23 2.0
438 72 3.0
438 130 3.0
438 263 7.0
438 314 1.0
438 440 6.0
439 23 7.0
439 32 7.0
439 112 4.0
439 130 4.0
439 204 4.0
439 229 2.0
439 270 5.0
439 271 6.0
439 299 6.0
439 356 2.0
439 364 3.0
439 395 7.0
439 405 6.0
439 412 7.0
439 436 1.0
439 460 4.0
439 479 6.0
440 86 6.0
440 102 1.0
440 129 7.0
440 145 2.0
440 161 4.0
440 182 5.0
440 216 3.0
440 284 7.0
440 296 7.0
440 326 6.0
440 380 1.0
440 412 5.0
440 420 4.0
440 436 5.0
440 438 5.0
440 503 3.0
441 94 2.0
441 580 4.0
442 2 6.0
442 8 1.0
442 72 2.0
442 86 3.0
442 107 5.0
442 110 1.0
442 124 7.0
442 263 2.0
442 433 5.0
442 446 4.0
443 90 7.0
443 413 1.0
444 244 5.0
445 126 7.0
445 430 2.0
446 10 7.0
446 124 4.0
446 202 3.0
446 235 6.0
446 266 6.0
446 286 4.0
446 394 4.0
446 404 5.0
446 508 4.0
446 514 6.0
447 14 4.0
447 89 6.0
447 107 4.0
447 115 2.0
447 261 6.0
447 267 5.0
447 286 1.0
447 294 6.0
447 309 5.0
447 450 3.0
447 527 6.0
448 72 2.0
448 115 4.0
448 223 6.0
448 247 1.0
448 395 6.0
448 445 5.0
449 317 3.0
449 490 3.0
450 79 7.0
450 182 3.0
450 237 7.0
450 299 1.0
450 382 1.0
450 386 1.0
450 406 2.0
450 433 5.0
450 436 3.0
450 447 6.0
450 452 3.0
450 533 7.0
450 536 5.0
450 585 1.0
451 367 5.0
451 395 7.0
452 317 2.0
453 94 2.0
453 282 11.0
453 296 4.0
453 425 3.0
453 448 3.0
454 4 14.0
454 37 4.0
454 51 5.0
454 52 4.0
454 56 1.0
454 82 20.0
454 88 15.0
454 93 3.0
454 152 4.0
454 191 7.0
454 195 7.0
454 224 2.0
454 237 7.0
454 348 6.0
454 378 13.0
454 438 6.0
454 439 6.0
454 442 8.0
454 456 8.0
455 5 2.0
455 15 7.0
455 21 6.0
455 49 4.0
455 96 7.0
455 186 4.0
455 238 6.0
455 299 6.0
455 322 5.0
455 422 9.0
455 465 3.0
455 481 6.0
455 520 14.0
456 82 5.0
456 433 7.0
457 19 5.0
457 29 9.0
457 184 3.0
457 353 6.0
457 395 6.0
457 405 4.0
457 428 4.0
457 435 7.0
457 440 3.0
457 461 2.0
457 496 6.0
458 405 5.0
459 203 1.0
459 204 5.0
459 582 9.0
460 50 4.0
460 299 5.0
460 319 1.0
460 359 1.0
460 395 5.0
460 436 6.0
460 526 6.0
460 527 7.0
460 544 7.0
461 23 7.0
461 37 3.0
461 51 2.0
461 54 2.0
461 62 7.0
461 90 3.0
461 93 6.0
461 105 6.0
461 216 1.0
461 286 3.0
461 351 6.0
461 355 4.0
461 378 3.0
461 436 3.0
461 455 3.0
461 460 7.0
461 464 6.0
462 21 1.0
462 23 12.0
462 24 2.0
462 75 7.0
462 216 6.0
462 217 6.0
462 330 7.0
462 337 6.0
462 358 8.0
462 369 7.0
462 376 5.0
462 491 3.0
462 506 6.0
463 130 4.0
464 347 6.0
465 213 1.0
465 429 2.0
466 79 3.0
466 262 1.0
467 584 4.0
468 10 7.0
469 73 2.0
470 283 5.0
471 162 2.0
471 520 33.0
472 129 4.0
472 186 8.0
472 375 5.0
472 453 4.0
472 489 1.0
473 23 2.0
473 24 4.0
473 26 5.0
473 80 3.0
473 147 8.0
473 223 2.0
473 286 4.0
473 358 7.0
473 395 6.0
473 411 7.0
473 416 4.0
473 490 1.0
473 491 7.0
474 237 6.0
475 56 7.0
475 95 4.0
475 360 11.0
475 393 5.0
475 412 3.0
475 428 6.0
475 588 4.0
476 472 1.0
477 395 7.0
478 237 3.0
479 247 5.0
479 382 7.0
480 322 2.0
481 23 6.0
481 33 7.0
481 168 4.0
481 375 5.0
481 391 3.0
481 447 10.0
481 455 6.0
481 491 5.0
482 9 1.0
482 37 1.0
482 71 1.0
482 78 1.0
482 119 6.0
482 138 5.0
482 195 6.0
482 229 6.0
482 272 3.0
482 294 5.0
482 331 2.0
482 410 5.0
482 431 5.0
482 433 7.0
482 447 1.0
482 509 8.0
482 514 14.0
482 529 5.0
482 530 7.0
482 532 1.0
482 555 7.0
483 92 6.0
483 106 18.0
483 281 1.0
483 282 3.0
483 294 4.0
483 322 5.0
483 391 12.0
483 473 1.0
484 127 1.0
485 3 7.0
485 14 3.0
485 17 3.0
485 23 11.0
485 76 14.0
485 81 4.0
485 86 7.0
485 87 12.0
485 116 4.0
485 146 256.0
485 290 4.0
485 345 3.0
485 374 12.0
485 376 6.0
485 391 6.0
485 396 161.0
485 435 7.0
485 472 7.0
485 475 3.0
485 486 2.0
485 489 14.0
485 493 6.0
485 544 6.0
486 180 1.0
486 199 6.0
486 346 2.0
486 471 8.0
487 109 4.0
488 170 2.0
488 335 5.0
488 354 2.0
488 355 5.0
488 382 7.0
488 489 4.0
488 546 7.0
488 586 7.0
489 26 6.0
489 216 6.0
489 262 12.0
489 386 2.0
489 434 4.0
489 522 7.0
490 143 7.0
490 433 1.0
490 506 2.0
491 33 7.0
491 73 2.0
491 76 5.0
491 116 3.0
491 233 2.0
491 354 6.0
491 413 6.0
491 422 3.0
491 423 6.0
491 430 1.0
491 440 6.0
491 442 1.0
491 443 1.0
491 445 6.0
491 506 7.0
491 546 12.0
492 380 6.0
492 433 11.0
492 546 2.0
493 26 6.0
493 202 2.0
493 353 7.0
493 405 3.0
494 88 2.0
495 160 7.0
495 331 5.0
496 190 4.0
496 523 1.0
497 78 4.0
497 274 5.0
497 366 6.0
498 75 6.0
498 262 1.0
498 317 3.0
498 491 5.0
499 57 4.0
499 62 4.0
499 120 5.0
499 147 7.0
499 332 8.0
499 407 7.0
499 497 1.0
500 143 7.0
501 263 1.0
501 498 4.0
501 509 5.0
502 62 1.0
502 596 7.0
503 23 2.0
503 156 6.0
503 405 4.0
504 482 29.0
505 109 3.0
506 29 13.0
506 32 3.0
506 150 1.0
506 195 6.0
506 330 1.0
506 351 1.0
506 450 6.0
506 491 4.0
507 385 7.0
507 405 6.0
507 439 7.0
507 514 4.0
507 519 1.0
508 13 5.0
508 129 5.0
508 170 2.0
508 225 7.0
508 229 2.0
508 355 5.0
508 385 7.0
508 446 10.0
509 283 6.0
509 508 1.0
510 56 14.0
510 127 6.0
510 269 6.0
510 322 3.0
510 358 12.0
511 167 4.0
511 382 3.0
512 115 6.0
512 195 7.0
512 260 2.0
512 319 4.0
512 354 1.0
512 412 7.0
512 521 1.0
512 527 5.0
512 533 4.0
513 105 4.0
514 266 2.0
515 50 7.0
515 119 4.0
515 159 1.0
515 184 6.0
515 286 5.0
515 412 4.0
515 424 2.0
515 460 4.0
515 527 8.0
515 529 1.0
515 555 1.0
516 105 5.0
516 114 1.0
517 68 2.0
517 97 4.0
517 282 2.0
517 512 1.0
517 513 5.0
517 527 6.0
518 2 5.0
518 106 17.0
518 109 3.0
518 111 5.0
518 144 5.0
518 155 2.0
518 194 2.0
518 231 12.0
518 260 1.0
518 282 7.0
518 311 8.0
518 381 7.0
518 427 7.0
518 430 4.0
519 150 3.0
520 109 11.0
520 167 1.0
520 321 6.0
520 436 3.0
521 24 1.0
521 115 7.0
521 153 2.0
521 280 5.0
521 537 7.0
522 20 1.0
522 567 25.0
523 318 4.0
523 524 8.0
524 200 1.0
524 523 4.0
525 44 7.0
525 57 2.0
525 171 3.0
525 260 6.0
525 395 4.0
525 428 3.0
525 529 6.0
525 544 2.0
526 339 6.0
526 340 1.0
526 344 6.0
526 375 1.0
526 390 6.0
526 431 1.0
526 527 2.0
527 113 6.0
527 191 2.0
527 288 1.0
527 320 5.0
527 460 8.0
527 512 1.0
528 86 5.0
528 260 3.0
528 268 2.0
528 421 5.0
528 422 7.0
528 436 20.0
528 471 6.0
529 272 4.0
529 339 4.0
529 481 2.0
529 527 5.0
530 115 40.0
530 138 5.0
530 155 10.0
530 191 9.0
530 203 13.0
530 218 3.0
530 254 5.0
530 260 5.0
530 319 6.0
530 382 4.0
530 386 5.0
530 416 7.0
530 424 5.0
530 440 5.0
530 447 7.0
530 487 7.0
530 489 2.0
530 529 6.0
530 537 10.0
531 171 3.0
531 390 5.0
531 436 6.0
531 577 10.0
532 401 5.0
532 482 18.0
532 537 2.0
533 534 5.0
535 24 4.0
535 129 4.0
535 247 7.0
535 260 2.0
535 459 7.0
536 182 4.0
536 319 7.0
536 465 5.0
537 521 5.0
537 529 3.0
538 203 2.0
539 226 4.0
539 529 4.0
540 517 4.0
541 40 6.0
541 251 7.0
542 213 2.0
542 330 6.0
542 414 7.0
542 434 6.0
543 143 7.0
543 601 5.0
544 266 9.0
544 412 1.0
545 195 1.0
546 40 4.0
546 506 4.0
547 364 3.0
548 20 8.0
548 251 1.0
548 433 8.0
548 501 4.0
